0 0.0609375 0.82421875 0.04609375 0.0703125
0 0.11015625 0.809375 0.046875 0.076171875
0 0.130859375 0.6921875 0.087890625 0.05859375
0 0.168359375 0.721875 0.06328125 0.056640625
0 0.053125 0.60390625 0.059375 0.0734375
0 0.035546875 0.642578125 0.07109375 0.056640625
0 0.013671875 0.675 0.02734375 0.03125
0 0.24296875 0.79375 0.052734375 0.078125
0 0.281640625 0.869140625 0.0515625 0.0859375
0 0.30625 0.7859375 0.04765625 0.0859375
0 0.342578125 0.83515625 0.051171875 0.0796875
0 0.3671875 0.862109375 0.045703125 0.07265625
0 0.40625 0.860546875 0.048828125 0.071484375
0 0.4359375 0.8109375 0.040625 0.0671875
0 0.451953125 0.880859375 0.056640625 0.06015625
0 0.468359375 0.86171875 0.048828125 0.06328125
0 0.489453125 0.8203125 0.046875 0.07734375
0 0.520703125 0.8640625 0.06328125 0.057421875
0 0.54609375 0.82265625 0.05 0.058984375
0 0.575 0.80390625 0.065234375 0.044140625
0 0.367578125 0.691015625 0.073046875 0.056640625
0 0.031640625 0.477734375 0.06328125 0.06328125
0 0.212890625 0.458203125 0.0546875 0.06953125
0 0.28125 0.448046875 0.065234375 0.07265625
0 0.3375 0.55234375 0.0828125 0.0453125
0 0.3921875 0.575 0.0546875 0.0796875
0 0.3515625 0.506640625 0.06875 0.0515625
0 0.348828125 0.4359375 0.065625 0.0625
0 0.069921875 0.279296875 0.071875 0.0625
0 0.2625 0.396875 0.08515625 0.048828125
0 0.259375 0.35234375 0.07265625 0.052734375
0 0.236328125 0.292578125 0.044921875 0.079296875
0 0.321875 0.3453125 0.045703125 0.0609375
0 0.36171875 0.33828125 0.059375 0.054296875
0 0.34453125 0.39140625 0.07421875 0.047265625
0 0.026953125 0.2359375 0.053515625 0.058984375
0 0.049609375 0.205078125 0.071875 0.053125
0 0.097265625 0.191796875 0.049609375 0.0765625
0 0.155078125 0.2109375 0.07265625 0.0796875
0 0.01484375 0.159375 0.0296875 0.059375
0 0.032421875 0.13828125 0.0515625 0.082421875
0 0.04609375 0.084375 0.0671875 0.0484375
0 0.080078125 0.112890625 0.043359375 0.0765625
0 0.12109375 0.11875 0.055078125 0.10390625
0 0.212890625 0.15 0.07109375 0.0796875
0 0.17421875 0.100390625 0.0625 0.046484375
0 0.227734375 0.11328125 0.0375 0.06953125
0 0.266015625 0.1078125 0.044140625 0.07890625
0 0.319140625 0.08671875 0.078125 0.045703125
0 0.312109375 0.194921875 0.068359375 0.037890625
0 0.3390625 0.229296875 0.075 0.06328125
0 0.355078125 0.271484375 0.08984375 0.06328125
0 0.44140625 0.236328125 0.09765625 0.065234375
0 0.272265625 0.180859375 0.038671875 0.07109375
0 0.316015625 0.15625 0.06171875 0.041015625
0 0.36328125 0.178515625 0.046875 0.053515625
0 0.4140625 0.19765625 0.06171875 0.054296875
0 0.38984375 0.123828125 0.060546875 0.0921875
0 0.45703125 0.11171875 0.0578125 0.06171875
0 0.465625 0.171875 0.08046875 0.0640625
0 0.527734375 0.11484375 0.0515625 0.08828125
0 0.5921875 0.259765625 0.058984375 0.085546875
0 0.603515625 0.1546875 0.068359375 0.0578125
0 0.606640625 0.106640625 0.0765625 0.0453125
0 0.666015625 0.134375 0.0578125 0.0578125
0 0.65703125 0.185546875 0.06796875 0.0546875
0 0.6671875 0.254296875 0.06796875 0.07734375
0 0.715625 0.11171875 0.047265625 0.06640625
0 0.76484375 0.1203125 0.053125 0.071484375
0 0.76015625 0.20234375 0.06484375 0.09375
0 0.744921875 0.244921875 0.05859375 0.07421875
0 0.7921875 0.174609375 0.065234375 0.051953125
0 0.8171875 0.10859375 0.063671875 0.058984375
0 0.8640625 0.121875 0.049609375 0.071484375
0 0.910546875 0.10546875 0.056640625 0.05859375
0 0.88828125 0.15703125 0.054296875 0.05
0 0.933984375 0.1609375 0.0515625 0.06875
0 0.941796875 0.11640625 0.040625 0.07421875
0 0.976171875 0.11015625 0.0390625 0.057421875
0 0.969140625 0.201171875 0.053515625 0.078125
0 0.957421875 0.262890625 0.079296875 0.06796875
0 0.83203125 0.228125 0.060546875 0.062109375
0 0.9078125 0.211328125 0.076171875 0.046875
0 0.86875 0.246484375 0.06953125 0.054296875
0 0.88984375 0.276953125 0.05625 0.06015625
0 0.896484375 0.51796875 0.050390625 0.0703125
0 0.99453125 0.551953125 0.0109375 0.03828125
0 0.990625 0.332421875 0.01875 0.040234375
0 0.968359375 0.623046875 0.06328125 0.04921875
0 0.9625 0.68828125 0.075 0.071875
0 0.996484375 0.716015625 0.006640625 0.0453125
0 0.978515625 0.7671875 0.042578125 0.071484375
0 0.963671875 0.793359375 0.072265625 0.055859375
0 0.933203125 0.834375 0.054296875 0.07734375
0 0.97734375 0.85078125 0.0453125 0.05625
0 0.89453125 0.8609375 0.054296875 0.08203125
0 0.84453125 0.8171875 0.046484375 0.077734375
0 0.88359375 0.768359375 0.06796875 0.0546875
0 0.80546875 0.710546875 0.0453125 0.058984375
0 0.761328125 0.722265625 0.038671875 0.0703125
0 0.794140625 0.764453125 0.0625 0.044140625
0 0.753515625 0.84140625 0.043359375 0.069921875
0 0.708203125 0.845703125 0.06328125 0.05625
0 0.684765625 0.82265625 0.058984375 0.07890625
0 0.723828125 0.79296875 0.059375 0.043359375
0 0.72109375 0.709375 0.051953125 0.062109375
0 0.734375 0.7609375 0.0765625 0.0578125
0 0.679296875 0.708203125 0.06171875 0.055078125
0 0.459765625 0.696484375 0.056640625 0.076171875
0 0.510546875 0.6953125 0.079296875 0.080859375
0 0.576953125 0.72578125 0.046484375 0.07421875
0 0.612109375 0.719921875 0.035546875 0.07734375
0 0.6078125 0.78359375 0.0390625 0.068359375
0 0.63671875 0.8609375 0.0421875 0.07109375
0 0.596875 0.88125 0.049609375 0.042578125
0 0.594140625 0.836328125 0.056640625 0.05
0 0.55546875 0.88046875 0.056640625 0.0546875