0 0.34609375 0.7171875 0.0828125 0.05625
0 0.581640625 0.559765625 0.06171875 0.07265625
0 0.512890625 0.901953125 0.08046875 0.05390625
0 0.758203125 0.721875 0.04921875 0.0875
0 0.840625 0.870703125 0.0921875 0.06796875
0 0.927734375 0.400390625 0.05546875 0.07890625
0 0.9734375 0.382421875 0.053125 0.07265625
0 0.28359375 0.525 0.0609375 0.05625
0 0.4296875 0.373046875 0.0625 0.06796875
0 0.450390625 0.334765625 0.08046875 0.05859375
0 0.851171875 0.251953125 0.04921875 0.07734375
0 0.9265625 0.232421875 0.06875 0.04296875
0 0.2703125 0.377734375 0.078125 0.06171875
0 0.236328125 0.423046875 0.06328125 0.04765625
0 0.24765625 0.76328125 0.0609375 0.0640625
0 0.207421875 0.801171875 0.05078125 0.05703125
0 0.21328125 0.5046875 0.059375 0.06640625
0 0.212890625 0.511328125 0.05859375 0.06015625
0 0.2203125 0.57578125 0.0609375 0.059375
0 0.24296875 0.608203125 0.059375 0.06015625
0 0.236328125 0.3078125 0.07734375 0.040625
0 0.2703125 0.32578125 0.0609375 0.0484375
0 0.326171875 0.315234375 0.06796875 0.05859375
0 0.377734375 0.31484375 0.06328125 0.071875
0 0.764453125 0.228515625 0.07421875 0.05234375
0 0.68515625 0.20234375 0.065625 0.053125
0 0.946875 0.1890625 0.053125 0.0609375
0 0.9171875 0.187109375 0.0578125 0.04453125
0 0.981640625 0.16484375 0.03671875 0.0640625
0 0.44609375 0.287890625 0.0671875 0.04453125
0 0.4890625 0.275 0.0734375 0.05625
0 0.20078125 0.369921875 0.0640625 0.05390625
0 0.748046875 0.1609375 0.05078125 0.0546875
0 0.798828125 0.18671875 0.06953125 0.0515625
0 0.815625 0.13203125 0.053125 0.0625
0 0.848828125 0.15234375 0.05859375 0.0640625
0 0.908203125 0.135546875 0.06796875 0.05078125
0 0.924609375 0.101953125 0.07265625 0.04296875
0 0.468359375 0.2171875 0.06015625 0.08125
0 0.40625 0.27265625 0.0734375 0.05625
0 0.1421875 0.3375 0.06328125 0.04765625
0 0.137890625 0.33125 0.05390625 0.06875
0 0.19140625 0.2734375 0.05859375 0.05078125
0 0.1875 0.267578125 0.06875 0.04765625
0 0.17109375 0.8953125 0.056640625 0.03125
0 0.11171875 0.8640625 0.04609375 0.04296875
0 0.140234375 0.875390625 0.04375 0.028125
0 0.1609375 0.844140625 0.07421875 0.03046875
0 0.105078125 0.8265625 0.0421875 0.034375
0 0.09609375 0.780859375 0.0421875 0.040234375
0 0.141015625 0.816015625 0.05390625 0.034375
0 0.208984375 0.73984375 0.05859375 0.06328125
0 0.16171875 0.771484375 0.0515625 0.048828125
0 0.0890625 0.741796875 0.0390625 0.03984375
0 0.124609375 0.7453125 0.03984375 0.04296875
0 0.08671875 0.70703125 0.0390625 0.037109375
0 0.12734375 0.71015625 0.04765625 0.03125
0 0.1671875 0.69921875 0.0390625 0.04296875
0 0.203125 0.69765625 0.046875 0.03046875
0 0.23203125 0.67421875 0.059375 0.0671875
0 0.08046875 0.66875 0.03828125 0.0390625
0 0.10859375 0.659375 0.041015625 0.037109375
0 0.1453125 0.651953125 0.048828125 0.04375
0 0.184375 0.65703125 0.046875 0.0390625
0 0.0734375 0.61953125 0.0390625 0.03828125
0 0.115625 0.6171875 0.03984375 0.03125
0 0.16484375 0.6140625 0.052734375 0.0390625
0 0.078125 0.5625 0.02734375 0.060546875
0 0.10625 0.56640625 0.04296875 0.041015625
0 0.126953125 0.591796875 0.044921875 0.0390625
0 0.173828125 0.59375 0.056640625 0.0390625
0 0.0921875 0.52734375 0.05390625 0.033203125
0 0.1390625 0.553125 0.08125 0.03203125
0 0.159375 0.53828125 0.072265625 0.041015625
0 0.156640625 0.50703125 0.05390625 0.02734375
0 0.095703125 0.495703125 0.052734375 0.0359375
0 0.098046875 0.45546875 0.03828125 0.03828125
0 0.09140625 0.418359375 0.0421875 0.0421875
0 0.13515625 0.419921875 0.05 0.046875
0 0.17890625 0.4390625 0.0703125 0.03828125
0 0.180078125 0.4109375 0.059375 0.029296875
0 0.0875 0.3765625 0.03828125 0.05
0 0.14375 0.378125 0.072265625 0.0390625
0 0.0890625 0.319921875 0.056640625 0.05546875
0 0.15234375 0.473046875 0.05859375 0.03203125
0 0.08125 0.2671875 0.041015625 0.03203125
0 0.113671875 0.277734375 0.0515625 0.03828125
0 0.087890625 0.23125 0.03515625 0.037109375
0 0.132421875 0.24140625 0.04609375 0.033203125
0 0.083984375 0.20078125 0.033203125 0.0421875
0 0.120703125 0.20859375 0.04609375 0.034375
0 0.155859375 0.207421875 0.04375 0.04609375
0 0.183203125 0.222265625 0.0421875 0.0359375
0 0.225 0.2515625 0.04375 0.0671875
0 0.269140625 0.2703125 0.03984375 0.05859375
0 0.3140625 0.2609375 0.04609375 0.05078125
0 0.35859375 0.265234375 0.0390625 0.04609375
0 0.07421875 0.123046875 0.048828125 0.046875
0 0.06796875 0.084375 0.0515625 0.04375
0 0.09296875 0.08359375 0.0625 0.05546875
0 0.12578125 0.064453125 0.03515625 0.064453125
0 0.15078125 0.073828125 0.03203125 0.06953125
0 0.18515625 0.09375 0.03046875 0.0703125
0 0.202734375 0.0671875 0.0578125 0.048828125
0 0.25078125 0.1296875 0.056640625 0.04296875
0 0.240234375 0.1046875 0.0546875 0.03515625
0 0.22890625 0.06640625 0.04609375 0.041015625
0 0.27265625 0.06875 0.060546875 0.03828125
0 0.340234375 0.1234375 0.0578125 0.06171875
0 0.319921875 0.10546875 0.0359375 0.029296875
0 0.32734375 0.06875 0.0390625 0.04765625
0 0.378515625 0.0625 0.05546875 0.037109375
0 0.4265625 0.0671875 0.044921875 0.046875
0 0.396484375 0.1421875 0.04296875 0.034375
0 0.4484375 0.148046875 0.052734375 0.034375
0 0.435546875 0.11171875 0.03515625 0.0359375
0 0.461328125 0.078515625 0.04765625 0.0515625
0 0.4953125 0.059375 0.046875 0.041015625
0 0.507421875 0.10703125 0.03984375 0.04609375
0 0.53046875 0.0859375 0.04296875 0.041015625
0 0.547265625 0.06171875 0.04765625 0.044921875
0 0.562109375 0.054296875 0.03203125 0.05
0 0.590234375 0.1328125 0.04375 0.072265625
0 0.6078125 0.101171875 0.05390625 0.04375
0 0.598046875 0.055078125 0.03984375 0.03984375
0 0.6375 0.058984375 0.0390625 0.05546875
0 0.08515625 0.17109375 0.048828125 0.04296875
0 0.14140625 0.17421875 0.0703125 0.04609375
0 0.138671875 0.12578125 0.05859375 0.04296875
0 0.19609375 0.1890625 0.056640625 0.05546875
0 0.2015625 0.1328125 0.05546875 0.05859375
0 0.228125 0.16328125 0.0671875 0.03515625
0 0.25859375 0.212890625 0.056640625 0.052734375
0 0.284375 0.11171875 0.048828125 0.0515625
0 0.391015625 0.10625 0.03828125 0.037109375
0 0.308203125 0.214453125 0.03203125 0.03828125
0 0.30703125 0.172265625 0.04375 0.03046875
0 0.36171875 0.225 0.05390625 0.04375
0 0.341796875 0.20546875 0.0390625 0.0359375
0 0.406640625 0.221875 0.03828125 0.037109375
0 0.373046875 0.17734375 0.037109375 0.03984375
0 0.42109375 0.1765625 0.0390625 0.0390625
0 0.47890625 0.1140625 0.04609375 0.03125
0 0.5046875 0.1625 0.0546875 0.0671875
0 0.54609375 0.14140625 0.046875 0.056640625
0 0.616796875 0.16484375 0.0421875 0.07421875
0 0.64609375 0.1921875 0.034375 0.080078125
0 0.648828125 0.12265625 0.0359375 0.0671875
0 0.660546875 0.06953125 0.03828125 0.05859375
0 0.69375 0.148828125 0.05390625 0.05546875
0 0.684375 0.096875 0.048828125 0.037109375
0 0.71796875 0.0859375 0.041015625 0.0546875
0 0.70703125 0.0546875 0.064453125 0.04296875
0 0.761328125 0.115625 0.065625 0.04765625
0 0.754296875 0.0796875 0.059375 0.0515625
0 0.780859375 0.062890625 0.0578125 0.04375
0 0.84609375 0.08984375 0.065625 0.05078125
0 0.844140625 0.05078125 0.05546875 0.04296875
0 0.809375 0.0875 0.04296875 0.0515625
0 0.90234375 0.066015625 0.044921875 0.065625
0 0.952734375 0.066015625 0.0578125 0.0421875
0 0.98515625 0.10078125 0.029296875 0.08203125