0 0.98515625 0.105078125 0.0296875 0.0859375
0 0.95546875 0.10859375 0.05390625 0.09453125
0 0.93515625 0.206640625 0.053515625 0.076171875
0 0.923046875 0.330078125 0.063671875 0.074609375
0 0.890625 0.081640625 0.0734375 0.06484375
0 0.8046875 0.065234375 0.066796875 0.060546875
0 0.80390625 0.1109375 0.076953125 0.05546875
0 0.769921875 0.08515625 0.05703125 0.069921875
0 0.738671875 0.140234375 0.0875 0.05625
0 0.725 0.097265625 0.058984375 0.05625
0 0.674609375 0.06875 0.08203125 0.06015625
0 0.6109375 0.080859375 0.08046875 0.07109375
0 0.575 0.135546875 0.091015625 0.0578125
0 0.53359375 0.087109375 0.072265625 0.071875
0 0.487890625 0.1234375 0.07265625 0.09140625
0 0.438671875 0.303515625 0.066796875 0.079296875
0 0.271875 0.08046875 0.090625 0.062890625
0 0.23046875 0.08515625 0.071484375 0.0765625
0 0.113671875 0.11796875 0.06328125 0.083984375
0 0.14765625 0.09296875 0.0734375 0.053515625
0 0.16171875 0.123046875 0.080078125 0.04609375
0 0.164453125 0.162890625 0.081640625 0.058203125
0 0.1046875 0.22578125 0.057421875 0.0796875
0 0.195703125 0.3078125 0.065234375 0.0828125
0 0.1328125 0.296875 0.082421875 0.058203125
0 0.15 0.347265625 0.068359375 0.075390625
0 0.098828125 0.3578125 0.056640625 0.074609375
0 0.098828125 0.398828125 0.072265625 0.04375
0 0.0828125 0.43359375 0.051171875 0.06484375
0 0.110546875 0.4359375 0.046484375 0.051171875
0 0.180859375 0.465625 0.0828125 0.07109375
0 0.14921875 0.448046875 0.06796875 0.054296875
0 0.13984375 0.468359375 0.051953125 0.058984375
0 0.098046875 0.4765625 0.080078125 0.048828125
0 0.118359375 0.5140625 0.066796875 0.05
0 0.1546875 0.5328125 0.06953125 0.064453125
0 0.0734375 0.569140625 0.05703125 0.062109375
0 0.083984375 0.537890625 0.04765625 0.05390625
0 0.142578125 0.584765625 0.112109375 0.059765625
0 0.102734375 0.596484375 0.0609375 0.06484375
0 0.101171875 0.648046875 0.080859375 0.047265625
0 0.13046875 0.637890625 0.065234375 0.066796875
0 0.176171875 0.621875 0.058984375 0.060546875
0 0.189453125 0.680078125 0.073828125 0.0734375
0 0.13984375 0.699609375 0.061328125 0.07578125
0 0.0875 0.736328125 0.063671875 0.05703125
0 0.184765625 0.731640625 0.062890625 0.06015625
0 0.221875 0.744921875 0.06328125 0.0734375
0 0.16328125 0.8109375 0.090234375 0.06953125
0 0.135546875 0.784375 0.053515625 0.0625
0 0.09375 0.82265625 0.065234375 0.055078125
0 0.18046875 0.8390625 0.069140625 0.049609375
0 0.115234375 0.857421875 0.05078125 0.05390625
0 0.13828125 0.887890625 0.077734375 0.041796875
0 0.1515625 0.864453125 0.065625 0.055859375
0 0.635546875 0.8875 0.080078125 0.074609375
0 0.471484375 0.9046875 0.108203125 0.06484375
0 0.230859375 0.51328125 0.071875 0.0703125
0 0.297265625 0.558984375 0.087109375 0.07265625
0 0.31171875 0.497265625 0.080078125 0.059765625
0 0.3109375 0.695703125 0.103515625 0.06640625
0 0.387890625 0.628515625 0.090625 0.05625
0 0.484375 0.5515625 0.06875 0.072265625
0 0.4171875 0.53203125 0.0921875 0.059765625
0 0.368359375 0.533203125 0.062890625 0.075
0 0.393359375 0.57265625 0.07109375 0.0828125
0 0.780078125 0.699609375 0.065234375 0.072265625
0 0.9359375 0.740234375 0.094921875 0.073828125