0 0.985546875 0.06484375 0.02890625 0.033984375
0 0.9828125 0.096875 0.033984375 0.051171875
0 0.9796875 0.14921875 0.040625 0.07890625
0 0.990234375 0.179296875 0.01953125 0.05703125
0 0.980078125 0.293359375 0.03984375 0.06953125
0 0.855078125 0.3640625 0.076953125 0.050390625
0 0.79609375 0.365625 0.066796875 0.08828125
0 0.748046875 0.229296875 0.062109375 0.07890625
0 0.93359375 0.131640625 0.0640625 0.09140625
0 0.8875 0.06875 0.092578125 0.062890625
0 0.71484375 0.15234375 0.08125 0.069140625
0 0.6703125 0.128515625 0.0578125 0.083984375
0 0.616796875 0.13125 0.076171875 0.059765625
0 0.607421875 0.080859375 0.075390625 0.081640625
0 0.515234375 0.1 0.09765625 0.0609375
0 0.553515625 0.165625 0.065234375 0.090234375
0 0.598828125 0.29296875 0.078125 0.06328125
0 0.5390625 0.319921875 0.06953125 0.092578125
0 0.70625 0.48828125 0.06953125 0.06640625
0 0.472265625 0.6203125 0.065234375 0.06953125
0 0.444140625 0.6546875 0.08515625 0.05390625
0 0.4453125 0.704296875 0.083984375 0.07890625
0 0.83984375 0.594921875 0.06015625 0.080859375
0 0.794140625 0.6109375 0.058984375 0.080078125
0 0.76640625 0.646484375 0.06171875 0.075
0 0.972265625 0.798046875 0.05546875 0.0625
0 0.979296875 0.84375 0.04140625 0.047265625
0 0.98046875 0.87421875 0.038671875 0.04765625
0 0.98515625 0.914453125 0.0296875 0.046484375
0 0.95625 0.908203125 0.05390625 0.06171875
0 0.9453125 0.8453125 0.061328125 0.075390625
0 0.91953125 0.809765625 0.063671875 0.061328125
0 0.890625 0.857421875 0.062109375 0.06328125
0 0.92578125 0.901953125 0.065234375 0.071875
0 0.8921875 0.9078125 0.06015625 0.060546875
0 0.845703125 0.9125 0.062890625 0.0515625
0 0.787109375 0.912109375 0.06875 0.04921875
0 0.7234375 0.9125 0.08125 0.046484375
0 0.815625 0.88828125 0.051171875 0.069921875
0 0.841796875 0.862890625 0.0671875 0.0625
0 0.830859375 0.81640625 0.0625 0.06328125
0 0.875390625 0.801171875 0.05625 0.0875
0 0.785546875 0.82421875 0.07265625 0.05546875
0 0.7703125 0.866015625 0.075 0.072265625
0 0.737890625 0.86953125 0.05546875 0.0765625
0 0.696875 0.86796875 0.05234375 0.073046875
0 0.78125 0.777734375 0.08046875 0.0640625
0 0.83671875 0.76484375 0.083203125 0.0625
0 0.6625 0.89375 0.055078125 0.084765625
0 0.629296875 0.895703125 0.05625 0.078125
0 0.59375 0.8796875 0.064453125 0.049609375
0 0.555078125 0.8984375 0.0484375 0.070703125
0 0.50546875 0.90703125 0.083203125 0.0484375
0 0.466796875 0.873828125 0.078125 0.05625
0 0.596484375 0.83828125 0.0609375 0.077734375
0 0.555078125 0.8390625 0.0484375 0.076953125
0 0.51640625 0.868359375 0.06796875 0.04609375
0 0.515625 0.823828125 0.068359375 0.05546875
0 0.537890625 0.789453125 0.066796875 0.0703125
0 0.48203125 0.784375 0.069140625 0.0640625
0 0.469140625 0.8375 0.07578125 0.054296875
0 0.41953125 0.769921875 0.06953125 0.08359375
0 0.138671875 0.870703125 0.057421875 0.041796875
0 0.093359375 0.871484375 0.073828125 0.0375
0 0.016015625 0.859375 0.031640625 0.052734375
0 0.038671875 0.42109375 0.0671875 0.067578125
0 0.0171875 0.0828125 0.033984375 0.058203125
0 0.028515625 0.149609375 0.047265625 0.09296875
0 0.01796875 0.20859375 0.0359375 0.0859375
0 0.047265625 0.0875 0.05859375 0.0828125
0 0.0765625 0.13125 0.0625 0.080078125
0 0.101953125 0.08359375 0.058984375 0.071875
0 0.150390625 0.075 0.066796875 0.057421875
0 0.16484375 0.1109375 0.076953125 0.05
0 0.19453125 0.148046875 0.068359375 0.072265625
0 0.149609375 0.144140625 0.05859375 0.084375
0 0.123828125 0.16171875 0.071484375 0.075390625
0 0.158203125 0.234375 0.058984375 0.09296875
0 0.194921875 0.198046875 0.059765625 0.090625
0 0.2265625 0.277734375 0.0984375 0.069921875
0 0.20078125 0.080078125 0.054296875 0.068359375
0 0.234375 0.076953125 0.05234375 0.078515625
0 0.269140625 0.080078125 0.058203125 0.06953125
0 0.24765625 0.13125 0.050390625 0.08359375
0 0.303125 0.06953125 0.054296875 0.046484375
0 0.351171875 0.080078125 0.063671875 0.072265625
0 0.328125 0.1 0.075 0.051171875
0 0.2875 0.125 0.06640625 0.0515625
0 0.334375 0.129296875 0.059765625 0.0546875
0 0.267578125 0.165625 0.07265625 0.059375
0 0.313671875 0.170703125 0.075390625 0.05859375
0 0.338671875 0.153125 0.05703125 0.08828125
0 0.3828125 0.134765625 0.05859375 0.09296875
0 0.31171875 0.218359375 0.067578125 0.0703125