0 0.128515625 0.8609375 0.08671875 0.053515625
0 0.283203125 0.85390625 0.0625 0.071875
0 0.344921875 0.8390625 0.046484375 0.066015625
0 0.375 0.862109375 0.068359375 0.05234375
0 0.439453125 0.827734375 0.075390625 0.05078125
0 0.453515625 0.76328125 0.05546875 0.075
0 0.38984375 0.74765625 0.075390625 0.053515625
0 0.346484375 0.77578125 0.05625 0.07265625
0 0.377734375 0.8046875 0.051171875 0.07421875
0 0.21015625 0.70390625 0.0625 0.065234375
0 0.012890625 0.612890625 0.02578125 0.0515625
0 0.012109375 0.651953125 0.02421875 0.04609375
0 0.056640625 0.648828125 0.06015625 0.0796875
0 0.01328125 0.3265625 0.0265625 0.033984375
0 0.020703125 0.3671875 0.04140625 0.0625
0 0.0109375 0.405078125 0.021875 0.05234375
0 0.050390625 0.4140625 0.0609375 0.06953125
0 0.077734375 0.353515625 0.069140625 0.065234375
0 0.05078125 0.51328125 0.05859375 0.075
0 0.104296875 0.568359375 0.05625 0.083203125
0 0.136328125 0.6125 0.05625 0.075
0 0.18046875 0.61640625 0.05625 0.08046875
0 0.244921875 0.60703125 0.051953125 0.0796875
0 0.216015625 0.50859375 0.071484375 0.046875
0 0.21875 0.5609375 0.051953125 0.07109375
0 0.2546875 0.5359375 0.05859375 0.062890625