0 0.04140625 0.065625 0.0609375 0.078125
0 0.008984375 0.07578125 0.01640625 0.0703125
0 0.415234375 0.050390625 0.04765625 0.03984375
0 0.46484375 0.059375 0.05625 0.0578125
0 0.507421875 0.05625 0.06953125 0.0671875
0 0.589453125 0.062109375 0.05859375 0.08984375
0 0.725390625 0.062890625 0.07109375 0.06640625
0 0.950390625 0.054296875 0.09296875 0.05078125
0 0.49140625 0.148828125 0.04375 0.10390625
0 0.305859375 0.35234375 0.05078125 0.071875
0 0.54921875 0.3859375 0.0578125 0.0921875
0 0.4546875 0.548046875 0.05 0.08046875
0 0.00703125 0.807421875 0.0125 0.05703125
0 0.103515625 0.898828125 0.08046875 0.05546875
0 0.158203125 0.898828125 0.05078125 0.06640625
0 0.21640625 0.902734375 0.078125 0.05703125
0 0.3265625 0.89375 0.0609375 0.0578125
0 0.375 0.88828125 0.06875 0.0578125
0 0.368359375 0.808984375 0.07265625 0.07734375
0 0.466015625 0.84765625 0.06171875 0.075
0 0.638671875 0.76171875 0.05859375 0.075
0 0.658984375 0.865625 0.07421875 0.046875
0 0.662890625 0.89921875 0.08984375 0.0390625
0 0.769921875 0.891015625 0.06640625 0.05546875
0 0.8015625 0.81484375 0.05625 0.0734375
0 0.827734375 0.862109375 0.07734375 0.04921875
0 0.855078125 0.898828125 0.06953125 0.04921875
0 0.93671875 0.876953125 0.0578125 0.08203125
0 0.9859375 0.873828125 0.028125 0.07578125