0 0.946484375 0.826171875 0.059765625 0.071875
0 0.813671875 0.8203125 0.07578125 0.05859375
0 0.971875 0.838671875 0.05625 0.05234375
0 0.90625 0.878125 0.05703125 0.05
0 0.737109375 0.834765625 0.064453125 0.076171875
0 0.6421875 0.5390625 0.0609375 0.06171875
0 0.851953125 0.459375 0.0515625 0.069140625
0 0.820703125 0.4953125 0.053515625 0.065625
0 0.290234375 0.8984375 0.058984375 0.05234375
0 0.35390625 0.861328125 0.073046875 0.06796875
0 0.45859375 0.83203125 0.053515625 0.07734375
0 0.508984375 0.715625 0.04765625 0.06328125
0 0.537890625 0.769140625 0.06015625 0.07109375
0 0.319140625 0.767578125 0.066015625 0.069140625
0 0.347265625 0.546484375 0.0609375 0.056640625
0 0.3234375 0.49296875 0.07890625 0.0484375
0 0.31796875 0.091796875 0.04453125 0.0484375
0 0.287109375 0.100390625 0.04765625 0.056640625
0 0.354296875 0.105078125 0.061328125 0.04765625
0 0.384375 0.126171875 0.058203125 0.058984375
0 0.15546875 0.11328125 0.03359375 0.047265625
0 0.180078125 0.1125 0.04296875 0.06015625
0 0.20703125 0.105078125 0.041796875 0.0546875
0 0.244140625 0.09140625 0.05546875 0.054296875
0 0.1640625 0.14296875 0.058984375 0.03359375
0 0.225390625 0.1375 0.0546875 0.04765625
0 0.261328125 0.133203125 0.051953125 0.05
0 0.319921875 0.13125 0.086328125 0.05234375
0 0.316796875 0.131640625 0.081640625 0.04921875
0 0.2796875 0.17578125 0.0640625 0.061328125
0 0.351171875 0.69453125 0.06484375 0.062890625
0 0.305078125 0.61328125 0.061328125 0.037890625
0 0.373046875 0.602734375 0.073046875 0.040625
0 0.233984375 0.63125 0.073046875 0.04765625
0 0.280078125 0.683203125 0.08046875 0.0515625
0 0.30078125 0.6484375 0.0796875 0.0515625
0 0.3640625 0.651953125 0.0609375 0.0421875
0 0.169921875 0.78359375 0.04453125 0.048828125
0 0.256640625 0.536328125 0.06171875 0.046484375
0 0.305078125 0.547265625 0.05859375 0.056640625
0 0.30625 0.337890625 0.057421875 0.06328125
0 0.405859375 0.246875 0.046875 0.058984375
0 0.35859375 0.205078125 0.06015625 0.05
0 0.36640625 0.170703125 0.051953125 0.0453125
0 0.38984375 0.19375 0.0671875 0.045703125
0 0.27890625 0.226171875 0.05859375 0.063671875
0 0.21953125 0.276171875 0.055078125 0.045703125
0 0.350390625 0.2421875 0.06875 0.046875
0 0.179296875 0.17265625 0.06328125 0.05390625
0 0.248046875 0.190625 0.06171875 0.04375
0 0.20859375 0.19609375 0.04140625 0.0421875
0 0.241796875 0.225 0.054296875 0.0453125
0 0.19921875 0.227734375 0.051953125 0.0546875
0 0.26171875 0.28125 0.03828125 0.05625
0 0.29140625 0.2859375 0.04453125 0.0515625
0 0.232421875 0.316796875 0.04609375 0.051171875
0 0.26796875 0.3203125 0.04296875 0.056640625
0 0.26015625 0.41484375 0.049609375 0.064453125
0 0.25234375 0.46953125 0.0609375 0.0515625
0 0.21484375 0.56953125 0.074609375 0.04453125
0 0.19375 0.59921875 0.06953125 0.046875
0 0.153125 0.6203125 0.04296875 0.046875
0 0.245703125 0.708984375 0.05625 0.06015625
0 0.986328125 0.083203125 0.026953125 0.04921875
0 0.96953125 0.098046875 0.03671875 0.050390625
0 0.982421875 0.14765625 0.03515625 0.0578125
0 0.98828125 0.116015625 0.0234375 0.04140625
0 0.82578125 0.141796875 0.0671875 0.055078125
0 0.80078125 0.16484375 0.044140625 0.062890625
0 0.863671875 0.09296875 0.05078125 0.044921875
0 0.903125 0.091796875 0.040234375 0.04453125
0 0.9390625 0.09453125 0.0484375 0.053125
0 0.73359375 0.1015625 0.065234375 0.054296875
0 0.63671875 0.2234375 0.0671875 0.051953125
0 0.6953125 0.248828125 0.05546875 0.055078125
0 0.57109375 0.235546875 0.05 0.051953125
0 0.593359375 0.114453125 0.05234375 0.06328125
0 0.641796875 0.09453125 0.052734375 0.033984375
0 0.683984375 0.08984375 0.048828125 0.03359375
0 0.66328125 0.125390625 0.039453125 0.067578125
0 0.69296875 0.126953125 0.04375 0.058203125
0 0.5921875 0.15859375 0.048828125 0.053125
0 0.63671875 0.15859375 0.055859375 0.048046875
0 0.628125 0.123046875 0.0453125 0.036328125
0 0.6484375 0.375390625 0.075390625 0.0546875
0 0.716015625 0.355078125 0.056640625 0.04921875
0 0.63984375 0.433203125 0.05 0.069140625
0 0.540234375 0.099609375 0.054296875 0.05078125
0 0.49765625 0.09296875 0.04296875 0.04609375
0 0.474609375 0.092578125 0.05078125 0.046875
0 0.5265625 0.125 0.06328125 0.04375
0 0.533984375 0.15859375 0.053515625 0.045703125
0 0.462109375 0.12578125 0.062890625 0.054296875
0 0.4546875 0.166015625 0.0546875 0.05078125
0 0.4578125 0.21171875 0.051953125 0.0609375
0 0.50625 0.20078125 0.042578125 0.064453125
0 0.5484375 0.17890625 0.061328125 0.05703125
0 0.64765625 0.2671875 0.0546875 0.0484375
0 0.277734375 0.36953125 0.07578125 0.046484375
0 0.248046875 0.74453125 0.072265625 0.05625
0 0.171484375 0.8640625 0.044140625 0.03359375
0 0.161328125 0.733203125 0.053125 0.044140625
0 0.208984375 0.7421875 0.049609375 0.045703125
0 0.23515625 0.824609375 0.057421875 0.033984375
0 0.1578125 0.5796875 0.05625 0.040625
0 0.178125 0.548828125 0.04765625 0.033203125
0 0.141796875 0.553515625 0.03828125 0.03671875
0 0.203125 0.528515625 0.032421875 0.04140625
0 0.233203125 0.517578125 0.04765625 0.048828125
0 0.17890625 0.504296875 0.035546875 0.053125
0 0.201953125 0.48515625 0.037109375 0.049609375
0 0.219140625 0.496875 0.036328125 0.021875
0 0.140625 0.499609375 0.037109375 0.030859375
0 0.14296875 0.531640625 0.03984375 0.039453125
0 0.151171875 0.475 0.042578125 0.028125
0 0.221875 0.40859375 0.048828125 0.05546875
0 0.309375 0.26484375 0.05234375 0.0609375
0 0.344140625 0.270703125 0.058203125 0.0546875
0 0.150390625 0.183984375 0.02421875 0.048046875
0 0.159375 0.208984375 0.042578125 0.039453125
0 0.17578125 0.235546875 0.0375 0.052734375
0 0.143359375 0.23828125 0.03046875 0.04296875
0 0.15703125 0.265234375 0.055078125 0.033203125
0 0.2 0.30546875 0.043359375 0.060546875
0 0.174609375 0.363671875 0.052734375 0.037109375
0 0.222265625 0.3640625 0.055859375 0.051953125
0 0.226953125 0.453125 0.04609375 0.054296875
0 0.19921875 0.434375 0.033984375 0.05625
0 0.177734375 0.455859375 0.034375 0.04296875
0 0.141015625 0.446875 0.04453125 0.032421875
0 0.143359375 0.4171875 0.0390625 0.037109375
0 0.165625 0.41953125 0.048828125 0.033984375
0 0.18984375 0.40234375 0.03515625 0.0453125
0 0.165625 0.39375 0.0328125 0.030859375
0 0.140625 0.390625 0.034765625 0.02734375
0 0.140625 0.322265625 0.036328125 0.0421875
0 0.17265625 0.3421875 0.043359375 0.026953125
0 0.1375 0.362109375 0.029296875 0.051171875
0 0.17109375 0.2890625 0.044140625 0.04453125
0 0.1671875 0.31875 0.029296875 0.033203125
0 0.14296875 0.289453125 0.03359375 0.033203125
0 0.180078125 0.6359375 0.065625 0.03828125
0 0.231640625 0.67578125 0.073046875 0.058984375
0 0.2 0.719140625 0.043359375 0.034765625
0 0.150390625 0.6953125 0.04296875 0.0421875
0 0.178515625 0.70859375 0.03671875 0.032421875
0 0.144140625 0.66484375 0.0359375 0.054296875
0 0.187109375 0.6796875 0.030859375 0.043359375
0 0.1734375 0.668359375 0.033203125 0.040234375
0 0.27421875 0.78671875 0.053515625 0.062890625
0 0.207421875 0.868359375 0.0453125 0.04609375
0 0.232421875 0.85546875 0.05234375 0.042578125
0 0.17734375 0.847265625 0.053515625 0.03671875
0 0.16171875 0.821875 0.03046875 0.0375
0 0.227734375 0.78203125 0.0484375 0.045703125
0 0.205078125 0.790234375 0.0296875 0.061328125
0 0.19140625 0.82421875 0.0375 0.034765625
0 0.869140625 0.124609375 0.048828125 0.059765625
0 0.93515625 0.116015625 0.052734375 0.040625
0 0.909765625 0.1359375 0.04375 0.04921875
0 0.946484375 0.14453125 0.05546875 0.036328125
0 0.8796875 0.181640625 0.056640625 0.048828125
0 0.932421875 0.17265625 0.065234375 0.053125
0 0.98046875 0.2015625 0.0390625 0.060546875
0 0.98515625 0.873828125 0.0296875 0.0390625