0 0.51484375 0.185546875 0.053125 0.05859375
0 0.576953125 0.287890625 0.06171875 0.05703125
0 0.403515625 0.607421875 0.05703125 0.06328125
0 0.646875 0.70234375 0.0625 0.053125
0 0.5484375 0.88828125 0.0546875 0.0703125
0 0.590625 0.89765625 0.05625 0.06875
0 0.626171875 0.8796875 0.05234375 0.0796875
0 0.66171875 0.8828125 0.0390625 0.065625
0 0.69453125 0.8875 0.0375 0.071875
0 0.73046875 0.865234375 0.0421875 0.05859375
0 0.729296875 0.89453125 0.04921875 0.0390625
0 0.483984375 0.756640625 0.06640625 0.04921875
0 0.149609375 0.65859375 0.06015625 0.046875
0 0.012890625 0.943359375 0.02421875 0.07109375
0 0.091015625 0.962890625 0.06015625 0.07421875
0 0.24609375 0.9640625 0.065625 0.071875
0 0.109375 0.880859375 0.0625 0.08671875
0 0.326953125 0.689453125 0.07578125 0.05546875
0 0.277734375 0.723046875 0.05859375 0.05859375
0 0.30859375 0.7578125 0.0578125 0.05
0 0.396875 0.779296875 0.078125 0.06953125
0 0.355078125 0.837890625 0.05859375 0.06953125
0 0.4296875 0.84765625 0.0546875 0.065625
0 0.405078125 0.890234375 0.04453125 0.06640625
0 0.36484375 0.890234375 0.0390625 0.06640625
0 0.312109375 0.87578125 0.07421875 0.053125
0 0.294140625 0.812109375 0.06015625 0.05859375
0 0.21875 0.76875 0.0703125 0.0609375
0 0.212890625 0.8078125 0.07734375 0.0484375
0 0.165234375 0.83984375 0.05703125 0.0703125
0 0.213671875 0.858203125 0.06484375 0.05234375
0 0.186328125 0.89375 0.06796875 0.0484375