0 0.51484375 0.23046875 0.041015625 0.087890625
0 0.54375 0.187890625 0.05859375 0.04765625
0 0.421875 0.533203125 0.076171875 0.04296875
0 0.012109375 0.70703125 0.02421875 0.052734375
0 0.0421875 0.7125 0.056640625 0.0671875
0 0.07265625 0.681640625 0.0578125 0.046875
0 0.0890625 0.87109375 0.06640625 0.06640625
0 0.1484375 0.8203125 0.056640625 0.068359375
0 0.210546875 0.754296875 0.05 0.0578125
0 0.43046875 0.84296875 0.056640625 0.0546875
0 0.4671875 0.83515625 0.04765625 0.072265625
0 0.363671875 0.696875 0.04765625 0.04609375
0 0.4125 0.707421875 0.06171875 0.0578125
0 0.57578125 0.648828125 0.06171875 0.06953125
0 0.664453125 0.676171875 0.06953125 0.05546875
0 0.7625 0.7765625 0.0625 0.064453125