0 0.04296875 0.0984375 0.0859375 0.08984375
0 0.02890625 0.15703125 0.0578125 0.090625
0 0.015625 0.199609375 0.03125 0.06640625
0 0.087890625 0.175390625 0.0703125 0.101171875
0 0.13046875 0.304296875 0.0796875 0.087890625
0 0.155859375 0.105078125 0.08359375 0.059375
0 0.217578125 0.091015625 0.059375 0.08203125
0 0.262890625 0.092578125 0.05234375 0.08515625
0 0.28671875 0.1015625 0.072265625 0.08203125
0 0.3390625 0.083203125 0.078515625 0.059375
0 0.35703125 0.134375 0.0671875 0.0984375
0 0.3375 0.1796875 0.07265625 0.07109375
0 0.374609375 0.219921875 0.059765625 0.08984375
0 0.294140625 0.141015625 0.06796875 0.0765625
0 0.43828125 0.225 0.05234375 0.0984375
0 0.497265625 0.245703125 0.08203125 0.05703125
0 0.4921875 0.20625 0.08046875 0.064453125
0 0.484765625 0.162109375 0.065625 0.066015625
0 0.409375 0.13828125 0.055859375 0.08671875
0 0.43828125 0.139453125 0.062890625 0.0609375
0 0.423828125 0.091796875 0.066796875 0.065625
0 0.48828125 0.115625 0.077734375 0.069921875
0 0.461328125 0.068359375 0.078515625 0.057421875
0 0.53203125 0.0703125 0.075390625 0.072265625
0 0.5484375 0.123046875 0.06796875 0.098046875
0 0.584765625 0.126953125 0.066796875 0.05390625
0 0.606640625 0.153125 0.083203125 0.060546875
0 0.585546875 0.073828125 0.06015625 0.073828125
0 0.619140625 0.08203125 0.049609375 0.090625
0 0.657421875 0.118359375 0.0921875 0.054296875
0 0.664453125 0.075390625 0.0640625 0.080859375
0 0.726171875 0.080859375 0.081640625 0.072265625
0 0.73515625 0.124609375 0.072265625 0.062890625
0 0.780859375 0.184375 0.076953125 0.071875
0 0.8296875 0.246875 0.062890625 0.091015625
0 0.88671875 0.253515625 0.076171875 0.0796875
0 0.91484375 0.144921875 0.079296875 0.079296875
0 0.771484375 0.081640625 0.053515625 0.07734375
0 0.8359375 0.075390625 0.08046875 0.055859375
0 0.878515625 0.1125 0.03828125 0.084765625
0 0.80703125 0.095703125 0.062109375 0.06171875
0 0.796484375 0.14375 0.060546875 0.07109375
0 0.84609375 0.141015625 0.058203125 0.09765625
0 0.9921875 0.121484375 0.015625 0.06484375
0 0.963671875 0.121484375 0.0546875 0.077734375
0 0.92734375 0.07734375 0.062109375 0.075390625
0 0.973828125 0.075390625 0.05234375 0.07578125
0 0.855078125 0.676171875 0.07421875 0.06171875
0 0.90078125 0.709375 0.069921875 0.096484375
0 0.015234375 0.803515625 0.03046875 0.064453125
0 0.043359375 0.816015625 0.058984375 0.0734375
0 0.010546875 0.86953125 0.02109375 0.05
0 0.019140625 0.9140625 0.03828125 0.0453125
0 0.030078125 0.887109375 0.046875 0.0625
0 0.069140625 0.902734375 0.051171875 0.064453125
0 0.06484375 0.84921875 0.063671875 0.0765625
0 0.112890625 0.84921875 0.05859375 0.066015625
0 0.114453125 0.909765625 0.059375 0.050390625
0 0.140625 0.872265625 0.04921875 0.075
0 0.16328125 0.821484375 0.06015625 0.0859375
0 0.165625 0.903125 0.051171875 0.071875
0 0.191796875 0.885546875 0.05625 0.086328125
0 0.21171875 0.85 0.07734375 0.069140625
0 0.228515625 0.9 0.0703125 0.06171875
0 0.28203125 0.908984375 0.078515625 0.05390625
0 0.290625 0.8625 0.058984375 0.0734375
0 0.33828125 0.844921875 0.053125 0.07890625
0 0.33125 0.908984375 0.075 0.05390625
0 0.378515625 0.8859375 0.064453125 0.070703125
0 0.43203125 0.898046875 0.063671875 0.084375
0 0.4046875 0.838671875 0.056640625 0.07265625
0 0.4546875 0.834765625 0.04921875 0.065234375
0 0.5 0.864453125 0.073046875 0.059375
0 0.56640625 0.8734375 0.0578125 0.08984375
0 0.526953125 0.911328125 0.076171875 0.05625
0 0.471484375 0.898828125 0.058203125 0.06640625