0 0.901171875 0.3078125 0.07578125 0.084375
0 0.928125 0.4640625 0.078125 0.078125
0 0.987109375 0.501953125 0.02578125 0.06171875
0 0.975 0.575 0.05 0.0515625
0 0.98125 0.62578125 0.0375 0.0484375
0 0.983984375 0.66875 0.03203125 0.0515625
0 0.692578125 0.562109375 0.06171875 0.06953125
0 0.62890625 0.89375 0.0640625 0.0640625
0 0.745703125 0.830078125 0.08203125 0.09921875
0 0.485546875 0.7875 0.08359375 0.071875
0 0.4109375 0.834375 0.0640625 0.0828125
0 0.5125 0.89609375 0.0625 0.0578125
0 0.4640625 0.900390625 0.05 0.05234375
0 0.4140625 0.9015625 0.05625 0.0484375
0 0.442578125 0.67109375 0.06640625 0.0734375
0 0.416796875 0.56015625 0.06328125 0.065625
0 0.369921875 0.6953125 0.08046875 0.096875
0 0.212109375 0.890234375 0.05234375 0.04921875
0 0.196875 0.848046875 0.053125 0.06953125
0 0.742578125 0.33125 0.05546875 0.0703125
0 0.684765625 0.271875 0.05859375 0.0734375
0 0.727734375 0.26875 0.05703125 0.0640625
0 0.980859375 0.302734375 0.03828125 0.05078125
0 0.972265625 0.264453125 0.05546875 0.05703125
0 0.829296875 0.789453125 0.07734375 0.05546875
0 0.89296875 0.764453125 0.05 0.08203125
0 0.923828125 0.795703125 0.03984375 0.07734375
0 0.879296875 0.8046875 0.04921875 0.0640625
0 0.794921875 0.858203125 0.06484375 0.06953125
0 0.81640625 0.911328125 0.071875 0.05078125
0 0.861328125 0.885546875 0.08046875 0.09453125
0 0.902734375 0.875390625 0.04765625 0.07421875
0 0.9359375 0.855859375 0.0515625 0.06796875
0 0.950390625 0.91484375 0.07109375 0.0484375
0 0.96484375 0.816015625 0.05 0.07265625
0 0.992578125 0.715234375 0.01484375 0.03828125
0 0.980078125 0.746484375 0.03984375 0.08984375
0 0.989453125 0.8140625 0.02109375 0.0625
0 0.960546875 0.875390625 0.05859375 0.05859375
0 0.984765625 0.883203125 0.03046875 0.05546875
0 0.691796875 0.49296875 0.06953125 0.0640625
0 0.65546875 0.51953125 0.05625 0.078125
0 0.63515625 0.474609375 0.05 0.05859375
0 0.694140625 0.44375 0.05859375 0.046875
0 0.691796875 0.412109375 0.06953125 0.03984375
0 0.690625 0.37734375 0.0609375 0.0546875
0 0.660546875 0.34296875 0.05859375 0.0765625
0 0.62734375 0.428515625 0.0703125 0.05234375
0 0.599609375 0.39453125 0.07421875 0.0546875
0 0.5578125 0.427734375 0.0609375 0.08984375
0 0.50546875 0.433203125 0.05625 0.07421875
0 0.52109375 0.380859375 0.0796875 0.05546875
0 0.4484375 0.439453125 0.0609375 0.06640625
0 0.475 0.3859375 0.0515625 0.05625
0 0.4671875 0.341796875 0.0578125 0.06640625
0 0.529296875 0.30546875 0.07421875 0.06875
0 0.568359375 0.26484375 0.05859375 0.06875
0 0.553125 0.208984375 0.0546875 0.07109375
0 0.5140625 0.246875 0.05 0.0640625
0 0.465234375 0.259765625 0.05859375 0.05859375
0 0.4171875 0.27734375 0.0640625 0.0734375
0 0.748046875 0.223046875 0.07421875 0.05859375
0 0.157421875 0.88515625 0.06484375 0.046875
0 0.124609375 0.888671875 0.06015625 0.04296875
0 0.246484375 0.768359375 0.05859375 0.06015625
0 0.85390625 0.22265625 0.05 0.0671875
0 0.904296875 0.211328125 0.05703125 0.07578125
0 0.959765625 0.19765625 0.07109375 0.0875
0 0.989453125 0.162109375 0.02109375 0.06953125
0 0.97578125 0.135546875 0.04375 0.06640625
0 0.987890625 0.102734375 0.02421875 0.05078125
0 0.970703125 0.0828125 0.05859375 0.0734375
0 0.933984375 0.16015625 0.06171875 0.0625
0 0.804296875 0.1890625 0.04296875 0.08125
0 0.84375 0.165234375 0.0421875 0.06328125
0 0.874609375 0.1453125 0.05390625 0.0609375
0 0.907421875 0.11796875 0.04765625 0.0546875
0 0.920703125 0.093359375 0.04609375 0.06953125
0 0.906640625 0.068359375 0.05859375 0.05703125
0 0.86953125 0.0671875 0.040625 0.0703125
0 0.63046875 0.176171875 0.0640625 0.07265625
0 0.696484375 0.1671875 0.06796875 0.05625
0 0.760546875 0.18046875 0.04921875 0.071875
0 0.833984375 0.119921875 0.05078125 0.06796875
0 0.8390625 0.068359375 0.0328125 0.06328125
0 0.781640625 0.144140625 0.05546875 0.06171875
0 0.696875 0.11640625 0.059375 0.0484375
0 0.74453125 0.12578125 0.05 0.078125
0 0.795703125 0.1046875 0.05234375 0.0484375
0 0.5859375 0.132421875 0.0546875 0.07890625
0 0.646484375 0.1296875 0.06953125 0.0703125
0 0.80546875 0.06328125 0.0625 0.05625
0 0.771875 0.076953125 0.0375 0.06953125
0 0.73671875 0.08671875 0.04375 0.0578125
0 0.7140625 0.059765625 0.053125 0.06484375
0 0.67109375 0.069921875 0.0375 0.05859375
0 0.62890625 0.071484375 0.0609375 0.06484375
0 0.582421875 0.071875 0.05859375 0.065625
0 0.550390625 0.103515625 0.04453125 0.08984375
0 0.533203125 0.079296875 0.04140625 0.07421875
0 0.49375 0.0671875 0.0515625 0.065625
0 0.461328125 0.0796875 0.05859375 0.075
0 0.485546875 0.141015625 0.05546875 0.07109375
0 0.496484375 0.203515625 0.05546875 0.06171875
0 0.457421875 0.183203125 0.05078125 0.07421875
0 0.419140625 0.080078125 0.04921875 0.08828125
0 0.408984375 0.1890625 0.05078125 0.059375
0 0.389453125 0.149609375 0.08046875 0.08359375
0 0.369921875 0.219921875 0.07265625 0.06796875
0 0.308984375 0.226171875 0.06484375 0.05234375
0 0.325 0.150390625 0.0734375 0.06328125
0 0.351171875 0.07109375 0.08828125 0.05625
0 0.32734375 0.1078125 0.084375 0.046875
0 0.284765625 0.071484375 0.06171875 0.04609375
0 0.265625 0.126171875 0.065625 0.06484375
0 0.26796875 0.161328125 0.075 0.05546875
0 0.22578125 0.084765625 0.0578125 0.05703125
0 0.185546875 0.0828125 0.03984375 0.059375
0 0.187890625 0.141015625 0.06953125 0.06171875
0 0.149609375 0.1203125 0.04609375 0.0734375
0 0.124609375 0.120703125 0.03828125 0.06015625
0 0.11015625 0.090234375 0.05625 0.03828125
0 0.08046875 0.136328125 0.05625 0.06640625
0 0.090234375 0.173828125 0.07265625 0.04765625
0 0.262890625 0.223046875 0.06171875 0.07734375
0 0.226171875 0.203125 0.04765625 0.0703125
0 0.187109375 0.196875 0.04453125 0.059375
0 0.225390625 0.24765625 0.07890625 0.04375
0 0.237890625 0.30234375 0.07734375 0.075
0 0.146484375 0.194921875 0.05546875 0.06015625
0 0.115234375 0.210546875 0.04453125 0.05390625
0 0.09375 0.24921875 0.053125 0.06875
0 0.13671875 0.243359375 0.0546875 0.05078125
0 0.15078125 0.283984375 0.08125 0.04921875
0 0.280859375 0.348828125 0.07890625 0.05546875
0 0.348828125 0.387890625 0.05859375 0.07265625
0 0.339453125 0.529296875 0.08828125 0.07109375
0 0.323046875 0.450390625 0.08203125 0.04609375
0 0.333203125 0.633203125 0.08359375 0.06171875
0 0.2625 0.625390625 0.0953125 0.05078125
0 0.31328125 0.700390625 0.05625 0.07109375
0 0.2859375 0.7203125 0.090625 0.0515625
0 0.271875 0.686328125 0.0703125 0.04609375
0 0.280859375 0.670703125 0.06328125 0.03984375
0 0.1984375 0.640234375 0.0765625 0.06328125
0 0.21328125 0.61015625 0.0828125 0.059375
0 0.0828125 0.291796875 0.05 0.05703125
0 0.125 0.4359375 0.0578125 0.046875
0 0.1796875 0.3640625 0.0609375 0.0625
0 0.247265625 0.378515625 0.06640625 0.05390625
0 0.287109375 0.4078125 0.06953125 0.0609375
0 0.26015625 0.450390625 0.0671875 0.04765625
0 0.287109375 0.490625 0.08046875 0.040625
0 0.269140625 0.559375 0.05859375 0.0484375
0 0.26640625 0.521484375 0.0578125 0.05078125
0 0.0890625 0.53359375 0.065625 0.0484375
0 0.083203125 0.578515625 0.04921875 0.04765625
0 0.086328125 0.61875 0.04296875 0.0578125
0 0.08125 0.42421875 0.0640625 0.0421875
0 0.083984375 0.458203125 0.06953125 0.03828125
0 0.078515625 0.4890625 0.04609375 0.040625
0 0.194140625 0.46328125 0.06640625 0.040625
0 0.20625 0.50078125 0.0796875 0.04375
0 0.226171875 0.55234375 0.07109375 0.0609375
0 0.147265625 0.393359375 0.07265625 0.05859375
0 0.1765625 0.32265625 0.0546875 0.05
0 0.125 0.323046875 0.065625 0.04921875
0 0.0859375 0.33203125 0.053125 0.04375
0 0.08203125 0.38203125 0.065625 0.053125
0 0.123828125 0.37265625 0.05859375 0.0484375
0 0.131640625 0.483984375 0.06640625 0.05703125
0 0.109375 0.521875 0.084375 0.046875
0 0.1359375 0.570703125 0.0796875 0.05546875
0 0.16875 0.544140625 0.0671875 0.04765625
0 0.169921875 0.585546875 0.06640625 0.05234375
0 0.117578125 0.63359375 0.07265625 0.0578125
0 0.15078125 0.64140625 0.04375 0.0609375
0 0.09375 0.68671875 0.0703125 0.05
0 0.1546875 0.678125 0.0625 0.0453125
0 0.2125 0.7296875 0.046875 0.0859375
0 0.1296875 0.828125 0.0953125 0.0484375
0 0.1359375 0.851953125 0.0796875 0.04140625
0 0.10859375 0.7359375 0.064453125 0.0453125
0 0.112890625 0.779296875 0.07265625 0.05546875
0 0.16484375 0.783203125 0.06875 0.05859375
0 0.196875 0.725390625 0.05625 0.06875