0 0.983203125 0.6546875 0.03359375 0.0765625
0 0.976171875 0.049609375 0.04765625 0.047265625
0 0.944921875 0.05234375 0.05546875 0.0640625
0 0.9734375 0.11015625 0.043359375 0.078515625
0 0.92734375 0.10859375 0.0828125 0.0578125
0 0.904296875 0.071484375 0.071875 0.055859375
0 0.90234375 0.16640625 0.06796875 0.082421875
0 0.83984375 0.15078125 0.069140625 0.098828125
0 0.7703125 0.06328125 0.069140625 0.09140625
0 0.8109375 0.0921875 0.08203125 0.05859375
0 0.7296875 0.06875 0.050390625 0.073828125
0 0.716015625 0.144921875 0.07890625 0.0734375
0 0.780078125 0.13671875 0.079296875 0.067578125
0 0.6796875 0.070703125 0.065625 0.069140625
0 0.6484375 0.055078125 0.0609375 0.048828125
0 0.660546875 0.0875 0.0625 0.06875
0 0.655859375 0.157421875 0.057421875 0.0703125
0 0.54296875 0.0875 0.053125 0.103125
0 0.53671875 0.06328125 0.06171875 0.073046875
0 0.59140625 0.051953125 0.0609375 0.039453125
0 0.579296875 0.096484375 0.044140625 0.073046875
0 0.615234375 0.0890625 0.03984375 0.040234375
0 0.6078125 0.138671875 0.046875 0.09765625
0 0.6390625 0.12421875 0.053125 0.05859375
0 0.567578125 0.15703125 0.058984375 0.094921875
0 0.415234375 0.071875 0.067578125 0.082421875
0 0.459375 0.068359375 0.062890625 0.069140625
0 0.4921875 0.099609375 0.053515625 0.0875
0 0.398046875 0.089453125 0.0546875 0.079296875
0 0.353515625 0.104296875 0.0625 0.07109375
0 0.31484375 0.08203125 0.06015625 0.07890625
0 0.29296875 0.276171875 0.063671875 0.09375
0 0.08203125 0.225390625 0.090234375 0.05859375
0 0.057421875 0.088671875 0.058984375 0.065234375
0 0.098046875 0.0703125 0.042578125 0.069921875
0 0.18984375 0.061328125 0.069921875 0.076953125
0 0.261328125 0.062109375 0.06484375 0.0484375
0 0.27265625 0.11484375 0.063671875 0.078515625
0 0.227734375 0.109375 0.055078125 0.089453125
0 0.17734375 0.137890625 0.0734375 0.064453125
0 0.17421875 0.0859375 0.065234375 0.055859375
0 0.136328125 0.069140625 0.075390625 0.061328125
0 0.021484375 0.098828125 0.04296875 0.04609375
0 0.026953125 0.13828125 0.05390625 0.0515625
0 0.09453125 0.128515625 0.087890625 0.08046875
0 0.11171875 0.090234375 0.06171875 0.108203125
0 0.034375 0.179296875 0.06171875 0.077734375
0 0.0609375 0.415234375 0.06484375 0.07890625