0 0.01796875 0.834765625 0.035546875 0.073828125
0 0.103515625 0.87421875 0.06015625 0.028515625
0 0.13125 0.67890625 0.080859375 0.082421875
0 0.05234375 0.587890625 0.0921875 0.076953125
0 0.03671875 0.476171875 0.0734375 0.06328125
0 0.018359375 0.373046875 0.03671875 0.07734375
0 0.026953125 0.203515625 0.05390625 0.083203125
0 0.02421875 0.08515625 0.046875 0.078515625
0 0.055078125 0.062890625 0.059375 0.08046875
0 0.044921875 0.126171875 0.07734375 0.0640625
0 0.1140625 0.070703125 0.084765625 0.058984375
0 0.308984375 0.061328125 0.08203125 0.0484375
0 0.317578125 0.0953125 0.079296875 0.069140625
0 0.408984375 0.084765625 0.08359375 0.067578125
0 0.16796875 0.186328125 0.074609375 0.091015625
0 0.07890625 0.2578125 0.0625 0.059765625
0 0.06953125 0.3046875 0.0765625 0.061328125
0 0.108984375 0.314453125 0.059765625 0.090625
0 0.127734375 0.25 0.059375 0.07890625
0 0.1875 0.226171875 0.07265625 0.11796875
0 0.354296875 0.214453125 0.069140625 0.072265625
0 0.240234375 0.1921875 0.0625 0.083984375
0 0.4234375 0.123046875 0.09140625 0.07578125
0 0.4984375 0.071484375 0.0578125 0.06796875
0 0.543359375 0.075 0.051171875 0.089453125
0 0.587109375 0.064453125 0.077734375 0.058984375
0 0.54453125 0.15078125 0.076171875 0.081640625
0 0.66796875 0.200390625 0.058203125 0.09609375
0 0.54609375 0.2734375 0.052734375 0.07109375
0 0.887109375 0.069921875 0.110546875 0.066796875
0 0.70390625 0.06953125 0.055859375 0.0890625
0 0.6546875 0.065234375 0.076953125 0.069921875
0 0.75 0.077734375 0.080859375 0.0921875
0 0.809375 0.076953125 0.074609375 0.1046875
0 0.92109375 0.10625 0.091796875 0.059765625
0 0.8609375 0.1203125 0.078515625 0.059765625
0 0.84453125 0.172265625 0.08515625 0.067578125
0 0.898046875 0.167578125 0.05 0.085546875
0 0.74296875 0.27578125 0.066015625 0.07890625
0 0.676171875 0.369140625 0.061328125 0.080078125
0 0.623046875 0.477734375 0.07734375 0.06015625
0 0.910546875 0.58671875 0.0921875 0.08125
0 0.78515625 0.695703125 0.067578125 0.08984375
0 0.6890625 0.64765625 0.0765625 0.075
0 0.6015625 0.650390625 0.062890625 0.07265625
0 0.644921875 0.64765625 0.051171875 0.0765625
0 0.670703125 0.695703125 0.06953125 0.05390625
0 0.69296875 0.784765625 0.063671875 0.102734375
0 0.6671875 0.8671875 0.075390625 0.0703125
0 0.969140625 0.879296875 0.06171875 0.033984375
0 0.98515625 0.82734375 0.0296875 0.05859375
0 0.94453125 0.137109375 0.066015625 0.09296875
0 0.984375 0.11171875 0.030859375 0.07265625
0 0.978515625 0.1859375 0.04296875 0.069140625
0 0.94765625 0.21953125 0.081640625 0.076953125
0 0.29921875 0.4796875 0.078515625 0.0671875
0 0.340234375 0.553125 0.084765625 0.06328125
0 0.397265625 0.5671875 0.057421875 0.077734375
0 0.540625 0.5109375 0.089453125 0.05703125
0 0.49140625 0.328125 0.0890625 0.0625
0 0.3953125 0.658203125 0.08359375 0.06328125
0 0.56171875 0.677734375 0.0640625 0.078515625
0 0.5953125 0.712109375 0.080859375 0.05859375
0 0.47109375 0.8890625 0.074609375 0.08125
0 0.5640625 0.85625 0.069140625 0.080078125
0 0.117578125 0.121875 0.073046875 0.071875
0 0.977734375 0.358203125 0.04453125 0.09765625