0 0.036328125 0.533984375 0.07265625 0.07109375
0 0.091015625 0.60859375 0.07109375 0.053125
0 0.0125 0.715625 0.025 0.04375
0 0.06875 0.844140625 0.087890625 0.06640625
0 0.25546875 0.869140625 0.055859375 0.02890625
0 0.35546875 0.815625 0.06171875 0.0671875
0 0.403515625 0.886328125 0.0828125 0.0625
0 0.4828125 0.887890625 0.069140625 0.06640625
0 0.671875 0.878125 0.05 0.075
0 0.715234375 0.85390625 0.066015625 0.05703125
0 0.741015625 0.898046875 0.066796875 0.05390625
0 0.938671875 0.816015625 0.091015625 0.06171875
0 0.301171875 0.627734375 0.0703125 0.067578125