0 0.015625 0.058203125 0.03125 0.04296875
0 0.021875 0.101171875 0.04375 0.06171875
0 0.081640625 0.12421875 0.06171875 0.096484375
0 0.137109375 0.09375 0.07578125 0.075
0 0.1875 0.074609375 0.067578125 0.079296875
0 0.126171875 0.134375 0.058203125 0.075
0 0.18203125 0.149609375 0.07421875 0.0875
0 0.237109375 0.07421875 0.0671875 0.07578125
0 0.291015625 0.0625 0.049609375 0.08046875
0 0.3359375 0.062109375 0.069921875 0.059375
0 0.387109375 0.069921875 0.056640625 0.072265625
0 0.418359375 0.0625 0.062109375 0.064453125
0 0.373828125 0.123046875 0.0671875 0.07734375
0 0.340234375 0.146484375 0.05078125 0.08671875
0 0.31875 0.104296875 0.055859375 0.08359375
0 0.25625 0.107421875 0.04609375 0.085546875
0 0.285546875 0.139453125 0.068359375 0.0765625
0 0.33203125 0.4234375 0.070703125 0.06171875
0 0.20234375 0.62109375 0.066796875 0.090234375
0 0.28046875 0.781640625 0.087109375 0.078515625
0 0.303515625 0.904296875 0.0359375 0.06640625
0 0.529296875 0.8625 0.051953125 0.09609375
0 0.48046875 0.88203125 0.08046875 0.071484375
0 0.575 0.855078125 0.059375 0.092578125
0 0.64609375 0.736328125 0.065234375 0.094921875
0 0.64921875 0.830078125 0.062890625 0.09296875
0 0.704296875 0.8 0.06328125 0.08671875
0 0.81796875 0.779296875 0.083203125 0.079296875
0 0.7671875 0.867578125 0.08984375 0.0796875
0 0.82578125 0.886328125 0.071875 0.065234375
0 0.697265625 0.89453125 0.0859375 0.069921875
0 0.946875 0.8171875 0.0640625 0.08828125
0 0.969921875 0.880078125 0.06015625 0.05859375
0 0.98359375 0.82734375 0.032421875 0.055859375
0 0.903125 0.31015625 0.067578125 0.08671875
0 0.969921875 0.158203125 0.06015625 0.06796875
0 0.815234375 0.223046875 0.073828125 0.078515625
0 0.70703125 0.28671875 0.056640625 0.10390625
0 0.5515625 0.146484375 0.0625 0.078515625
0 0.6890625 0.07109375 0.06640625 0.09453125
0 0.726953125 0.091015625 0.060546875 0.08671875
0 0.8265625 0.07578125 0.056640625 0.088671875
0 0.77890625 0.098828125 0.07734375 0.0765625