0 0.0140625 0.1 0.028125 0.061328125
0 0.014453125 0.164453125 0.02890625 0.07890625
0 0.031640625 0.24296875 0.06171875 0.09453125
0 0.0125 0.337890625 0.024609375 0.076171875
0 0.085546875 0.29453125 0.07421875 0.058203125
0 0.0453125 0.3234375 0.076953125 0.05625
0 0.1796875 0.323828125 0.07578125 0.07578125
0 0.314453125 0.356640625 0.07890625 0.06640625
0 0.226171875 0.4171875 0.056640625 0.08125
0 0.172265625 0.416796875 0.05390625 0.08203125
0 0.13046875 0.241796875 0.073046875 0.05546875
0 0.04921875 0.185546875 0.071484375 0.046484375
0 0.103515625 0.194140625 0.068359375 0.062890625
0 0.1390625 0.183984375 0.06328125 0.05703125
0 0.044140625 0.14296875 0.044921875 0.06953125
0 0.03828125 0.1015625 0.049609375 0.06015625
0 0.083203125 0.0984375 0.047265625 0.05390625
0 0.0859375 0.1328125 0.048828125 0.08203125
0 0.134765625 0.1421875 0.06875 0.043359375
0 0.120703125 0.09921875 0.042578125 0.05546875
0 0.157421875 0.1046875 0.03671875 0.05625
0 0.205859375 0.0953125 0.051171875 0.048828125
0 0.184375 0.1234375 0.043359375 0.0625
0 0.18359375 0.17109375 0.04609375 0.045703125
0 0.18671875 0.19375 0.047265625 0.054296875
0 0.234375 0.168359375 0.05859375 0.055859375
0 0.27421875 0.135546875 0.06953125 0.0515625
0 0.224609375 0.12578125 0.044140625 0.0671875
0 0.253125 0.096484375 0.05546875 0.053125
0 0.292578125 0.165625 0.059375 0.062109375
0 0.20859375 0.226171875 0.049609375 0.078515625
0 0.306640625 0.27578125 0.080859375 0.059375
0 0.372265625 0.408203125 0.05546875 0.084765625
0 0.407421875 0.381640625 0.066796875 0.057421875
0 0.251171875 0.22890625 0.05390625 0.08828125
0 0.278125 0.25078125 0.04453125 0.060546875
0 0.310546875 0.224609375 0.07265625 0.05390625
0 0.357421875 0.4734375 0.065625 0.0765625
0 0.565625 0.583984375 0.051171875 0.080078125
0 0.3515625 0.592578125 0.0515625 0.06953125
0 0.09453125 0.49921875 0.070703125 0.070703125
0 0.0109375 0.53984375 0.021875 0.059375
0 0.007421875 0.663671875 0.01484375 0.04765625
0 0.019921875 0.71875 0.03984375 0.1
0 0.05625 0.770703125 0.0875 0.048828125
0 0.073046875 0.7375 0.087109375 0.048828125
0 0.0234375 0.84140625 0.046875 0.0609375
0 0.1515625 0.848046875 0.0609375 0.077734375
0 0.346875 0.80390625 0.069140625 0.0578125
0 0.35234375 0.86875 0.062890625 0.055859375
0 0.323828125 0.73984375 0.077734375 0.05390625
0 0.455859375 0.7625 0.079296875 0.069921875
0 0.558984375 0.733203125 0.062109375 0.062109375
0 0.59140625 0.7453125 0.071484375 0.05703125
0 0.576171875 0.803125 0.08515625 0.06015625
0 0.551953125 0.83828125 0.05546875 0.07578125
0 0.50078125 0.824609375 0.06640625 0.069140625
0 0.523046875 0.88046875 0.07890625 0.054296875
0 0.483203125 0.875 0.062890625 0.054296875
0 0.44453125 0.873046875 0.061328125 0.057421875
0 0.391796875 0.767578125 0.051171875 0.0765625
0 0.46640625 0.79765625 0.07265625 0.04296875
0 0.430859375 0.801953125 0.04140625 0.09375
0 0.442578125 0.84140625 0.055078125 0.048828125
0 0.400390625 0.86875 0.065625 0.073828125
0 0.402734375 0.816015625 0.055859375 0.05625
0 0.6609375 0.668359375 0.06640625 0.08125
0 0.591015625 0.8765625 0.070703125 0.056640625
0 0.63515625 0.873046875 0.08046875 0.05859375
0 0.658203125 0.8515625 0.058984375 0.0625
0 0.76640625 0.907421875 0.04921875 0.044140625
0 0.884375 0.87890625 0.07734375 0.0828125
0 0.93359375 0.830078125 0.0625 0.0734375
0 0.7953125 0.78203125 0.0546875 0.0828125
0 0.8734375 0.770703125 0.0828125 0.066015625
0 0.934765625 0.73203125 0.058984375 0.078515625
0 0.990234375 0.566015625 0.01953125 0.04921875
0 0.6625 0.5796875 0.06796875 0.053515625
0 0.328515625 0.137890625 0.06171875 0.066796875
0 0.324609375 0.1 0.065625 0.05703125
0 0.371484375 0.0984375 0.05625 0.052734375
0 0.404296875 0.169921875 0.055859375 0.069140625
0 0.408984375 0.223828125 0.050390625 0.073046875
0 0.372265625 0.21796875 0.04453125 0.083203125
0 0.439453125 0.206640625 0.04921875 0.0890625
0 0.476171875 0.216796875 0.04453125 0.07734375
0 0.469140625 0.278515625 0.079296875 0.059765625
0 0.505078125 0.194921875 0.051953125 0.064453125
0 0.5046875 0.25390625 0.07578125 0.06796875
0 0.5578125 0.2328125 0.052734375 0.087109375
0 0.462109375 0.141015625 0.074609375 0.058984375
0 0.437109375 0.107421875 0.0796875 0.05546875
0 0.498046875 0.1046875 0.05625 0.070703125
0 0.525390625 0.118359375 0.045703125 0.05859375
0 0.51484375 0.167578125 0.048828125 0.054296875
0 0.55546875 0.150390625 0.043359375 0.0921875
0 0.56875 0.112109375 0.066015625 0.06171875
0 0.591796875 0.194140625 0.05625 0.0765625
0 0.63203125 0.271484375 0.084375 0.05078125
0 0.672265625 0.31640625 0.06640625 0.069140625
0 0.623046875 0.34140625 0.047265625 0.083203125
0 0.58203125 0.327734375 0.044140625 0.078125
0 0.803125 0.447265625 0.096875 0.04921875
0 0.84453125 0.38203125 0.053515625 0.0875
0 0.77890625 0.306640625 0.091796875 0.057421875
0 0.62578125 0.0921875 0.06484375 0.047265625
0 0.67265625 0.096484375 0.05390625 0.061328125
0 0.693359375 0.145703125 0.05078125 0.065234375
0 0.64921875 0.1421875 0.049609375 0.078515625
0 0.658203125 0.209765625 0.05625 0.08046875
0 0.603515625 0.134765625 0.044921875 0.071484375
0 0.63046875 0.17421875 0.041796875 0.078125
0 0.8 0.26328125 0.050390625 0.0671875
0 0.7640625 0.223046875 0.05546875 0.0765625
0 0.7640625 0.1640625 0.065234375 0.065234375
0 0.95625 0.33671875 0.068359375 0.0859375
0 0.9859375 0.1140625 0.027734375 0.0546875
0 0.97109375 0.146484375 0.050390625 0.06875
0 0.92578125 0.130078125 0.07734375 0.06328125
0 0.86875 0.122265625 0.071484375 0.0609375
0 0.958984375 0.090234375 0.0546875 0.058984375
0 0.901953125 0.093359375 0.087109375 0.05625
0 0.837109375 0.09609375 0.06484375 0.0546875
0 0.797265625 0.115234375 0.065234375 0.0703125
0 0.755078125 0.10546875 0.041796875 0.078125
0 0.71953125 0.10703125 0.05859375 0.073046875