0 0.500390625 0.80234375 0.08515625 0.065234375
0 0.19765625 0.54375 0.066796875 0.079296875
0 0.19453125 0.6484375 0.076171875 0.082421875
0 0.218359375 0.341015625 0.071484375 0.087890625
0 0.49375 0.452734375 0.073828125 0.07734375
0 0.569140625 0.433203125 0.07734375 0.073046875
0 0.9046875 0.09453125 0.071875 0.059375
0 0.969921875 0.106640625 0.06015625 0.05546875
0 0.972265625 0.155078125 0.05546875 0.054296875
0 0.983203125 0.23359375 0.03359375 0.09921875
0 0.86328125 0.131640625 0.062109375 0.084375
0 0.9140625 0.1484375 0.06875 0.0703125
0 0.943359375 0.19765625 0.066796875 0.099609375
0 0.65703125 0.23125 0.059765625 0.097265625
0 0.83125 0.242578125 0.07734375 0.053125
0 0.840625 0.197265625 0.093359375 0.05859375
0 0.833203125 0.1578125 0.0625 0.05234375
0 0.78125 0.16328125 0.058203125 0.083203125
0 0.76875 0.07890625 0.0671875 0.053125
0 0.7171875 0.09609375 0.055859375 0.0828125
0 0.734375 0.137109375 0.062109375 0.0671875
0 0.78203125 0.119921875 0.050390625 0.043359375
0 0.733203125 0.178125 0.068359375 0.040625
0 0.71171875 0.220703125 0.0671875 0.067578125
0 0.77109375 0.22734375 0.053125 0.061328125
0 0.543359375 0.18359375 0.0625 0.08515625
0 0.596875 0.23984375 0.055859375 0.073828125
0 0.528125 0.2328125 0.07578125 0.0640625
0 0.660546875 0.13828125 0.053515625 0.094921875
0 0.60546875 0.092578125 0.05546875 0.08671875
0 0.46875 0.0796875 0.06484375 0.07890625
0 0.400390625 0.090234375 0.072265625 0.06328125
0 0.425 0.13046875 0.08515625 0.0703125
0 0.522265625 0.08515625 0.06640625 0.069140625
0 0.56171875 0.1015625 0.051953125 0.077734375
0 0.626171875 0.16015625 0.053515625 0.07265625
0 0.584765625 0.151953125 0.058203125 0.08984375
0 0.3375 0.102734375 0.053125 0.06796875
0 0.29609375 0.069140625 0.08984375 0.049609375
0 0.344140625 0.160546875 0.084375 0.0734375
0 0.299609375 0.157421875 0.055078125 0.08046875
0 0.276171875 0.1109375 0.069921875 0.053515625
0 0.234375 0.147265625 0.08046875 0.06796875
0 0.259765625 0.2984375 0.06015625 0.08515625
0 0.233203125 0.249609375 0.092578125 0.058203125
0 0.01171875 0.104296875 0.0234375 0.053125
0 0.014453125 0.1734375 0.02890625 0.084375
0 0.0734375 0.16953125 0.08046875 0.05546875
0 0.05703125 0.214453125 0.061328125 0.07734375
0 0.10390625 0.226171875 0.051953125 0.085546875
0 0.142578125 0.210546875 0.057421875 0.08359375
0 0.145703125 0.172265625 0.04765625 0.050390625
0 0.10703125 0.129296875 0.065234375 0.051953125
0 0.156640625 0.118359375 0.064453125 0.0484375
0 0.184375 0.14296875 0.06484375 0.049609375
0 0.184765625 0.189453125 0.055859375 0.051953125
0 0.239453125 0.20703125 0.07734375 0.060546875
0 0.23359375 0.146484375 0.086328125 0.0671875
0 0.158984375 0.06640625 0.06875 0.05
0 0.197265625 0.08828125 0.044140625 0.040625
0 0.05 0.1 0.0734375 0.078125
0 0.05625 0.07265625 0.0765625 0.064453125
0 0.10859375 0.073046875 0.068359375 0.06875
0 0.876171875 0.50859375 0.102734375 0.063671875