0 0.0078125 0.066796875 0.015625 0.041796875
0 0.02109375 0.12890625 0.0421875 0.0796875
0 0.055859375 0.12265625 0.0734375 0.11328125
0 0.08515625 0.0953125 0.081640625 0.070703125
0 0.160546875 0.105078125 0.05703125 0.090234375
0 0.21015625 0.18984375 0.062890625 0.0625
0 0.272265625 0.201953125 0.059375 0.089453125
0 0.138671875 0.26328125 0.0546875 0.078125
0 0.090234375 0.363671875 0.0734375 0.084765625
0 0.2015625 0.38671875 0.080078125 0.04765625
0 0.065234375 0.6234375 0.07265625 0.09453125
0 0.075390625 0.720703125 0.071875 0.058984375
0 0.0546875 0.877734375 0.063671875 0.06640625
0 0.116015625 0.887109375 0.06015625 0.061328125
0 0.2203125 0.649609375 0.066796875 0.100390625
0 0.323046875 0.590625 0.079296875 0.05390625
0 0.339453125 0.670703125 0.08515625 0.0671875
0 0.4234375 0.6859375 0.05625 0.078125
0 0.463671875 0.89375 0.080078125 0.061328125
0 0.514453125 0.847265625 0.05859375 0.086328125
0 0.493359375 0.73046875 0.0546875 0.078125
0 0.58203125 0.76953125 0.07578125 0.060546875
0 0.63984375 0.7921875 0.0703125 0.076171875
0 0.925 0.680078125 0.098828125 0.060546875
0 0.966796875 0.62109375 0.06640625 0.076171875
0 0.82265625 0.60703125 0.09140625 0.0546875
0 0.72421875 0.588671875 0.079296875 0.06484375
0 0.437109375 0.45 0.080859375 0.055859375
0 0.49921875 0.491015625 0.050390625 0.071484375
0 0.311328125 0.055078125 0.082421875 0.051171875
0 0.311328125 0.100390625 0.0734375 0.057421875
0 0.358203125 0.121484375 0.053125 0.090625
0 0.390234375 0.08046875 0.080078125 0.060546875
0 0.43828125 0.129296875 0.06328125 0.090625
0 0.508203125 0.11328125 0.05078125 0.078125
0 0.69453125 0.128515625 0.088671875 0.0796875
0 0.754296875 0.096875 0.086328125 0.059765625
0 0.809765625 0.072265625 0.07578125 0.069140625
0 0.814453125 0.12734375 0.07421875 0.074609375
0 0.8625 0.13515625 0.06328125 0.074609375
0 0.953125 0.1 0.06875 0.062890625
0 0.9640625 0.152734375 0.071875 0.06640625
0 0.973828125 0.210546875 0.051953125 0.056640625
0 0.959765625 0.265625 0.0625 0.071484375
0 0.948046875 0.301953125 0.07578125 0.07890625
0 0.571875 0.508984375 0.075 0.073828125
0 0.7859375 0.45390625 0.076953125 0.060546875
0 0.8421875 0.3328125 0.06171875 0.0796875
0 0.735546875 0.308984375 0.075 0.067578125
0 0.6421875 0.28515625 0.065625 0.073828125
0 0.583984375 0.262890625 0.078515625 0.069140625
0 0.45625 0.250390625 0.087109375 0.067578125
0 0.49140625 0.335546875 0.05703125 0.07734375
0 0.8453125 0.196875 0.064453125 0.06953125