0 0.04453125 0.20859375 0.06328125 0.0828125
0 0.09296875 0.240234375 0.048828125 0.09375
0 0.1640625 0.183984375 0.068359375 0.0671875
0 0.357421875 0.7890625 0.07421875 0.052734375
0 0.465234375 0.77890625 0.075 0.065625
0 0.8796875 0.676171875 0.052734375 0.08125
0 0.90546875 0.634765625 0.052734375 0.0703125
0 0.617578125 0.38359375 0.065625 0.06640625
0 0.740625 0.375 0.0734375 0.05078125
0 0.60390625 0.173828125 0.075 0.052734375
0 0.63125 0.12734375 0.0734375 0.059375
0 0.76171875 0.312890625 0.056640625 0.07890625
0 0.796484375 0.228125 0.08125 0.065625
0 0.91875 0.2171875 0.08203125 0.0578125