0 0.98359375 0.88515625 0.0328125 0.07265625
0 0.878515625 0.68125 0.076171875 0.05234375
0 0.755078125 0.63359375 0.058203125 0.06640625
0 0.611328125 0.662890625 0.051953125 0.062890625
0 0.654296875 0.7890625 0.069921875 0.056640625
0 0.51953125 0.564453125 0.087890625 0.0390625
0 0.4640625 0.608203125 0.0546875 0.06015625
0 0.519140625 0.602734375 0.076953125 0.04765625
0 0.36953125 0.63515625 0.070703125 0.073046875
0 0.244140625 0.803125 0.05625 0.0640625
0 0.259375 0.89609375 0.067578125 0.04765625
0 0.164453125 0.890234375 0.052734375 0.05078125
0 0.124609375 0.881640625 0.05390625 0.05078125
0 0.1078125 0.8671875 0.0609375 0.0578125
0 0.090234375 0.8359375 0.07734375 0.036328125
0 0.134765625 0.808984375 0.0453125 0.06171875
0 0.102734375 0.809375 0.03359375 0.0296875
0 0.119140625 0.784765625 0.06015625 0.0421875
0 0.110546875 0.743359375 0.055859375 0.04140625
0 0.10078125 0.764453125 0.057421875 0.03828125
0 0.1015625 0.698828125 0.043359375 0.059375
0 0.128515625 0.71953125 0.0578125 0.049609375
0 0.116015625 0.655078125 0.060546875 0.048046875
0 0.092578125 0.39921875 0.087890625 0.049609375
0 0.099609375 0.43515625 0.0609375 0.051953125
0 0.094140625 0.471875 0.070703125 0.04453125
0 0.117578125 0.50078125 0.064453125 0.055859375
0 0.084375 0.502734375 0.046484375 0.05625
0 0.1171875 0.5828125 0.052734375 0.069140625
0 0.0875 0.5671875 0.050390625 0.06171875
0 0.098828125 0.6109375 0.074609375 0.046484375
0 0.140625 0.178515625 0.051953125 0.054296875
0 0.144140625 0.087890625 0.03046875 0.045703125
0 0.169140625 0.126953125 0.052734375 0.055859375
0 0.1796875 0.087890625 0.0671875 0.043359375
0 0.112109375 0.083984375 0.054296875 0.0296875
0 0.094921875 0.10703125 0.026171875 0.033203125
0 0.115625 0.110546875 0.021484375 0.03046875
0 0.130859375 0.116796875 0.03125 0.04609375
0 0.10234375 0.136328125 0.0484375 0.040234375
0 0.105859375 0.164453125 0.058203125 0.040234375
0 0.087109375 0.2046875 0.036328125 0.064453125
0 0.112109375 0.201171875 0.044140625 0.046484375
0 0.10546875 0.2625 0.055078125 0.052734375
0 0.201953125 0.301953125 0.048828125 0.062890625
0 0.1734375 0.2671875 0.05078125 0.055859375
0 0.91328125 0.140234375 0.058203125 0.053515625
0 0.88515625 0.17734375 0.055859375 0.060546875