0 0.962890625 0.305859375 0.07421875 0.056640625
0 0.8828125 0.34296875 0.07265625 0.065625
0 0.94296875 0.444921875 0.064453125 0.08515625
0 0.746484375 0.31328125 0.060546875 0.080078125
0 0.446484375 0.128515625 0.05546875 0.084375
0 0.38125 0.135546875 0.0640625 0.07109375
0 0.1671875 0.101953125 0.066796875 0.079296875
0 0.103515625 0.154296875 0.063671875 0.08046875
0 0.023046875 0.147265625 0.04609375 0.07578125
0 0.15 0.217578125 0.09921875 0.0640625
0 0.2421875 0.357421875 0.08515625 0.06875
0 0.72265625 0.422265625 0.0796875 0.07421875
0 0.516796875 0.5046875 0.0859375 0.062109375
0 0.16640625 0.36796875 0.066796875 0.04765625
0 0.121484375 0.33984375 0.082421875 0.06328125
0 0.9546875 0.682421875 0.073046875 0.058203125
0 0.969140625 0.748828125 0.06171875 0.0515625
0 0.890234375 0.750390625 0.06875 0.055078125
0 0.86640625 0.7984375 0.071484375 0.053515625
0 0.790234375 0.747265625 0.07734375 0.050390625
0 0.809375 0.839453125 0.0796875 0.068359375
0 0.722265625 0.85390625 0.091796875 0.0734375
0 0.289453125 0.86015625 0.069140625 0.07421875
0 0.147265625 0.741796875 0.073046875 0.072265625