0 0.01875 0.119140625 0.0375 0.064453125
0 0.061328125 0.109375 0.06328125 0.073046875
0 0.114453125 0.109375 0.062109375 0.065234375
0 0.208203125 0.069921875 0.076171875 0.04921875
0 0.2953125 0.13203125 0.073828125 0.072265625
0 0.058984375 0.203515625 0.07109375 0.091796875
0 0.1671875 0.21171875 0.066796875 0.071875
0 0.19921875 0.144921875 0.087890625 0.072265625
0 0.223046875 0.119140625 0.076953125 0.075
0 0.361328125 0.280859375 0.057421875 0.076953125
0 0.284765625 0.386328125 0.066015625 0.058984375
0 0.026171875 0.433984375 0.05234375 0.05859375
0 0.1765625 0.582421875 0.070703125 0.05625
0 0.310546875 0.491015625 0.079296875 0.070703125
0 0.3828125 0.531640625 0.078125 0.06171875
0 0.362890625 0.57734375 0.0828125 0.0484375
0 0.369140625 0.70625 0.063671875 0.066015625
0 0.146875 0.705859375 0.06328125 0.078125
0 0.2265625 0.66640625 0.078125 0.0828125
0 0.26484375 0.79140625 0.062890625 0.074609375
0 0.955859375 0.78046875 0.082421875 0.062109375
0 0.85703125 0.646875 0.05859375 0.090625
0 0.819140625 0.67890625 0.06171875 0.080859375
0 0.76796875 0.708203125 0.073828125 0.056640625
0 0.643359375 0.764453125 0.0515625 0.083203125
0 0.498046875 0.698828125 0.05703125 0.078125
0 0.841796875 0.480078125 0.070703125 0.075
0 0.63125 0.40703125 0.062109375 0.067578125
0 0.6171875 0.31875 0.06875 0.053515625
0 0.915234375 0.23046875 0.05390625 0.078515625
0 0.60078125 0.3671875 0.0515625 0.0765625