0 0.952734375 0.871484375 0.07421875 0.066796875
0 0.992578125 0.68046875 0.01484375 0.0515625
0 0.946875 0.71484375 0.08984375 0.066015625
0 0.9171875 0.668359375 0.08125 0.067578125
0 0.79375 0.61640625 0.071484375 0.093359375
0 0.7453125 0.344140625 0.0875 0.0640625
0 0.59921875 0.555859375 0.06875 0.0953125
0 0.521875 0.630078125 0.058984375 0.0859375
0 0.317578125 0.358203125 0.08359375 0.068359375
0 0.220703125 0.37109375 0.087890625 0.069921875
0 0.012109375 0.338671875 0.023828125 0.0515625
0 0.075390625 0.437109375 0.07890625 0.078515625
0 0.137109375 0.65 0.092578125 0.0625
0 0.1328125 0.7 0.07578125 0.084765625
0 0.018359375 0.780078125 0.03671875 0.0640625
0 0.0484375 0.838671875 0.06796875 0.092578125
0 0.083984375 0.88515625 0.05 0.025
0 0.346484375 0.765625 0.080859375 0.065625
0 0.641015625 0.831640625 0.07578125 0.06015625
0 0.611328125 0.902734375 0.04765625 0.08046875
0 0.56640625 0.905078125 0.056640625 0.06484375
0 0.573046875 0.8609375 0.052734375 0.073828125
0 0.538671875 0.84609375 0.053515625 0.07109375
0 0.523828125 0.896875 0.05546875 0.058203125
0 0.4546875 0.905078125 0.0765625 0.0671875
0 0.492578125 0.87890625 0.048046875 0.06328125
0 0.494140625 0.82421875 0.060546875 0.089453125
0 0.452734375 0.848828125 0.06015625 0.069140625
0 0.3859375 0.901953125 0.08359375 0.0765625
0 0.246484375 0.083984375 0.071875 0.077734375
0 0.22265625 0.1265625 0.055859375 0.080859375
0 0.21796875 0.183984375 0.08125 0.069140625
0 0.154296875 0.19296875 0.063671875 0.089453125
0 0.11640625 0.115625 0.063671875 0.08515625
0 0.173046875 0.134375 0.06953125 0.074609375
0 0.13671875 0.0921875 0.062890625 0.06875
0 0.1890625 0.096875 0.05546875 0.091796875
0 0.321875 0.206640625 0.06484375 0.09609375
0 0.38125 0.273828125 0.061328125 0.091796875
0 0.479296875 0.309375 0.059765625 0.08515625
0 0.5953125 0.21171875 0.063671875 0.08984375
0 0.44765625 0.17734375 0.062109375 0.094921875
0 0.386328125 0.0859375 0.083984375 0.068359375
0 0.498046875 0.130859375 0.058984375 0.0890625
0 0.55703125 0.104296875 0.055859375 0.09140625
0 0.641796875 0.13671875 0.056640625 0.0859375
0 0.66015625 0.0890625 0.06640625 0.0671875
0 0.694921875 0.11640625 0.064453125 0.105078125
0 0.723046875 0.130078125 0.07734375 0.084765625
0 0.7484375 0.118359375 0.051953125 0.071875
0 0.7515625 0.076171875 0.084375 0.051953125
0 0.787109375 0.102734375 0.076953125 0.074609375
0 0.808203125 0.112109375 0.06328125 0.070703125
0 0.787109375 0.149609375 0.061328125 0.098046875
0 0.85078125 0.13515625 0.074609375 0.069140625
0 0.89609375 0.13828125 0.05546875 0.091796875
0 0.93203125 0.1171875 0.063671875 0.103515625