0 0.019921875 0.15078125 0.03828125 0.053125
0 0.1203125 0.0984375 0.0640625 0.0703125
0 0.228515625 0.209765625 0.05703125 0.06484375
0 0.2140625 0.171875 0.09375 0.06875
0 0.184375 0.148046875 0.0765625 0.04296875
0 0.198046875 0.112890625 0.06640625 0.05390625
0 0.31015625 0.1671875 0.0578125 0.078125
0 0.303515625 0.1046875 0.05078125 0.065625
0 0.353125 0.112109375 0.0671875 0.05390625
0 0.522265625 0.16328125 0.05859375 0.0734375
0 0.4765625 0.152734375 0.059375 0.05234375
0 0.4890625 0.109765625 0.078125 0.04453125
0 0.655859375 0.110546875 0.06953125 0.07734375
0 0.63359375 0.311328125 0.0578125 0.07890625
0 0.533203125 0.421875 0.05078125 0.0703125
0 0.340234375 0.353515625 0.07421875 0.05234375
0 0.22890625 0.3703125 0.05625 0.0828125
0 0.137890625 0.481640625 0.05390625 0.06953125
0 0.090625 0.627734375 0.053125 0.07265625
0 0.131640625 0.652734375 0.04765625 0.08671875
0 0.1609375 0.628515625 0.05625 0.07578125
0 0.19765625 0.628125 0.0890625 0.040625
0 0.392578125 0.875390625 0.04453125 0.09140625
0 0.3484375 0.8875 0.0515625 0.05625
0 0.34140625 0.83359375 0.053125 0.059375
0 0.757421875 0.5390625 0.06328125 0.0609375
0 0.93203125 0.2109375 0.071875 0.065625
0 0.9875 0.22734375 0.025 0.059375
0 0.896484375 0.11015625 0.05546875 0.0671875
0 0.953125 0.105859375 0.065625 0.04609375
0 0.978125 0.11796875 0.04375 0.0890625