0 0.065625 0.510546875 0.075390625 0.058203125
0 0.129296875 0.5296875 0.083203125 0.063671875
0 0.42421875 0.419921875 0.059375 0.065625
0 0.4796875 0.428125 0.06640625 0.036328125
0 0.46328125 0.47421875 0.053125 0.07421875
0 0.42890625 0.4703125 0.051171875 0.070703125
0 0.61953125 0.421875 0.062109375 0.071484375
0 0.399609375 0.73359375 0.060546875 0.06796875
0 0.355859375 0.76640625 0.08125 0.052734375
0 0.13515625 0.856640625 0.056640625 0.0609375
0 0.5171875 0.83828125 0.059375 0.06796875
0 0.43984375 0.896484375 0.067578125 0.05625
0 0.490625 0.887890625 0.071484375 0.053515625
0 0.5671875 0.881640625 0.0734375 0.051171875
0 0.91484375 0.7171875 0.0578125 0.07890625
0 0.740234375 0.640234375 0.089453125 0.051953125
0 0.612890625 0.65390625 0.083203125 0.055078125
0 0.681640625 0.68828125 0.0640625 0.066015625
0 0.9453125 0.5046875 0.090234375 0.054296875