0 0.9765625 0.4984375 0.046484375 0.065625
0 0.983984375 0.849609375 0.03203125 0.06015625
0 0.95234375 0.8109375 0.094921875 0.065234375
0 0.894140625 0.632421875 0.072265625 0.060546875
0 0.7046875 0.556640625 0.06796875 0.0640625
0 0.766015625 0.76484375 0.07109375 0.061328125
0 0.576171875 0.330078125 0.065234375 0.053125
0 0.525390625 0.37265625 0.051171875 0.06953125
0 0.65234375 0.80234375 0.05 0.06796875
0 0.59140625 0.803515625 0.051953125 0.05546875
0 0.621484375 0.868359375 0.06171875 0.06796875
0 0.578515625 0.8953125 0.0625 0.062109375
0 0.534375 0.866015625 0.065234375 0.04921875
0 0.4953125 0.89921875 0.06796875 0.06171875
0 0.551953125 0.699609375 0.071875 0.051171875
0 0.503125 0.762109375 0.05234375 0.06875
0 0.471484375 0.721875 0.067578125 0.055859375
0 0.228515625 0.620703125 0.055078125 0.08046875
0 0.025 0.600390625 0.05 0.059375
0 0.05859375 0.69453125 0.08671875 0.062890625
0 0.0328125 0.7796875 0.0625 0.069140625
0 0.09375 0.77265625 0.070703125 0.08515625
0 0.095703125 0.866796875 0.07734375 0.0421875
0 0.15859375 0.854296875 0.0828125 0.055078125
0 0.206640625 0.78671875 0.08125 0.063671875
0 0.4421875 0.870703125 0.055078125 0.06328125
0 0.392578125 0.884765625 0.052734375 0.066015625
0 0.379296875 0.848046875 0.071875 0.053125
0 0.3296875 0.81796875 0.051171875 0.076171875
0 0.404296875 0.7890625 0.0546875 0.0734375