0 0.0265625 0.14296875 0.053125 0.100390625
0 0.07421875 0.120703125 0.06015625 0.0671875
0 0.15 0.198828125 0.087890625 0.055078125
0 0.2578125 0.275 0.065234375 0.069921875
0 0.2171875 0.33984375 0.06796875 0.071875
0 0.38984375 0.4453125 0.06875 0.0578125
0 0.64453125 0.090234375 0.06171875 0.077734375
0 0.76171875 0.0671875 0.0703125 0.059375
0 0.7625 0.153515625 0.072265625 0.062109375
0 0.9765625 0.34609375 0.046875 0.052734375
0 0.687109375 0.263671875 0.089453125 0.062890625
0 0.750390625 0.308203125 0.089453125 0.048046875
0 0.73046875 0.351171875 0.056640625 0.062890625
0 0.723046875 0.462109375 0.057421875 0.08984375
0 0.397265625 0.65546875 0.078125 0.061328125
0 0.250390625 0.8671875 0.073046875 0.05703125
0 0.323828125 0.832421875 0.073828125 0.0671875
0 0.50078125 0.88671875 0.07578125 0.069921875
0 0.556640625 0.886328125 0.04765625 0.0828125
0 0.597265625 0.891796875 0.051171875 0.078515625
0 0.63828125 0.872265625 0.051171875 0.07265625
0 0.681640625 0.84609375 0.058203125 0.07421875
0 0.67734375 0.897265625 0.056640625 0.065625
0 0.721875 0.90078125 0.0703125 0.053515625
0 0.77890625 0.887890625 0.04609375 0.07421875
0 0.820703125 0.804296875 0.06171875 0.076171875
0 0.98828125 0.728515625 0.0234375 0.06328125
0 0.987109375 0.87109375 0.02578125 0.076953125
0 0.941796875 0.846484375 0.0765625 0.0578125
0 0.85234375 0.879296875 0.050390625 0.0796875
0 0.892578125 0.890625 0.05390625 0.065625
0 0.940234375 0.895703125 0.0625 0.060546875
0 0.976171875 0.908984375 0.04765625 0.04140625