0 0.566015625 0.8796875 0.058203125 0.048046875
0 0.51953125 0.87421875 0.0640625 0.051171875
0 0.59609375 0.88125 0.05703125 0.05859375
0 0.58359375 0.83203125 0.044921875 0.071484375
0 0.63671875 0.86484375 0.051171875 0.069921875
0 0.613671875 0.840625 0.06328125 0.05859375
0 0.550390625 0.83828125 0.048046875 0.067578125
0 0.526953125 0.803515625 0.055078125 0.071484375
0 0.5578125 0.775 0.0546875 0.074609375
0 0.501953125 0.835546875 0.06796875 0.057421875
0 0.463671875 0.874609375 0.07421875 0.059375
0 0.464453125 0.805078125 0.05625 0.065625
0 0.38359375 0.7171875 0.084765625 0.061328125
0 0.735546875 0.571875 0.090625 0.049609375
0 0.937109375 0.697265625 0.0765625 0.06171875
0 0.93515625 0.756640625 0.066015625 0.073046875
0 0.875 0.5203125 0.0671875 0.0859375
0 0.96328125 0.516015625 0.0578125 0.08515625
0 0.848828125 0.36640625 0.058203125 0.078125
0 0.568359375 0.42421875 0.0578125 0.087890625
0 0.437109375 0.40859375 0.06640625 0.056640625
0 0.380859375 0.38828125 0.053125 0.081640625
0 0.430078125 0.358203125 0.0765625 0.0484375
0 0.4140625 0.309765625 0.051953125 0.08203125
0 0.34453125 0.32265625 0.08671875 0.050390625
0 0.35546875 0.3609375 0.073046875 0.04609375
0 0.192578125 0.4390625 0.069921875 0.074609375
0 0.639453125 0.35234375 0.073046875 0.0578125
0 0.644921875 0.309375 0.0765625 0.04453125
0 0.77578125 0.290625 0.09453125 0.053125
0 0.74140625 0.25546875 0.05 0.073828125
0 0.786328125 0.213671875 0.085546875 0.053515625
0 0.790625 0.14375 0.0546875 0.0859375
0 0.907421875 0.113671875 0.071484375 0.075
0 0.947265625 0.112890625 0.05703125 0.071484375
0 0.982421875 0.119921875 0.03515625 0.07265625
0 0.97109375 0.191015625 0.0578125 0.069921875
0 0.7046875 0.1046875 0.0640625 0.0546875
0 0.634765625 0.240625 0.0578125 0.074609375
0 0.6375 0.19296875 0.075390625 0.049609375
0 0.683203125 0.1546875 0.03984375 0.06875
0 0.64609375 0.139453125 0.058203125 0.06796875
0 0.649609375 0.09921875 0.076171875 0.050390625
0 0.6078125 0.1234375 0.05390625 0.080859375
0 0.571484375 0.18203125 0.05 0.07265625
0 0.565625 0.10390625 0.0578125 0.056640625
0 0.53359375 0.154296875 0.05 0.075
0 0.525 0.108984375 0.045703125 0.071875
0 0.488671875 0.186328125 0.045703125 0.08203125
0 0.483203125 0.108203125 0.05 0.078125
0 0.45078125 0.194140625 0.046875 0.069921875
0 0.418359375 0.182421875 0.046875 0.073046875
0 0.460546875 0.145703125 0.055078125 0.0453125
0 0.453125 0.108984375 0.04765625 0.056640625
0 0.42109375 0.131640625 0.049609375 0.059375
0 0.420703125 0.090625 0.058984375 0.04609375
0 0.3671875 0.175 0.0703125 0.06484375
0 0.386328125 0.13828125 0.05 0.075
0 0.3890625 0.09609375 0.0546875 0.0515625
0 0.36015625 0.110546875 0.040625 0.071484375
0 0.330859375 0.1359375 0.051953125 0.08671875
0 0.323046875 0.09765625 0.061328125 0.044140625
0 0.28984375 0.13671875 0.065234375 0.048046875
0 0.273046875 0.096875 0.073046875 0.0578125
0 0.265234375 0.196875 0.0578125 0.073046875
0 0.17265625 0.223828125 0.069140625 0.075
0 0.026171875 0.25703125 0.051953125 0.078125
0 0.10390625 0.251953125 0.075 0.0546875
0 0.2390625 0.13984375 0.055859375 0.0578125
0 0.233984375 0.101953125 0.058203125 0.065625
0 0.19765625 0.172265625 0.069921875 0.05546875
0 0.13828125 0.17890625 0.07734375 0.057421875
0 0.18046875 0.1359375 0.051171875 0.06484375
0 0.195703125 0.09375 0.05390625 0.056640625
0 0.156640625 0.09375 0.045703125 0.04921875
0 0.14375 0.13125 0.05625 0.066796875
0 0.11015625 0.13671875 0.046875 0.060546875
0 0.114453125 0.0890625 0.044921875 0.05625
0 0.084765625 0.092578125 0.052734375 0.0625
0 0.087109375 0.149609375 0.05 0.057421875
0 0.078515625 0.178125 0.062109375 0.044140625
0 0.051171875 0.181640625 0.048828125 0.0390625
0 0.054296875 0.1359375 0.058984375 0.067578125
0 0.04921875 0.0859375 0.04765625 0.049609375
0 0.021484375 0.087890625 0.04296875 0.0515625
0 0.023046875 0.126953125 0.04609375 0.0421875
0 0.01484375 0.171484375 0.0296875 0.0625
0 0.028125 0.524609375 0.05625 0.08046875
0 0.044140625 0.663671875 0.070703125 0.058203125
0 0.284375 0.928125 0.0578125 0.091015625