0 0.015625 0.855859375 0.03125 0.06953125
0 0.053125 0.81171875 0.05 0.0625
0 0.15390625 0.878515625 0.05546875 0.0828125
0 0.097265625 0.79921875 0.04375 0.05390625
0 0.13203125 0.82421875 0.05078125 0.0546875
0 0.301171875 0.69375 0.0671875 0.0578125
0 0.322265625 0.740234375 0.06640625 0.041015625
0 0.273828125 0.76328125 0.04375 0.0671875
0 0.22890625 0.765625 0.06171875 0.06640625
0 0.232421875 0.81484375 0.05078125 0.0734375
0 0.199609375 0.82265625 0.04609375 0.0828125
0 0.16328125 0.78359375 0.046875 0.067578125