0 0.038671875 0.15703125 0.07734375 0.075390625
0 0.083203125 0.12421875 0.086328125 0.073046875
0 0.1890625 0.123046875 0.080859375 0.066015625
0 0.501953125 0.139453125 0.06015625 0.096484375
0 0.068359375 0.374609375 0.09375 0.061328125
0 0.4015625 0.4890625 0.086328125 0.06171875
0 0.385546875 0.53203125 0.081640625 0.06484375
0 0.3953125 0.5984375 0.0953125 0.05078125
0 0.541796875 0.69609375 0.072265625 0.056640625
0 0.49140625 0.728125 0.06484375 0.068359375
0 0.469921875 0.765625 0.087109375 0.051171875
0 0.19921875 0.674609375 0.090625 0.0671875
0 0.06328125 0.578515625 0.0640625 0.081640625
0 0.180078125 0.746484375 0.067578125 0.0796875
0 0.1859375 0.814453125 0.07734375 0.077734375
0 0.428515625 0.85078125 0.057421875 0.075
0 0.558203125 0.816015625 0.062109375 0.0796875
0 0.340625 0.844140625 0.05 0.06171875
0 0.393359375 0.890625 0.066015625 0.060546875
0 0.044921875 0.829296875 0.056640625 0.083203125
0 0.010546875 0.869921875 0.02109375 0.07578125
0 0.770703125 0.85703125 0.0828125 0.071875
0 0.731640625 0.88828125 0.07734375 0.07109375
0 0.6953125 0.5828125 0.06484375 0.083203125
0 0.859765625 0.555078125 0.06171875 0.0953125
0 0.916796875 0.5640625 0.075 0.07109375
0 0.6625 0.35078125 0.05703125 0.089453125
0 0.906640625 0.16484375 0.060546875 0.08203125
0 0.806640625 0.15234375 0.09140625 0.062890625
0 0.619921875 0.130078125 0.0828125 0.064453125