0 0.590625 0.812890625 0.0671875 0.04921875
0 0.87734375 0.6625 0.0484375 0.0609375
0 0.948828125 0.594921875 0.06015625 0.05859375
0 0.938671875 0.6625 0.04765625 0.0578125
0 0.926953125 0.841796875 0.06484375 0.05703125
0 0.430859375 0.650390625 0.07890625 0.07109375
0 0.30625 0.558984375 0.053125 0.06328125
0 0.409765625 0.2671875 0.06328125 0.08125
0 0.260546875 0.403515625 0.08515625 0.05234375
0 0.51875 0.255078125 0.0609375 0.06328125
0 0.588671875 0.243359375 0.06328125 0.06171875
0 0.5828125 0.197265625 0.0671875 0.03671875
0 0.652734375 0.171484375 0.05546875 0.04765625
0 0.7203125 0.165234375 0.0609375 0.05234375
0 0.720703125 0.276953125 0.04453125 0.06015625
0 0.765625 0.28046875 0.0515625 0.0671875
0 0.123828125 0.41328125 0.07421875 0.040625
0 0.090625 0.448828125 0.059375 0.04453125
0 0.158984375 0.51484375 0.05859375 0.059375
0 0.108203125 0.51953125 0.05859375 0.0375
0 0.20078125 0.602734375 0.053125 0.06640625
0 0.221484375 0.71015625 0.06796875 0.059375
0 0.1078125 0.758203125 0.0453125 0.06171875
0 0.11640625 0.853515625 0.046875 0.05703125
0 0.1265625 0.883203125 0.040625 0.03984375
0 0.147265625 0.884375 0.05703125 0.0390625
0 0.090234375 0.708203125 0.04296875 0.03828125
0 0.12421875 0.709375 0.0625 0.0359375
0 0.149609375 0.637890625 0.05078125 0.04921875
0 0.090234375 0.664453125 0.04296875 0.05078125
0 0.1171875 0.658203125 0.059375 0.05546875
0 0.10390625 0.62109375 0.0734375 0.0359375
0 0.144140625 0.5765625 0.06796875 0.0625
0 0.094921875 0.59296875 0.06015625 0.0296875
0 0.091796875 0.559375 0.04453125 0.0421875
0 0.088671875 0.297265625 0.04453125 0.05234375
0 0.0890625 0.265625 0.046875 0.0359375
0 0.097265625 0.243359375 0.06015625 0.05546875
0 0.246875 0.272265625 0.0546875 0.04765625
0 0.265625 0.201953125 0.078125 0.06015625
0 0.194140625 0.20625 0.06171875 0.05625
0 0.1015625 0.208984375 0.0484375 0.03359375
0 0.92265625 0.0921875 0.046875 0.0734375
0 0.8296875 0.153125 0.05625 0.034375
0 0.857421875 0.19921875 0.06015625 0.0453125
0 0.93203125 0.171484375 0.0421875 0.07109375
0 0.9796875 0.13515625 0.040625 0.0671875
0 0.98046875 0.080859375 0.0390625 0.05703125
0 0.0875 0.169140625 0.028125 0.03984375
0 0.10234375 0.091796875 0.0359375 0.03203125
0 0.10390625 0.128515625 0.04375 0.04140625
0 0.11953125 0.169140625 0.0390625 0.04140625
0 0.296484375 0.08671875 0.05703125 0.0625
0 0.381640625 0.06484375 0.04765625 0.053125
0 0.385546875 0.10703125 0.06484375 0.04375
0 0.423828125 0.15 0.05078125 0.0578125
0 0.40859375 0.058203125 0.0453125 0.04296875
0 0.45234375 0.0640625 0.053125 0.0390625
0 0.434765625 0.096875 0.04453125 0.040625
0 0.46640625 0.121875 0.0421875 0.0515625
0 0.48984375 0.096875 0.046875 0.0546875
0 0.49296875 0.06328125 0.0328125 0.034375
0 0.51328125 0.069921875 0.0515625 0.06171875
0 0.5515625 0.090625 0.0421875 0.0734375
0 0.598046875 0.105078125 0.06171875 0.05703125
0 0.678515625 0.07265625 0.06796875 0.046875
0 0.671484375 0.105078125 0.05078125 0.04609375
0 0.783203125 0.080859375 0.04453125 0.07109375
0 0.74609375 0.06953125 0.0421875 0.059375
0 0.71953125 0.097265625 0.0359375 0.05078125
0 0.711328125 0.051953125 0.05390625 0.03046875
0 0.2546875 0.071484375 0.05625 0.02421875
0 0.21484375 0.133984375 0.05 0.06640625
0 0.13359375 0.135546875 0.046875 0.04140625
0 0.201171875 0.07734375 0.06328125 0.046875
0 0.151171875 0.091015625 0.05078125 0.04140625