0 0.05546875 0.4953125 0.069921875 0.05859375
0 0.01796875 0.516796875 0.0359375 0.06640625
0 0.06953125 0.528515625 0.069921875 0.044140625
0 0.055078125 0.566015625 0.097265625 0.050390625
0 0.013671875 0.576171875 0.02734375 0.07578125
0 0.14765625 0.5609375 0.08515625 0.061328125
0 0.200390625 0.5578125 0.0671875 0.071484375
0 0.291015625 0.556640625 0.069140625 0.0703125
0 0.19921875 0.512109375 0.06953125 0.0609375
0 0.137109375 0.594921875 0.070703125 0.055078125
0 0.0796875 0.595703125 0.0515625 0.050390625
0 0.0375 0.610546875 0.0578125 0.044921875
0 0.109765625 0.627734375 0.071484375 0.05546875
0 0.13125 0.66171875 0.078515625 0.053125
0 0.1421875 0.704296875 0.083984375 0.0421875
0 0.136328125 0.755859375 0.0640625 0.07578125
0 0.088671875 0.720703125 0.05234375 0.048828125
0 0.07734375 0.681640625 0.060546875 0.051171875
0 0.05546875 0.64453125 0.04921875 0.048046875
0 0.019921875 0.649609375 0.03984375 0.07421875
0 0.011328125 0.684765625 0.02265625 0.037109375
0 0.0484375 0.712109375 0.0609375 0.074609375
0 0.019140625 0.73359375 0.03828125 0.0671875
0 0.221875 0.75859375 0.075 0.05703125
0 0.235546875 0.80625 0.062890625 0.0703125
0 0.281640625 0.800390625 0.06953125 0.055859375
0 0.401953125 0.637890625 0.058203125 0.080859375
0 0.513671875 0.77265625 0.08125 0.066796875
0 0.534375 0.83125 0.060546875 0.075390625
0 0.494921875 0.820703125 0.040234375 0.080859375
0 0.4609375 0.81171875 0.0484375 0.0875
0 0.424609375 0.809765625 0.052734375 0.08359375
0 0.4203125 0.755859375 0.07265625 0.07265625
0 0.383984375 0.708984375 0.064453125 0.076171875
0 0.33828125 0.682421875 0.066796875 0.066015625
0 0.305859375 0.6609375 0.051171875 0.080859375
0 0.34921875 0.7828125 0.053125 0.071484375
0 0.3859375 0.82578125 0.05546875 0.0859375
0 0.373046875 0.8796875 0.0484375 0.076953125
0 0.310546875 0.869921875 0.0609375 0.06171875
0 0.98203125 0.641015625 0.0359375 0.045703125
0 0.9734375 0.6921875 0.052734375 0.06328125
0 0.9890625 0.7609375 0.021875 0.067578125
0 0.96328125 0.755078125 0.066015625 0.08984375
0 0.891015625 0.732421875 0.071484375 0.05390625
0 0.88203125 0.7890625 0.06015625 0.092578125
0 0.79453125 0.86875 0.054296875 0.033203125
0 0.905859375 0.867578125 0.055078125 0.027734375
0 0.68671875 0.875390625 0.0671875 0.077734375
0 0.633984375 0.810546875 0.07890625 0.057421875
0 0.633203125 0.7578125 0.07890625 0.066015625
0 0.709375 0.78671875 0.077734375 0.055859375
0 0.83046875 0.76796875 0.065234375 0.06484375
0 0.775390625 0.7921875 0.0484375 0.06875
0 0.8234375 0.7296875 0.076171875 0.053125
0 0.77734375 0.7171875 0.06796875 0.0546875
0 0.7390625 0.744921875 0.0578125 0.069921875
0 0.762109375 0.765234375 0.05703125 0.051171875
0 0.7046875 0.724609375 0.061328125 0.067578125
0 0.67421875 0.700390625 0.059375 0.0484375
0 0.66171875 0.66015625 0.065625 0.065234375
0 0.704296875 0.660546875 0.05 0.073828125
0 0.741015625 0.67109375 0.046484375 0.068359375
0 0.823046875 0.69375 0.081640625 0.041015625
0 0.87734375 0.687109375 0.055859375 0.052734375
0 0.908203125 0.61640625 0.06875 0.059765625
0 0.855859375 0.597265625 0.056640625 0.0640625
0 0.858984375 0.638671875 0.068359375 0.056640625
0 0.81015625 0.65 0.05234375 0.05234375
0 0.77890625 0.6609375 0.05546875 0.068359375
0 0.806640625 0.60625 0.06484375 0.054296875