0 0.877734375 0.812890625 0.053515625 0.071875
0 0.8734375 0.726171875 0.066796875 0.054296875
0 0.9203125 0.7828125 0.051171875 0.063671875
0 0.940234375 0.81953125 0.05234375 0.060546875
0 0.821875 0.6234375 0.051171875 0.064453125
0 0.760546875 0.6484375 0.06796875 0.051953125
0 0.790234375 0.69609375 0.05546875 0.054296875
0 0.651171875 0.594921875 0.05546875 0.072265625
0 0.678515625 0.7625 0.0578125 0.0625
0 0.433203125 0.740234375 0.07265625 0.056640625
0 0.377734375 0.73125 0.0640625 0.071875
0 0.314453125 0.748046875 0.08046875 0.063671875
0 0.2984375 0.79453125 0.0625 0.067578125
0 0.42578125 0.860546875 0.071875 0.051171875
0 0.517578125 0.79140625 0.067578125 0.098046875
0 0.5734375 0.826953125 0.0671875 0.071484375
0 0.55078125 0.879296875 0.065625 0.076171875
0 0.287890625 0.8578125 0.06953125 0.054296875
0 0.248046875 0.859375 0.049609375 0.069921875
0 0.42734375 0.37734375 0.052734375 0.066015625
0 0.503125 0.46484375 0.0734375 0.051953125
0 0.600390625 0.45390625 0.0734375 0.052734375
0 0.1765625 0.11328125 0.059765625 0.051953125
0 0.160546875 0.144921875 0.050390625 0.040234375
0 0.15234375 0.16875 0.03671875 0.041796875
0 0.196484375 0.17265625 0.05703125 0.044921875
0 0.1765625 0.2015625 0.061328125 0.040625
0 0.21875 0.2265625 0.040234375 0.062890625
0 0.253125 0.23828125 0.04375 0.06640625
0 0.2625 0.3234375 0.072265625 0.0640625
0 0.227734375 0.386328125 0.06171875 0.06640625
0 0.14765625 0.4484375 0.0703125 0.05234375
0 0.1546875 0.49140625 0.06875 0.04140625
0 0.21171875 0.505078125 0.052734375 0.068359375
0 0.162890625 0.522265625 0.058203125 0.0453125
0 0.196484375 0.548046875 0.066015625 0.05234375
0 0.316015625 0.571875 0.059375 0.06640625
0 0.378515625 0.541796875 0.069140625 0.065625
0 0.436328125 0.531640625 0.067578125 0.0453125
0 0.319921875 0.33046875 0.06640625 0.04453125
0 0.332421875 0.22578125 0.055859375 0.059375
0 0.37265625 0.214453125 0.06875 0.06171875
0 0.488671875 0.222265625 0.06953125 0.051953125
0 0.2046875 0.24765625 0.054296875 0.050390625
0 0.216796875 0.3 0.054296875 0.061328125
0 0.154296875 0.228125 0.051171875 0.037109375
0 0.156640625 0.260546875 0.06171875 0.042578125
0 0.16015625 0.291796875 0.065625 0.044140625
0 0.158203125 0.320703125 0.060546875 0.040625
0 0.155859375 0.358203125 0.05078125 0.05390625
0 0.185546875 0.405078125 0.06640625 0.078515625
0 0.144921875 0.403125 0.04765625 0.063671875
0 0.149609375 0.5578125 0.046875 0.0484375
0 0.163671875 0.59140625 0.043359375 0.04453125
0 0.18671875 0.597265625 0.04375 0.043359375
0 0.2234375 0.60078125 0.073828125 0.051953125
0 0.142578125 0.69296875 0.0640625 0.05
0 0.20078125 0.673046875 0.05234375 0.04296875
0 0.237109375 0.651171875 0.04765625 0.061328125
0 0.196875 0.632421875 0.04921875 0.062109375
0 0.1515625 0.6390625 0.044140625 0.0578125
0 0.173046875 0.709765625 0.063671875 0.040625
0 0.22578125 0.744140625 0.051171875 0.06171875
0 0.23046875 0.78515625 0.055859375 0.03671875
0 0.230859375 0.8171875 0.05703125 0.047265625
0 0.193359375 0.8484375 0.046875 0.064453125
0 0.207421875 0.8734375 0.048828125 0.039453125
0 0.162109375 0.862890625 0.0296875 0.04609375
0 0.155078125 0.82109375 0.03984375 0.037890625
0 0.150390625 0.778125 0.0296875 0.045703125
0 0.155078125 0.740625 0.039453125 0.034375
0 0.1984375 0.751953125 0.042578125 0.048046875
0 0.187890625 0.76875 0.0515625 0.038671875
0 0.201171875 0.803125 0.040625 0.033984375
0 0.173828125 0.793359375 0.037109375 0.037890625
0 0.766015625 0.390234375 0.04921875 0.071875
0 0.730078125 0.386328125 0.04453125 0.066015625
0 0.8546875 0.097265625 0.06796875 0.050390625
0 0.9796875 0.091015625 0.040234375 0.053515625
0 0.918359375 0.089453125 0.0671875 0.048828125
0 0.919921875 0.200390625 0.054296875 0.072265625
0 0.871484375 0.2125 0.055859375 0.0640625
0 0.964453125 0.16953125 0.056640625 0.04375
0 0.987890625 0.14140625 0.02421875 0.059375
0 0.962890625 0.126953125 0.05078125 0.052734375
0 0.952734375 0.0953125 0.04140625 0.056640625
0 0.919140625 0.137890625 0.047265625 0.06328125
0 0.87421875 0.1578125 0.044921875 0.061328125
0 0.84296875 0.16484375 0.056640625 0.039453125
0 0.654296875 0.18671875 0.074609375 0.06953125
0 0.805078125 0.109375 0.041796875 0.051171875
0 0.72578125 0.118359375 0.05703125 0.0640625
0 0.741796875 0.0953125 0.0484375 0.048046875
0 0.777734375 0.094921875 0.040234375 0.047265625
0 0.601953125 0.189453125 0.042578125 0.06875
0 0.691015625 0.116015625 0.04296875 0.058984375
0 0.651953125 0.092578125 0.04375 0.046875
0 0.636328125 0.114453125 0.047265625 0.048828125
0 0.60703125 0.1203125 0.0453125 0.06875
0 0.547265625 0.126953125 0.042578125 0.065625
0 0.584375 0.137890625 0.042578125 0.06015625
0 0.496484375 0.156640625 0.0515625 0.0609375
0 0.523828125 0.184375 0.059765625 0.050390625
0 0.5078125 0.108203125 0.0390625 0.058984375
0 0.52890625 0.08671875 0.0484375 0.033203125
0 0.5953125 0.08515625 0.057421875 0.0359375
0 0.56015625 0.094921875 0.04609375 0.030078125
0 0.272265625 0.269921875 0.050390625 0.054296875
0 0.316796875 0.2875 0.067578125 0.0578125
0 0.285546875 0.243359375 0.05546875 0.051953125
0 0.43125 0.108203125 0.05390625 0.065625
0 0.4703125 0.094140625 0.046484375 0.048046875
0 0.47578125 0.1296875 0.048828125 0.04296875
0 0.396484375 0.115625 0.0453125 0.075
0 0.448828125 0.204296875 0.05390625 0.05859375
0 0.43671875 0.162890625 0.06328125 0.045703125
0 0.416015625 0.19921875 0.05 0.065234375
0 0.36328125 0.098046875 0.04609375 0.044140625
0 0.344140625 0.113671875 0.055859375 0.0625
0 0.381640625 0.155859375 0.06640625 0.0546875
0 0.273828125 0.166015625 0.0578125 0.065625
0 0.309375 0.10390625 0.046875 0.069921875
0 0.275390625 0.101953125 0.05234375 0.05625
0 0.21640625 0.115625 0.035546875 0.0515625
0 0.23828125 0.096484375 0.04296875 0.03984375
0 0.2453125 0.135546875 0.0609375 0.0421875