0 0.893359375 0.821875 0.081640625 0.071484375
0 0.544140625 0.761328125 0.08125 0.064453125
0 0.46328125 0.829296875 0.07734375 0.0734375
0 0.478515625 0.875390625 0.05859375 0.08046875
0 0.54765625 0.835546875 0.075 0.077734375
0 0.532421875 0.876171875 0.066796875 0.09453125
0 0.584765625 0.890625 0.0671875 0.06015625
0 0.9765625 0.671484375 0.046875 0.090234375
0 0.927734375 0.684765625 0.071484375 0.065234375
0 0.714453125 0.518359375 0.0859375 0.062890625
0 0.56171875 0.526953125 0.07890625 0.06875
0 0.794140625 0.275 0.075390625 0.0734375
0 0.854296875 0.22109375 0.087890625 0.061328125
0 0.980078125 0.059375 0.03984375 0.0484375
0 0.93984375 0.057421875 0.05703125 0.069921875
0 0.8921875 0.05546875 0.084375 0.0671875
0 0.955078125 0.09921875 0.073828125 0.0625
0 0.89765625 0.1046875 0.055859375 0.078125
0 0.840625 0.105078125 0.066015625 0.069140625
0 0.7890625 0.07265625 0.05859375 0.0703125
0 0.74921875 0.083984375 0.055078125 0.0953125
0 0.7140625 0.075 0.04453125 0.083984375
0 0.6828125 0.0484375 0.070703125 0.04921875
0 0.680078125 0.086328125 0.051953125 0.086328125
0 0.546484375 0.09296875 0.061328125 0.088671875
0 0.587890625 0.116796875 0.078515625 0.063671875
0 0.6 0.0578125 0.075 0.058203125
0 0.64140625 0.071875 0.043359375 0.07109375
0 0.65234375 0.1328125 0.068359375 0.08515625
0 0.0203125 0.091796875 0.040625 0.09609375
0 0.113671875 0.059765625 0.102734375 0.065625
0 0.105078125 0.11875 0.072265625 0.09453125
0 0.19296875 0.1640625 0.06953125 0.0875
0 0.14921875 0.09375 0.06328125 0.093359375
0 0.0265625 0.6671875 0.053125 0.081640625
0 0.13984375 0.580078125 0.06484375 0.10234375
0 0.1875 0.656640625 0.07265625 0.101171875
0 0.372265625 0.561328125 0.08359375 0.06484375
0 0.25625 0.621484375 0.0765625 0.053125
0 0.3609375 0.61328125 0.100390625 0.052734375
0 0.309765625 0.77421875 0.08359375 0.0625
0 0.287109375 0.83203125 0.06015625 0.0671875
0 0.2625 0.79609375 0.0671875 0.073046875
0 0.341796875 0.817578125 0.05625 0.08046875