0 0.637890625 0.8796875 0.05546875 0.059765625
0 0.80390625 0.87109375 0.079296875 0.055078125
0 0.609765625 0.757421875 0.0734375 0.052734375
0 0.556640625 0.691796875 0.0765625 0.05
0 0.355078125 0.630078125 0.078515625 0.07734375
0 0.40703125 0.55234375 0.0734375 0.041015625
0 0.446875 0.57109375 0.05546875 0.073828125
0 0.275390625 0.70546875 0.09296875 0.06875
0 0.292578125 0.78203125 0.065234375 0.06328125
0 0.887109375 0.502734375 0.045703125 0.06953125
0 0.81328125 0.544140625 0.084765625 0.04609375
0 0.4390625 0.1984375 0.07421875 0.0578125
0 0.278515625 0.28984375 0.0609375 0.079296875
0 0.412890625 0.3453125 0.077734375 0.071484375
0 0.409375 0.39765625 0.079296875 0.056640625
0 0.523046875 0.45859375 0.064453125 0.04921875
0 0.630078125 0.337109375 0.0640625 0.055078125
0 0.877734375 0.123828125 0.073046875 0.05
0 0.141015625 0.669921875 0.064453125 0.075
0 0.078515625 0.69453125 0.07578125 0.06015625
0 0.186328125 0.8671875 0.05703125 0.0578125
0 0.133203125 0.801171875 0.0703125 0.04609375
0 0.1015625 0.840625 0.03125 0.058203125
0 0.13203125 0.834375 0.048828125 0.0375
0 0.1421875 0.885546875 0.049609375 0.04921875
0 0.14296875 0.858984375 0.045703125 0.03046875
0 0.11484375 0.871484375 0.035546875 0.051953125
0 0.119140625 0.1046875 0.0421875 0.045703125
0 0.1 0.11640625 0.03515625 0.055078125
0 0.196484375 0.116015625 0.052734375 0.061328125
0 0.09609375 0.23359375 0.043359375 0.073828125
0 0.207421875 0.1703125 0.07109375 0.065625
0 0.12421875 0.148828125 0.068359375 0.03515625
0 0.18046875 0.187890625 0.058984375 0.06796875
0 0.110546875 0.1859375 0.062109375 0.071484375
0 0.883984375 0.160546875 0.048828125 0.06796875
0 0.90625 0.179296875 0.055078125 0.062890625
0 0.8671875 0.306640625 0.0734375 0.048828125
0 0.975390625 0.390625 0.04921875 0.0640625
0 0.096484375 0.492578125 0.06796875 0.043359375
0 0.163671875 0.5015625 0.06484375 0.048046875
0 0.11328125 0.521875 0.066796875 0.05
0 0.225 0.494140625 0.058984375 0.061328125
0 0.182421875 0.548046875 0.08203125 0.058984375
0 0.144921875 0.234765625 0.058203125 0.043359375