0 0.161328125 0.104296875 0.05078125 0.041015625
0 0.15546875 0.14375 0.04453125 0.039453125
0 0.179296875 0.13515625 0.04375 0.040625
0 0.228125 0.108984375 0.05703125 0.046484375
0 0.274609375 0.10546875 0.049609375 0.038671875
0 0.3234375 0.101171875 0.06171875 0.046875
0 0.363671875 0.12421875 0.05 0.067578125
0 0.39765625 0.090625 0.0609375 0.03984375
0 0.449609375 0.098046875 0.041015625 0.059375
0 0.504296875 0.076171875 0.0390625 0.0625
0 0.553515625 0.0921875 0.07578125 0.058984375
0 0.60546875 0.130078125 0.050390625 0.075390625
0 0.612890625 0.09453125 0.030859375 0.03984375
0 0.637890625 0.09375 0.044921875 0.08984375
0 0.559765625 0.192578125 0.06484375 0.052734375
0 0.466015625 0.162109375 0.03828125 0.06171875
0 0.384765625 0.27734375 0.0625 0.04609375
0 0.4984375 0.31953125 0.0546875 0.070703125
0 0.6109375 0.184765625 0.043359375 0.0578125
0 0.63046875 0.211328125 0.0734375 0.054296875
0 0.613671875 0.255859375 0.068359375 0.046484375
0 0.316796875 0.230859375 0.0640625 0.065625
0 0.41015625 0.225390625 0.06015625 0.069921875
0 0.156640625 0.28125 0.062890625 0.04296875
0 0.23984375 0.265234375 0.065625 0.044140625
0 0.26640625 0.300390625 0.07265625 0.0453125
0 0.162890625 0.32578125 0.065625 0.043359375
0 0.15703125 0.3625 0.053515625 0.06015625
0 0.20625 0.368359375 0.058984375 0.05390625
0 0.346875 0.362109375 0.083984375 0.067578125
0 0.283984375 0.180859375 0.08671875 0.048828125
0 0.291796875 0.139453125 0.050390625 0.041015625
0 0.328125 0.14140625 0.058984375 0.05859375
0 0.3390625 0.196484375 0.046484375 0.062890625
0 0.378515625 0.220703125 0.042578125 0.06015625
0 0.207421875 0.192578125 0.05546875 0.053125
0 0.21640625 0.140625 0.047265625 0.052734375
0 0.175390625 0.18359375 0.03828125 0.055078125
0 0.148828125 0.203125 0.037890625 0.03984375
0 0.146875 0.2421875 0.03046875 0.034765625
0 0.18203125 0.237109375 0.048046875 0.04765625
0 0.215625 0.22578125 0.027734375 0.032421875
0 0.202734375 0.306640625 0.06640625 0.03828125
0 0.208203125 0.28671875 0.04921875 0.030859375
0 0.15703125 0.4078125 0.0609375 0.03515625
0 0.351171875 0.4828125 0.058203125 0.057421875
0 0.278515625 0.528515625 0.05703125 0.0640625
0 0.2390625 0.505859375 0.053125 0.065234375
0 0.187890625 0.42734375 0.034375 0.0546875
0 0.219921875 0.429296875 0.031640625 0.037890625
0 0.25234375 0.42265625 0.04765625 0.050390625
0 0.221875 0.4640625 0.0875 0.042578125
0 0.3515625 0.778515625 0.0765625 0.04921875
0 0.40703125 0.661328125 0.067578125 0.059375
0 0.386328125 0.70390625 0.05859375 0.0546875
0 0.370703125 0.73671875 0.060546875 0.046875
0 0.458984375 0.734375 0.0703125 0.071484375
0 0.273046875 0.578515625 0.076953125 0.062890625
0 0.259765625 0.624609375 0.058203125 0.048046875
0 0.309375 0.6328125 0.08359375 0.060546875
0 0.28359375 0.65859375 0.071484375 0.039453125
0 0.384765625 0.8640625 0.074609375 0.075390625
0 0.451171875 0.82421875 0.057421875 0.066796875
0 0.48515625 0.8453125 0.053125 0.06484375
0 0.54140625 0.85078125 0.055859375 0.0734375
0 0.271484375 0.712890625 0.07265625 0.03671875
0 0.325390625 0.765625 0.059375 0.068359375
0 0.309375 0.74296875 0.048828125 0.06015625
0 0.1453125 0.694921875 0.05078125 0.040625
0 0.217578125 0.56015625 0.05390625 0.051171875
0 0.16875 0.465234375 0.057421875 0.03359375
0 0.153125 0.4390625 0.0515625 0.04375
0 0.147265625 0.484375 0.034375 0.040234375
0 0.1875 0.494921875 0.05234375 0.034765625
0 0.19375 0.528125 0.062109375 0.037109375
0 0.14296875 0.526171875 0.044140625 0.043359375
0 0.18359375 0.565234375 0.046484375 0.043359375
0 0.143359375 0.566796875 0.038671875 0.051171875
0 0.16484375 0.57734375 0.03984375 0.031640625
0 0.179296875 0.6125 0.0546875 0.0484375
0 0.2125 0.603125 0.052734375 0.05078125
0 0.152734375 0.609375 0.037890625 0.05859375
0 0.137109375 0.644921875 0.041796875 0.0328125
0 0.179296875 0.64140625 0.038671875 0.041796875
0 0.27109375 0.686328125 0.058984375 0.03203125
0 0.22265625 0.79296875 0.053515625 0.02734375
0 0.271484375 0.771484375 0.056640625 0.0359375
0 0.1703125 0.85859375 0.03515625 0.05
0 0.169921875 0.81484375 0.0359375 0.052734375
0 0.2859375 0.816015625 0.09375 0.049609375
0 0.29921875 0.84296875 0.0671875 0.03125
0 0.2171875 0.74296875 0.053125 0.043359375
0 0.266015625 0.74453125 0.0515625 0.034375
0 0.239453125 0.668359375 0.0453125 0.06015625
0 0.1640625 0.768359375 0.046484375 0.047265625
0 0.204296875 0.76015625 0.0515625 0.04140625
0 0.163671875 0.725390625 0.056640625 0.038671875
0 0.221484375 0.833984375 0.0375 0.03828125
0 0.256640625 0.8421875 0.053125 0.044921875
0 0.20390625 0.8515625 0.043359375 0.048046875
0 0.21796875 0.866796875 0.043359375 0.04296875
0 0.2578125 0.87734375 0.0453125 0.0296875
0 0.1953125 0.816015625 0.033984375 0.05234375
0 0.203125 0.714453125 0.029296875 0.029296875
0 0.20390625 0.68828125 0.044140625 0.044140625
0 0.221484375 0.64140625 0.041796875 0.0453125
0 0.16484375 0.678125 0.0390625 0.051171875
0 0.36875 0.523046875 0.06875 0.050390625
0 0.49921875 0.55078125 0.062109375 0.0703125
0 0.4109375 0.571484375 0.061328125 0.059765625
0 0.462890625 0.5953125 0.06484375 0.04765625
0 0.525 0.7734375 0.05546875 0.069140625
0 0.59140625 0.782421875 0.05 0.064453125
0 0.708984375 0.77109375 0.069140625 0.057421875
0 0.61328125 0.85859375 0.055078125 0.073046875
0 0.59140625 0.698828125 0.046484375 0.068359375
0 0.8203125 0.832421875 0.068359375 0.04921875
0 0.730078125 0.56640625 0.053125 0.05390625
0 0.9265625 0.3140625 0.059765625 0.059375
0 0.932421875 0.401953125 0.05625 0.06875
0 0.768359375 0.2734375 0.066015625 0.078515625
0 0.816015625 0.2296875 0.044921875 0.07265625
0 0.85234375 0.22890625 0.05625 0.071484375
0 0.903515625 0.217578125 0.046875 0.06328125
0 0.7703125 0.21171875 0.058203125 0.044921875
0 0.830078125 0.1125 0.042578125 0.074609375
0 0.956640625 0.101171875 0.058984375 0.05390625
0 0.71171875 0.140625 0.04921875 0.066796875
0 0.70625 0.101171875 0.041015625 0.04453125
0 0.670703125 0.08203125 0.048828125 0.089453125
0 0.740234375 0.11484375 0.05625 0.053515625
0 0.758203125 0.091015625 0.076953125 0.037890625
0 0.79375 0.1234375 0.041796875 0.071875
0 0.81640625 0.167578125 0.0671875 0.04921875
0 0.874609375 0.152734375 0.056640625 0.0546875
0 0.8765625 0.1890625 0.066796875 0.04140625
0 0.9140625 0.140625 0.047265625 0.075
0 0.956640625 0.21875 0.060546875 0.071875
0 0.94453125 0.191796875 0.0421875 0.06640625
0 0.9796875 0.175390625 0.040625 0.06171875
0 0.973046875 0.1265625 0.0328125 0.041796875
0 0.989453125 0.12578125 0.02109375 0.053125
0 0.98984375 0.0890625 0.019921875 0.034375
0 0.9921875 0.22578125 0.015625 0.0375
0 0.956640625 0.5515625 0.06640625 0.066015625
0 0.9625 0.6609375 0.060546875 0.049609375
0 0.980859375 0.772265625 0.03828125 0.05859375
0 0.255859375 0.22421875 0.077734375 0.056640625
0 0.50703125 0.178515625 0.06640625 0.06796875
0 0.538671875 0.123046875 0.052734375 0.0515625
0 0.48828125 0.11484375 0.0546875 0.04609375
0 0.476953125 0.088671875 0.0265625 0.035546875
0 0.4140625 0.120703125 0.0609375 0.06484375