0 0.435546875 0.119140625 0.049609375 0.078125
0 0.0265625 0.244921875 0.053125 0.06171875
0 0.010546875 0.438671875 0.020703125 0.06171875
0 0.025 0.484375 0.049609375 0.0609375
0 0.0265625 0.7625 0.053125 0.078125
0 0.08046875 0.723046875 0.061328125 0.0796875
0 0.1984375 0.708984375 0.083203125 0.0609375
0 0.290234375 0.834765625 0.073046875 0.074609375
0 0.428125 0.88984375 0.08046875 0.065234375
0 0.505859375 0.8765625 0.060546875 0.074609375
0 0.5609375 0.878125 0.06953125 0.063671875
0 0.66015625 0.813671875 0.055078125 0.080859375
0 0.55234375 0.69609375 0.054296875 0.0890625
0 0.556640625 0.80625 0.050390625 0.07890625
0 0.390625 0.755078125 0.054296875 0.082421875
0 0.978515625 0.8765625 0.042578125 0.069140625