0 0.04765625 0.408984375 0.0953125 0.06640625
0 0.159765625 0.408984375 0.074609375 0.075
0 0.309765625 0.440234375 0.0875 0.06796875
0 0.40390625 0.417578125 0.077734375 0.08515625
0 0.46875 0.509375 0.075390625 0.079296875
0 0.907421875 0.546875 0.082421875 0.091015625
0 0.471484375 0.584765625 0.080859375 0.082421875
0 0.850390625 0.659765625 0.101953125 0.066796875
0 0.115625 0.76484375 0.0671875 0.087890625
0 0.989453125 0.784375 0.02109375 0.075390625
0 0.98046875 0.906640625 0.0390625 0.06640625
0 0.973046875 0.842578125 0.05390625 0.09296875
0 0.94140625 0.7921875 0.075 0.080859375
0 0.932421875 0.888671875 0.06015625 0.081640625
0 0.891015625 0.88046875 0.056640625 0.088671875
0 0.8515625 0.86484375 0.062890625 0.105859375
0 0.80546875 0.88828125 0.0609375 0.068359375
0 0.775 0.88828125 0.043359375 0.07578125
0 0.7328125 0.8875 0.057421875 0.071484375
0 0.7234375 0.849609375 0.052734375 0.08984375
0 0.779296875 0.8390625 0.08828125 0.061328125
0 0.80234375 0.783203125 0.0765625 0.069921875
0 0.684765625 0.733984375 0.084375 0.06171875
0 0.637890625 0.7671875 0.069140625 0.06953125
0 0.64375 0.68984375 0.080078125 0.08046875
0 0.59375 0.691796875 0.07421875 0.07265625
0 0.56953125 0.640234375 0.078125 0.0734375
0 0.686328125 0.831640625 0.05390625 0.084375
0 0.65234375 0.893359375 0.06796875 0.062890625
0 0.69296875 0.8875 0.061328125 0.060546875
0 0.637890625 0.83828125 0.053515625 0.069140625
0 0.621484375 0.800390625 0.07578125 0.06640625
0 0.554296875 0.79296875 0.0765625 0.0671875
0 0.5875 0.82421875 0.06171875 0.053125
0 0.60703125 0.8921875 0.076171875 0.06484375
0 0.583203125 0.8625 0.07421875 0.069140625
0 0.546875 0.896484375 0.065625 0.053515625
0 0.536328125 0.844140625 0.046875 0.06875
0 0.5375 0.768359375 0.069140625 0.09609375
0 0.51328125 0.882421875 0.043359375 0.0734375
0 0.475390625 0.89375 0.058984375 0.05390625
0 0.473828125 0.860546875 0.0609375 0.04921875
0 0.48125 0.820703125 0.069140625 0.055078125
0 0.478125 0.772265625 0.0734375 0.0609375
0 0.426171875 0.81875 0.07109375 0.058984375
0 0.436328125 0.890234375 0.05703125 0.093359375
0 0.40703125 0.878125 0.046484375 0.08828125
0 0.3703125 0.8609375 0.0546875 0.088671875
0 0.3296875 0.876953125 0.065625 0.073828125
0 0.96171875 0.301171875 0.06953125 0.085546875
0 0.80234375 0.238671875 0.0828125 0.08671875
0 0.912890625 0.19609375 0.101953125 0.065625
0 0.987890625 0.16328125 0.02421875 0.05859375
0 0.917578125 0.146484375 0.06171875 0.059375
0 0.86171875 0.1171875 0.0578125 0.095703125
0 0.898046875 0.097265625 0.0484375 0.087890625
0 0.969140625 0.141796875 0.061328125 0.095703125
0 0.9390625 0.101953125 0.069140625 0.067578125
0 0.979296875 0.076171875 0.04140625 0.05078125
0 0.962890625 0.05 0.07421875 0.059375
0 0.9015625 0.05234375 0.07578125 0.069140625
0 0.850390625 0.0546875 0.076953125 0.080078125
0 0.815234375 0.1109375 0.067578125 0.1078125
0 0.791796875 0.040625 0.06953125 0.08125
0 0.763671875 0.11484375 0.062890625 0.0984375
0 0.7125 0.128515625 0.07109375 0.080859375
0 0.664453125 0.085546875 0.048828125 0.1046875
0 0.70078125 0.06875 0.059765625 0.088671875
0 0.7390625 0.057421875 0.068359375 0.07890625
0 0.614453125 0.100390625 0.078515625 0.0734375
0 0.63046875 0.05390625 0.066796875 0.051953125
0 0.57421875 0.049609375 0.076171875 0.050390625
0 0.558984375 0.096484375 0.072265625 0.072265625
0 0.542578125 0.073046875 0.053125 0.078515625
0 0.498828125 0.073828125 0.054296875 0.073828125
0 0.475 0.1203125 0.07578125 0.094140625
0 0.452734375 0.06484375 0.06875 0.0734375
0 0.418359375 0.123828125 0.094921875 0.0625
0 0.397265625 0.098046875 0.0953125 0.061328125
0 0.397265625 0.057421875 0.069921875 0.0546875
0 0.344921875 0.070703125 0.071484375 0.06171875
0 0.31171875 0.062890625 0.0625 0.066796875
0 0.262109375 0.06796875 0.06171875 0.069140625
0 0.2140625 0.102734375 0.062890625 0.074609375
0 0.260546875 0.112109375 0.08046875 0.069921875
0 0.3234375 0.109375 0.08046875 0.059765625
0 0.318359375 0.144921875 0.069140625 0.062890625
0 0.329296875 0.203515625 0.076171875 0.070703125
0 0.395703125 0.19296875 0.0640625 0.0890625
0 0.44921875 0.185546875 0.06328125 0.08203125
0 0.475 0.23671875 0.06328125 0.08515625
0 0.494140625 0.3109375 0.08203125 0.078125
0 0.62421875 0.256640625 0.0734375 0.083203125
0 0.523828125 0.21328125 0.08125 0.06953125
0 0.157421875 0.183984375 0.063671875 0.09296875
0 0.17578125 0.071484375 0.08515625 0.06328125
0 0.130078125 0.076953125 0.069140625 0.084765625
0 0.1140625 0.1203125 0.05859375 0.084375
0 0.0859375 0.155859375 0.0640625 0.0828125
0 0.122265625 0.225 0.06484375 0.08359375
0 0.060546875 0.241796875 0.07109375 0.09453125
0 0.0390625 0.143359375 0.05546875 0.1015625
0 0.07265625 0.077734375 0.062890625 0.08125
0 0.027734375 0.087890625 0.05546875 0.08046875