0 0.01875 0.113671875 0.0375 0.06640625
0 0.041015625 0.109765625 0.050390625 0.0625
0 0.07578125 0.12265625 0.06328125 0.050390625
0 0.11484375 0.119140625 0.077734375 0.076953125
0 0.242578125 0.11484375 0.078125 0.059375
0 0.29453125 0.11484375 0.080078125 0.053125
0 0.015234375 0.181640625 0.03046875 0.06015625
0 0.03046875 0.1640625 0.0609375 0.0546875
0 0.078125 0.1703125 0.085546875 0.0671875
0 0.516796875 0.11640625 0.073046875 0.068359375
0 0.555078125 0.116015625 0.078125 0.070703125
0 0.7609375 0.12578125 0.06171875 0.0796875
0 0.809765625 0.137109375 0.0640625 0.082421875
0 0.33359375 0.283203125 0.069921875 0.07109375
0 0.119140625 0.304296875 0.084765625 0.059765625
0 0.035546875 0.47734375 0.070703125 0.062109375
0 0.76875 0.296875 0.066015625 0.0796875
0 0.0546875 0.861328125 0.064453125 0.08984375
0 0.366796875 0.70390625 0.073828125 0.061328125
0 0.676953125 0.68125 0.067578125 0.108203125
0 0.69296875 0.937890625 0.0515625 0.084375
0 0.641015625 0.884375 0.07578125 0.07734375
0 0.59140625 0.88828125 0.055078125 0.071484375
0 0.6015625 0.8125 0.06171875 0.076953125
0 0.20859375 0.794140625 0.078125 0.053515625
0 0.146484375 0.8390625 0.05703125 0.066796875
0 0.12421875 0.894921875 0.06015625 0.058203125
0 0.16796875 0.880859375 0.046484375 0.065234375
0 0.2078125 0.85 0.066015625 0.068359375
0 0.2109375 0.890234375 0.071875 0.05546875
0 0.234765625 0.8953125 0.07890625 0.05390625
0 0.2875 0.88203125 0.05078125 0.07890625
0 0.34296875 0.884765625 0.056640625 0.075
0 0.383203125 0.884375 0.053125 0.07578125
0 0.430859375 0.88671875 0.07421875 0.05703125
0 0.51015625 0.898828125 0.0578125 0.04921875
0 0.537890625 0.88046875 0.0484375 0.07265625
0 0.565234375 0.8390625 0.0578125 0.077734375
0 0.5171875 0.81875 0.0703125 0.054296875
0 0.507421875 0.858984375 0.052734375 0.0609375
0 0.47421875 0.811328125 0.057421875 0.061328125
0 0.471484375 0.864453125 0.05703125 0.05703125
0 0.43125 0.832421875 0.05 0.073046875
0 0.38203125 0.81796875 0.068359375 0.057421875
0 0.97109375 0.74453125 0.0578125 0.0796875
0 0.97265625 0.112890625 0.053515625 0.067578125
0 0.98359375 0.12265625 0.0328125 0.0625
0 0.971484375 0.17265625 0.05703125 0.071875
0 0.9296875 0.1109375 0.064453125 0.066796875
0 0.934765625 0.168359375 0.062890625 0.074609375
0 0.892578125 0.139453125 0.0765625 0.050390625
0 0.8765625 0.1015625 0.0765625 0.048046875
0 0.858203125 0.19453125 0.052734375 0.066796875
0 0.901953125 0.2265625 0.0828125 0.059765625
0 0.904296875 0.166015625 0.0671875 0.058203125