0 0.973828125 0.065625 0.051953125 0.06328125
0 0.927734375 0.07578125 0.05703125 0.08359375
0 0.881640625 0.0609375 0.074609375 0.060546875
0 0.82890625 0.06640625 0.069140625 0.076953125
0 0.756640625 0.091796875 0.0640625 0.088671875
0 0.96875 0.813671875 0.0625 0.07265625
0 0.980078125 0.878515625 0.03984375 0.064453125
0 0.6328125 0.76640625 0.07109375 0.07265625
0 0.535546875 0.79453125 0.055078125 0.0875
0 0.603125 0.792578125 0.076953125 0.060546875
0 0.471875 0.871875 0.06484375 0.075
0 0.531640625 0.873828125 0.065625 0.06015625
0 0.5859375 0.85390625 0.08125 0.0546875
0 0.6140625 0.894921875 0.057421875 0.055859375
0 0.565625 0.894140625 0.041796875 0.041796875
0 0.657421875 0.879296875 0.053515625 0.063671875
0 0.675 0.865234375 0.039453125 0.078125
0 0.7171875 0.851171875 0.06328125 0.05859375
0 0.743359375 0.826171875 0.067578125 0.05625
0 0.79609375 0.81015625 0.055859375 0.07890625
0 0.714453125 0.89921875 0.059765625 0.043359375
0 0.748046875 0.8875 0.040625 0.06953125
0 0.788671875 0.87890625 0.06953125 0.055859375
0 0.814453125 0.850390625 0.05234375 0.07109375
0 0.83046875 0.9 0.066015625 0.03125
0 0.844921875 0.859375 0.033203125 0.061328125
0 0.867578125 0.87265625 0.039453125 0.0859375
0 0.898046875 0.88359375 0.04453125 0.076171875
0 0.9359375 0.8796875 0.054296875 0.076171875
0 0.96484375 0.915625 0.05390625 0.04921875
0 0.502734375 0.666796875 0.0890625 0.0671875
0 0.4015625 0.601171875 0.066015625 0.0828125
0 0.343359375 0.542578125 0.0859375 0.064453125
0 0.251171875 0.859375 0.09296875 0.055078125
0 0.077734375 0.7734375 0.077734375 0.09296875
0 0.039453125 0.117578125 0.075390625 0.095703125
0 0.033984375 0.04765625 0.065625 0.039453125
0 0.0859375 0.08359375 0.063671875 0.104296875
0 0.185546875 0.14296875 0.078515625 0.05625
0 0.1875 0.0796875 0.062890625 0.08828125
0 0.1359375 0.06640625 0.06171875 0.058984375
0 0.127734375 0.1328125 0.0578125 0.077734375
0 0.323828125 0.121484375 0.058984375 0.091796875
0 0.503515625 0.174609375 0.058984375 0.079296875