0 0.959765625 0.41875 0.08046875 0.048828125
0 0.82578125 0.588671875 0.067578125 0.058203125
0 0.839453125 0.721484375 0.08515625 0.09296875
0 0.90859375 0.865625 0.053125 0.0359375
0 0.758203125 0.866796875 0.05390625 0.031640625
0 0.60859375 0.87890625 0.07890625 0.07109375
0 0.676171875 0.708984375 0.0671875 0.07578125
0 0.567578125 0.71015625 0.075 0.0703125
0 0.44296875 0.862109375 0.08125 0.06640625
0 0.360546875 0.7953125 0.08203125 0.070703125
0 0.36171875 0.89296875 0.076171875 0.069140625
0 0.3984375 0.55234375 0.055078125 0.084765625
0 0.5140625 0.619140625 0.077734375 0.05546875
0 0.229296875 0.701171875 0.09921875 0.0796875
0 0.23515625 0.571484375 0.0890625 0.07109375
0 0.10234375 0.503515625 0.06484375 0.09140625
0 0.130859375 0.3609375 0.0796875 0.06875
0 0.046484375 0.366015625 0.071875 0.06953125
0 0.385546875 0.35 0.0703125 0.069140625
0 0.608984375 0.330859375 0.06015625 0.07109375
0 0.671875 0.3765625 0.059765625 0.08515625
0 0.0359375 0.23984375 0.071875 0.075
0 0.07421875 0.1859375 0.074609375 0.060546875
0 0.217578125 0.1640625 0.082421875 0.0625
0 0.3703125 0.164453125 0.06328125 0.07578125
0 0.471875 0.17578125 0.0703125 0.06875
0 0.365625 0.063671875 0.06171875 0.08203125
0 0.480859375 0.0765625 0.0578125 0.083203125
0 0.4296875 0.05390625 0.046875 0.1078125
0 0.53125 0.880859375 0.065234375 0.069140625