0 0.018359375 0.107421875 0.03671875 0.07109375
0 0.010546875 0.07109375 0.02109375 0.084375
0 0.039453125 0.07890625 0.057421875 0.089453125
0 0.066015625 0.099609375 0.065234375 0.0765625
0 0.109765625 0.069921875 0.06328125 0.071875
0 0.127734375 0.110546875 0.0625 0.082421875
0 0.204296875 0.098828125 0.07890625 0.06484375
0 0.199609375 0.15234375 0.07109375 0.090234375
0 0.08046875 0.23984375 0.0828125 0.093359375
0 0.293359375 0.159765625 0.057421875 0.093359375
0 0.412890625 0.07734375 0.103515625 0.06484375
0 0.5078125 0.071484375 0.073046875 0.08046875
0 0.469921875 0.135546875 0.075 0.066015625
0 0.50703125 0.188671875 0.073046875 0.070703125
0 0.313671875 0.262890625 0.080859375 0.084375
0 0.653515625 0.18359375 0.080859375 0.06484375
0 0.834765625 0.083984375 0.06328125 0.09609375
0 0.88125 0.066796875 0.060546875 0.08046875
0 0.925 0.10078125 0.05859375 0.09609375
0 0.934765625 0.062890625 0.05859375 0.074609375
0 0.9640625 0.112109375 0.071875 0.07578125
0 0.973828125 0.06015625 0.05234375 0.05625
0 0.25 0.362890625 0.08984375 0.0875
0 0.031640625 0.517578125 0.06328125 0.05703125
0 0.14609375 0.54921875 0.08671875 0.071875
0 0.2015625 0.4828125 0.07109375 0.06796875
0 0.012890625 0.671484375 0.02578125 0.07265625
0 0.487890625 0.409765625 0.087890625 0.058203125
0 0.9078125 0.4390625 0.08203125 0.085546875
0 0.93359375 0.475390625 0.080859375 0.082421875
0 0.678125 0.6078125 0.07421875 0.09140625
0 0.594921875 0.77109375 0.0515625 0.082421875
0 0.654296875 0.824609375 0.06328125 0.097265625
0 0.63203125 0.898046875 0.08671875 0.058984375
0 0.329296875 0.89609375 0.0671875 0.090234375
0 0.420703125 0.739453125 0.09765625 0.0796875
0 0.47421875 0.584375 0.0625 0.081640625
0 0.11484375 0.73125 0.073046875 0.094140625
0 0.10703125 0.87578125 0.059375 0.0609375
0 0.043359375 0.88671875 0.080859375 0.05625