0 0.426953125 0.62109375 0.0546875 0.08046875
0 0.245703125 0.77734375 0.080078125 0.07421875
0 0.329296875 0.743359375 0.0609375 0.076171875
0 0.397265625 0.780859375 0.06015625 0.071484375
0 0.383203125 0.864453125 0.071484375 0.05859375
0 0.4484375 0.871484375 0.05390625 0.056640625
0 0.480078125 0.81953125 0.0640625 0.06015625
0 0.4859375 0.865234375 0.044921875 0.061328125
0 0.52109375 0.836328125 0.041796875 0.079296875
0 0.582421875 0.873828125 0.077734375 0.058203125
0 0.55546875 0.8484375 0.0390625 0.073046875
0 0.51015625 0.879296875 0.0484375 0.0515625
0 0.25625 0.46875 0.07421875 0.088671875
0 0.315625 0.394921875 0.08671875 0.05703125
0 0.030859375 0.4734375 0.06171875 0.055859375
0 0.01328125 0.357421875 0.0265625 0.042578125
0 0.161328125 0.134765625 0.06953125 0.0625
0 0.791796875 0.34921875 0.08828125 0.06640625
0 0.857421875 0.487109375 0.058203125 0.0828125
0 0.85703125 0.668359375 0.065234375 0.0625