0 0.3734375 0.8765625 0.066015625 0.0625
0 0.334375 0.878125 0.03984375 0.0796875
0 0.29765625 0.901953125 0.055078125 0.0453125
0 0.290625 0.8703125 0.066015625 0.049609375
0 0.29296875 0.82109375 0.06484375 0.051953125
0 0.35078125 0.824609375 0.045703125 0.067578125
0 0.390625 0.829296875 0.076953125 0.073828125
0 0.476953125 0.855859375 0.096484375 0.056640625
0 0.454296875 0.90859375 0.062109375 0.0375
0 0.497265625 0.91484375 0.075390625 0.032421875
0 0.219921875 0.875 0.0484375 0.043359375
0 0.245703125 0.868359375 0.0421875 0.049609375
0 0.273046875 0.846875 0.06015625 0.04765625
0 0.190625 0.850390625 0.03671875 0.05625
0 0.1625 0.83984375 0.03046875 0.059765625
0 0.16875 0.807421875 0.048828125 0.0609375
0 0.167578125 0.873828125 0.058203125 0.034375
0 0.351953125 0.7546875 0.0640625 0.08046875
0 0.42265625 0.768359375 0.061328125 0.07578125
0 0.4421875 0.748046875 0.092578125 0.056640625
0 0.409375 0.7125 0.06484375 0.0515625
0 0.46171875 0.658203125 0.061328125 0.08203125
0 0.43359375 0.669140625 0.049609375 0.075390625
0 0.33515625 0.655078125 0.061328125 0.06015625
0 0.312890625 0.739453125 0.062890625 0.056640625
0 0.3 0.78515625 0.073828125 0.0421875
0 0.198828125 0.7953125 0.040234375 0.05078125
0 0.24453125 0.798046875 0.047265625 0.04375
0 0.222265625 0.83984375 0.065625 0.040234375
0 0.232421875 0.78046875 0.045703125 0.066796875
0 0.172265625 0.766796875 0.063671875 0.0453125
0 0.162890625 0.73515625 0.05234375 0.057421875
0 0.196875 0.737890625 0.061328125 0.0625
0 0.27265625 0.758203125 0.050390625 0.048828125
0 0.311328125 0.712109375 0.077734375 0.058203125
0 0.23515625 0.728125 0.059765625 0.048046875
0 0.280078125 0.69609375 0.05390625 0.071484375
0 0.23828125 0.6875 0.06015625 0.051171875
0 0.31484375 0.588671875 0.058203125 0.069140625
0 0.374609375 0.615234375 0.06875 0.086328125
0 0.2265625 0.636328125 0.08515625 0.058203125
0 0.197265625 0.675390625 0.05 0.0703125
0 0.15234375 0.66015625 0.0515625 0.041015625
0 0.170703125 0.696484375 0.069140625 0.04921875
0 0.15390625 0.62265625 0.051171875 0.055078125
0 0.186328125 0.619921875 0.083984375 0.04375
0 0.15703125 0.5765625 0.056640625 0.05234375
0 0.20390625 0.578125 0.06484375 0.059375
0 0.21953125 0.550390625 0.08046875 0.075390625
0 0.2734375 0.515625 0.059765625 0.0734375
0 0.22109375 0.49375 0.062890625 0.051953125
0 0.16875 0.5171875 0.07421875 0.053515625
0 0.153515625 0.472265625 0.071875 0.06796875
0 0.19296875 0.44375 0.076953125 0.06171875
0 0.139453125 0.435546875 0.04296875 0.056640625
0 0.18125 0.41171875 0.0578125 0.0625
0 0.156640625 0.389453125 0.064453125 0.04765625
0 0.30859375 0.458984375 0.0875 0.057421875
0 0.323046875 0.412890625 0.071875 0.048046875
0 0.378125 0.4484375 0.0640625 0.06875
0 0.395703125 0.49921875 0.059765625 0.0671875
0 0.41328125 0.53125 0.060546875 0.051171875
0 0.413671875 0.563671875 0.075 0.045703125
0 0.43046875 0.60703125 0.07578125 0.05859375
0 0.5296875 0.623828125 0.11796875 0.091015625
0 0.51796875 0.56796875 0.055859375 0.073828125
0 0.49765625 0.464453125 0.06953125 0.065625
0 0.475390625 0.438671875 0.06796875 0.0578125
0 0.510546875 0.3984375 0.0546875 0.072265625
0 0.572265625 0.376171875 0.05625 0.07265625
0 0.406640625 0.378125 0.066015625 0.0609375
0 0.508984375 0.324609375 0.05703125 0.081640625
0 0.569140625 0.301171875 0.0609375 0.0765625
0 0.573828125 0.2421875 0.060546875 0.0609375
0 0.519921875 0.226171875 0.048828125 0.075
0 0.48203125 0.223828125 0.06328125 0.0671875
0 0.4296875 0.259765625 0.0640625 0.05234375
0 0.437890625 0.209765625 0.05703125 0.065625
0 0.329296875 0.363671875 0.076171875 0.054296875
0 0.31171875 0.30390625 0.061328125 0.073046875
0 0.1875 0.301171875 0.064453125 0.061328125
0 0.15546875 0.318359375 0.062109375 0.059375
0 0.163671875 0.11328125 0.064453125 0.04921875
0 0.159765625 0.21796875 0.046875 0.06015625
0 0.1609375 0.25859375 0.083984375 0.053125
0 0.199609375 0.215625 0.0453125 0.069921875
0 0.244140625 0.237109375 0.06796875 0.06796875
0 0.269140625 0.2640625 0.0796875 0.060546875
0 0.31875 0.2359375 0.08125 0.052734375
0 0.3265625 0.1703125 0.06953125 0.063671875
0 0.373046875 0.162109375 0.057421875 0.055078125
0 0.429296875 0.1125 0.084375 0.0671875
0 0.271875 0.2 0.06796875 0.0609375
0 0.2671875 0.1234375 0.05703125 0.078515625
0 0.29453125 0.108203125 0.042578125 0.0609375
0 0.341796875 0.10859375 0.05859375 0.066015625
0 0.5484375 0.106640625 0.087109375 0.053515625
0 0.583203125 0.125 0.072265625 0.09765625
0 0.637109375 0.1046875 0.04453125 0.06953125
0 0.691796875 0.095703125 0.065625 0.05703125
0 0.630859375 0.179296875 0.051171875 0.070703125
0 0.623828125 0.234375 0.06640625 0.059765625
0 0.6796875 0.22578125 0.052734375 0.075
0 0.61875 0.271875 0.0890625 0.05546875
0 0.658984375 0.321484375 0.05625 0.05625
0 0.6125 0.30859375 0.056640625 0.058203125
0 0.73046875 0.133984375 0.08125 0.07890625
0 0.77734375 0.119921875 0.052734375 0.090625
0 0.853125 0.096484375 0.046484375 0.060546875
0 0.898046875 0.089453125 0.0609375 0.065625
0 0.98359375 0.107421875 0.0328125 0.06171875
0 0.99296875 0.17109375 0.0140625 0.05625
0 0.966015625 0.150390625 0.0609375 0.058984375
0 0.923046875 0.146875 0.051171875 0.079296875
0 0.9609375 0.201171875 0.077734375 0.060546875
0 0.938671875 0.24765625 0.0546875 0.0734375
0 0.95390625 0.29921875 0.07109375 0.053515625
0 0.990625 0.339453125 0.01875 0.05546875
0 0.88671875 0.31328125 0.051171875 0.066796875
0 0.82734375 0.221484375 0.0625 0.055078125
0 0.8671875 0.183203125 0.056640625 0.078125
0 0.852734375 0.165625 0.051171875 0.073046875
0 0.903515625 0.176171875 0.052734375 0.0765625
0 0.805078125 0.300390625 0.07109375 0.0546875
0 0.746875 0.334375 0.05234375 0.073828125
0 0.772265625 0.363671875 0.0578125 0.0734375
0 0.825 0.3421875 0.0625 0.068359375
0 0.8765625 0.390625 0.0875 0.06796875
0 0.943359375 0.38359375 0.071484375 0.060546875
0 0.9875 0.40078125 0.025 0.057421875
0 0.98671875 0.446875 0.0265625 0.0515625
0 0.976953125 0.491796875 0.04609375 0.05234375
0 0.983984375 0.535546875 0.03203125 0.04765625
0 0.9109375 0.466015625 0.07109375 0.048046875
0 0.8 0.406640625 0.08671875 0.072265625
0 0.86328125 0.4359375 0.052734375 0.058203125
0 0.83671875 0.485546875 0.07734375 0.0546875
0 0.848046875 0.537890625 0.06328125 0.05078125
0 0.917578125 0.55234375 0.055859375 0.08359375
0 0.79296875 0.454296875 0.065234375 0.052734375
0 0.73046875 0.4984375 0.071875 0.053125
0 0.659765625 0.52421875 0.066796875 0.04921875
0 0.60078125 0.547265625 0.07578125 0.054296875
0 0.609765625 0.503515625 0.0921875 0.05546875
0 0.670703125 0.476171875 0.06640625 0.060546875
0 0.71796875 0.47109375 0.05859375 0.065234375
0 0.72265625 0.425390625 0.087890625 0.047265625
0 0.664453125 0.433203125 0.070703125 0.046875
0 0.625 0.415234375 0.062890625 0.07578125
0 0.674609375 0.376171875 0.062109375 0.0765625
0 0.71484375 0.386328125 0.072265625 0.059375
0 0.6875 0.56640625 0.0578125 0.06328125
0 0.612109375 0.58671875 0.0703125 0.05625
0 0.70703125 0.63515625 0.0828125 0.061328125
0 0.7515625 0.575390625 0.062109375 0.051171875
0 0.8015625 0.625 0.05859375 0.0734375
0 0.867578125 0.6203125 0.05703125 0.0734375
0 0.9671875 0.61328125 0.065625 0.0765625
0 0.97109375 0.675 0.048046875 0.08203125
0 0.953515625 0.733984375 0.06328125 0.053125
0 0.977734375 0.7625 0.04453125 0.0515625
0 0.971484375 0.835546875 0.05703125 0.06484375
0 0.937890625 0.856640625 0.06640625 0.07578125
0 0.881640625 0.79921875 0.071875 0.068359375
0 0.87421875 0.742578125 0.076171875 0.0515625
0 0.865625 0.692578125 0.068359375 0.051171875
0 0.8203125 0.718359375 0.061328125 0.055078125
0 0.74296875 0.672265625 0.060546875 0.06796875
0 0.68515625 0.703125 0.06484375 0.067578125
0 0.633984375 0.721875 0.0515625 0.083203125
0 0.59140625 0.74765625 0.04296875 0.06875
0 0.66015625 0.76171875 0.090234375 0.05625
0 0.592578125 0.819921875 0.063671875 0.062109375
0 0.5546875 0.87421875 0.0578125 0.05546875
0 0.60859375 0.872265625 0.0921875 0.06796875
0 0.65703125 0.853515625 0.065625 0.07890625
0 0.709375 0.82578125 0.06875 0.070703125
0 0.7703125 0.777734375 0.05390625 0.1140625
0 0.841796875 0.8203125 0.059375 0.06015625
0 0.86328125 0.869921875 0.07421875 0.059765625
0 0.8140625 0.84921875 0.052734375 0.068359375
0 0.796484375 0.876953125 0.067578125 0.066015625
0 0.7421875 0.878515625 0.065625 0.06171875