0 0.09765625 0.505859375 0.0875 0.05703125
0 0.382421875 0.472265625 0.054296875 0.0859375
0 0.509765625 0.507421875 0.092578125 0.05234375
0 0.597265625 0.77890625 0.049609375 0.071875
0 0.67578125 0.8890625 0.060546875 0.0625
0 0.813671875 0.86796875 0.047265625 0.028125
0 0.479296875 0.84609375 0.05234375 0.07265625
0 0.580859375 0.8640625 0.04765625 0.0875
0 0.544921875 0.873046875 0.05546875 0.070703125
0 0.498046875 0.86875 0.04921875 0.055078125
0 0.445703125 0.89375 0.08125 0.053125
0 0.5046875 0.902734375 0.06171875 0.04765625
0 0.92421875 0.862109375 0.06015625 0.0359375