0 0.966796875 0.091796875 0.066015625 0.05078125
0 0.96875 0.135546875 0.0625 0.058203125
0 0.9390625 0.18515625 0.06796875 0.05625
0 0.948828125 0.264453125 0.084375 0.05703125
0 0.8984375 0.334765625 0.0859375 0.0578125
0 0.640234375 0.2 0.067578125 0.07109375
0 0.71796875 0.174609375 0.061328125 0.08125
0 0.762109375 0.171875 0.065234375 0.06875
0 0.896484375 0.1703125 0.068359375 0.0578125
0 0.832421875 0.166796875 0.0515625 0.077734375
0 0.867578125 0.13203125 0.03671875 0.06171875
0 0.910546875 0.130859375 0.060546875 0.049609375
0 0.9359375 0.103125 0.045703125 0.054296875
0 0.899609375 0.0921875 0.059765625 0.058984375
0 0.85703125 0.105078125 0.05 0.0625
0 0.816796875 0.1046875 0.044140625 0.071875
0 0.801171875 0.153125 0.04921875 0.08828125
0 0.775 0.118359375 0.0734375 0.051171875
0 0.760546875 0.0859375 0.065625 0.04609375
0 0.726171875 0.106640625 0.0453125 0.08203125
0 0.69296875 0.13515625 0.05 0.090625
0 0.6859375 0.091796875 0.04765625 0.053515625
0 0.653515625 0.125390625 0.054296875 0.065625
0 0.640234375 0.0984375 0.056640625 0.058984375
0 0.609765625 0.128515625 0.043359375 0.07265625
0 0.58515625 0.17578125 0.065625 0.078515625
0 0.554296875 0.19453125 0.0765625 0.05234375
0 0.55234375 0.22578125 0.078125 0.0546875
0 0.480078125 0.219921875 0.080859375 0.051171875
0 0.47734375 0.25078125 0.05390625 0.08203125
0 0.567578125 0.091796875 0.059765625 0.047265625
0 0.5640625 0.12578125 0.03984375 0.05703125
0 0.533984375 0.15078125 0.051171875 0.065234375
0 0.525 0.106640625 0.053125 0.05
0 0.483203125 0.09375 0.0640625 0.053515625
0 0.490625 0.14296875 0.05859375 0.069140625
0 0.453515625 0.1203125 0.04140625 0.0640625
0 0.46640625 0.1734375 0.055859375 0.053125
0 0.419140625 0.209765625 0.077734375 0.0453125
0 0.408984375 0.25546875 0.05390625 0.07109375
0 0.269140625 0.281640625 0.06796875 0.064453125
0 0.3578125 0.33125 0.055078125 0.07578125
0 0.33359375 0.393359375 0.080859375 0.0453125
0 0.312109375 0.478515625 0.05625 0.078125
0 0.431640625 0.086328125 0.0484375 0.041015625
0 0.38359375 0.09140625 0.056640625 0.050390625
0 0.38359375 0.127734375 0.044921875 0.054296875
0 0.4140625 0.123828125 0.05234375 0.0625
0 0.425 0.163671875 0.04921875 0.066796875
0 0.38515625 0.18671875 0.05859375 0.068359375
0 0.316796875 0.203125 0.079296875 0.051953125
0 0.356640625 0.173046875 0.048046875 0.066796875
0 0.31796875 0.1578125 0.038671875 0.059765625
0 0.33984375 0.13046875 0.051953125 0.0578125
0 0.354296875 0.0953125 0.051171875 0.04375
0 0.315234375 0.094921875 0.044140625 0.056640625
0 0.278125 0.094140625 0.0453125 0.047265625
0 0.29453125 0.144921875 0.03828125 0.064453125
0 0.2609375 0.150390625 0.04296875 0.0609375
0 0.2375 0.098046875 0.05234375 0.05234375
0 0.201953125 0.091796875 0.04921875 0.046875
0 0.242578125 0.1703125 0.048828125 0.056640625
0 0.230078125 0.22265625 0.059765625 0.065234375
0 0.218359375 0.13359375 0.037890625 0.058984375
0 0.198046875 0.1765625 0.049609375 0.070703125
0 0.197265625 0.123046875 0.03828125 0.048828125
0 0.153515625 0.09375 0.042578125 0.0390625
0 0.176171875 0.11015625 0.03203125 0.067578125
0 0.147265625 0.1375 0.03515625 0.045703125
0 0.162109375 0.18359375 0.044921875 0.085546875
0 0.119921875 0.1765625 0.0546875 0.069921875
0 0.108984375 0.21484375 0.062890625 0.05703125
0 0.0703125 0.218359375 0.05390625 0.07578125
0 0.022265625 0.21484375 0.04453125 0.075
0 0.1171875 0.09296875 0.048828125 0.03828125
0 0.1125 0.126171875 0.050390625 0.041796875
0 0.0796875 0.103125 0.043359375 0.062890625
0 0.052734375 0.1203125 0.037109375 0.061328125
0 0.03203125 0.09375 0.0515625 0.046484375
0 0.01875 0.12109375 0.0375 0.043359375
0 0.01015625 0.15703125 0.0203125 0.046875
0 0.081640625 0.158984375 0.047265625 0.051953125
0 0.040625 0.171875 0.0546875 0.06484375
0 0.0703125 0.337109375 0.089453125 0.1
0 0.023828125 0.431640625 0.04765625 0.08203125
0 0.03125 0.51015625 0.0625 0.071875
0 0.01953125 0.5671875 0.038671875 0.0546875
0 0.1890625 0.555078125 0.07734375 0.055859375
0 0.25078125 0.605078125 0.063671875 0.06171875
0 0.09375 0.65625 0.064453125 0.073828125
0 0.06328125 0.736328125 0.064453125 0.087890625
0 0.023828125 0.775 0.04765625 0.0734375
0 0.245703125 0.744921875 0.05546875 0.0625
0 0.300390625 0.7171875 0.065234375 0.061328125
0 0.3109375 0.76015625 0.070703125 0.049609375
0 0.280078125 0.81796875 0.06640625 0.051171875
0 0.403125 0.8109375 0.075 0.054296875
0 0.96015625 0.85234375 0.069921875 0.087109375
0 0.875 0.835546875 0.053125 0.073828125
0 0.780859375 0.789453125 0.083984375 0.065625
0 0.901953125 0.48203125 0.059765625 0.08046875
0 0.84296875 0.60546875 0.066796875 0.057421875
0 0.766796875 0.647265625 0.084375 0.0671875
0 0.7140625 0.583984375 0.072265625 0.063671875
0 0.569921875 0.576171875 0.08515625 0.057421875
0 0.6015625 0.64765625 0.047265625 0.0859375
0 0.55 0.6640625 0.0515625 0.078125
0 0.516015625 0.703515625 0.060546875 0.0640625
0 0.475 0.762109375 0.049609375 0.074609375
0 0.6375 0.726953125 0.050390625 0.065234375
0 0.590625 0.780859375 0.0546875 0.059375
0 0.619921875 0.804296875 0.04765625 0.069140625
0 0.58046875 0.823046875 0.0390625 0.06328125
0 0.657421875 0.825390625 0.0671875 0.049609375
0 0.627734375 0.864453125 0.0640625 0.067578125
0 0.68359375 0.855078125 0.0765625 0.0484375
0 0.552734375 0.867578125 0.044921875 0.06015625
0 0.51640625 0.857421875 0.05 0.059375
0 0.548828125 0.812109375 0.03984375 0.065234375
0 0.5203125 0.809765625 0.0484375 0.06015625
0 0.478515625 0.817578125 0.03984375 0.061328125
0 0.483984375 0.87265625 0.05703125 0.0640625
0 0.450390625 0.845703125 0.048828125 0.067578125
0 0.425390625 0.87109375 0.066796875 0.062109375
0 0.526171875 0.76171875 0.06875 0.0625