0 0.780859375 0.06875 0.08828125 0.067578125
0 0.525390625 0.248046875 0.066015625 0.0734375
0 0.7390625 0.473046875 0.078515625 0.073828125
0 0.971875 0.518359375 0.055859375 0.074609375
0 0.8625 0.752734375 0.066015625 0.0875
0 0.705078125 0.70234375 0.055078125 0.07109375
0 0.720703125 0.812109375 0.080859375 0.075
0 0.69921875 0.911328125 0.077734375 0.064453125
0 0.3953125 0.48828125 0.09140625 0.061328125
0 0.50703125 0.56328125 0.081640625 0.086328125
0 0.402734375 0.68671875 0.069140625 0.083984375
0 0.126171875 0.812109375 0.0859375 0.077734375
0 0.152734375 0.883984375 0.06875 0.069140625
0 0.00625 0.5203125 0.0125 0.03125
0 0.029296875 0.486328125 0.055859375 0.06015625
0 0.119921875 0.57109375 0.070703125 0.066796875
0 0.068359375 0.5890625 0.059375 0.069140625
0 0.219921875 0.880859375 0.040625 0.0796875
0 0.25546875 0.893359375 0.05234375 0.06640625
0 0.32421875 0.904296875 0.066015625 0.05390625
0 0.37265625 0.9 0.050390625 0.07109375
0 0.483203125 0.900390625 0.066796875 0.053515625
0 0.543359375 0.9125 0.06171875 0.057421875
0 0.57890625 0.888671875 0.062109375 0.046484375
0 0.89765625 0.92578125 0.08203125 0.05390625
0 0.969140625 0.916015625 0.054296875 0.07890625
0 0.9796875 0.07734375 0.040625 0.0625
0 0.990625 0.15 0.01875 0.05859375
0 0.994921875 0.9078125 0.01015625 0.057421875