0 0.740625 0.80234375 0.02890625 0.05703125
0 0.73203125 0.848046875 0.05 0.04765625
0 0.72734375 0.8859375 0.0484375 0.05625
0 0.696875 0.88828125 0.058203125 0.053125
0 0.696484375 0.8484375 0.056640625 0.0609375
0 0.70859375 0.8109375 0.062890625 0.069140625
0 0.659375 0.8859375 0.04609375 0.06953125
0 0.6296875 0.885546875 0.044921875 0.05703125
0 0.58984375 0.88828125 0.057421875 0.057421875
0 0.544921875 0.883984375 0.048828125 0.06796875
0 0.48125 0.878125 0.049609375 0.06484375
0 0.4359375 0.847265625 0.063671875 0.06328125
0 0.47890625 0.819921875 0.04375 0.080078125
0 0.52109375 0.837109375 0.04765625 0.0765625
0 0.555859375 0.824609375 0.05078125 0.084375
0 0.59765625 0.844140625 0.065234375 0.05859375
0 0.640625 0.835546875 0.05078125 0.071484375
0 0.375 0.871875 0.06328125 0.070703125
0 0.273828125 0.780078125 0.073828125 0.070703125
0 0.0953125 0.884375 0.083203125 0.0609375
0 0.058984375 0.290625 0.0671875 0.085546875
0 0.32578125 0.444140625 0.057421875 0.08671875
0 0.183984375 0.554296875 0.083203125 0.058203125
0 0.026171875 0.2375 0.05234375 0.0875
0 0.023828125 0.1640625 0.04765625 0.0796875
0 0.015625 0.107421875 0.03125 0.06171875
0 0.076171875 0.139453125 0.078125 0.0578125
0 0.048828125 0.101953125 0.055859375 0.0546875
0 0.090625 0.103125 0.04296875 0.0609375
0 0.131640625 0.14375 0.05546875 0.07578125
0 0.136328125 0.098046875 0.07421875 0.049609375
0 0.1703125 0.1421875 0.044140625 0.07578125
0 0.20546875 0.110546875 0.066015625 0.057421875
0 0.241796875 0.103125 0.0640625 0.0484375
0 0.20625 0.161328125 0.060546875 0.078125
0 0.24140625 0.1515625 0.05078125 0.083984375
0 0.2859375 0.148046875 0.053515625 0.081640625
0 0.32265625 0.133203125 0.046875 0.089453125
0 0.37109375 0.202734375 0.088671875 0.065234375
0 0.3578125 0.134375 0.05 0.0859375
0 0.292578125 0.1 0.064453125 0.044140625
0 0.405859375 0.128515625 0.05703125 0.082421875
0 0.443359375 0.156640625 0.061328125 0.0765625
0 0.53046875 0.198046875 0.083203125 0.05625
0 0.472265625 0.121875 0.067578125 0.068359375
0 0.511328125 0.112890625 0.046875 0.0765625
0 0.552734375 0.158203125 0.0515625 0.078125
0 0.587109375 0.13984375 0.045703125 0.080859375
0 0.549609375 0.1078125 0.04921875 0.0640625
0 0.60390625 0.107421875 0.050390625 0.06640625
0 0.631640625 0.127734375 0.048046875 0.082421875
0 0.66953125 0.143359375 0.060546875 0.072265625
0 0.71796875 0.12890625 0.06015625 0.0828125
0 0.675 0.0984375 0.05859375 0.04609375
0 0.57265625 0.25703125 0.056640625 0.094921875
0 0.63515625 0.228125 0.083203125 0.063671875
0 0.664453125 0.296484375 0.067578125 0.08125
0 0.783203125 0.26875 0.06484375 0.08828125
0 0.70703125 0.32421875 0.051953125 0.08203125
0 0.647265625 0.3890625 0.05234375 0.076953125
0 0.709375 0.388671875 0.085546875 0.06171875
0 0.68828125 0.456640625 0.0765625 0.091015625
0 0.552734375 0.456640625 0.0796875 0.053125
0 0.64140625 0.521484375 0.050390625 0.080078125
0 0.674609375 0.577734375 0.09296875 0.05625
0 0.611328125 0.570703125 0.055859375 0.084765625
0 0.57109375 0.600390625 0.06953125 0.0578125
0 0.980859375 0.504296875 0.03828125 0.05234375
0 0.932421875 0.5875 0.093359375 0.06015625
0 0.885546875 0.59921875 0.07265625 0.091015625
0 0.8328125 0.66484375 0.07265625 0.082421875
0 0.875390625 0.696875 0.059765625 0.023828125
0 0.93046875 0.1078125 0.077734375 0.05859375
0 0.82265625 0.112890625 0.07890625 0.064453125