0 0.11953125 0.8484375 0.0734375 0.078515625
0 0.340625 0.78828125 0.070703125 0.067578125
0 0.420703125 0.819140625 0.079296875 0.076171875
0 0.459375 0.71015625 0.062890625 0.07265625
0 0.536328125 0.742578125 0.065234375 0.0828125
0 0.4015625 0.86015625 0.0828125 0.053515625
0 0.55859375 0.813671875 0.074609375 0.0546875
0 0.650390625 0.76640625 0.058984375 0.0796875
0 0.708984375 0.802734375 0.071484375 0.091015625
0 0.515625 0.58359375 0.08203125 0.058203125
0 0.671484375 0.64140625 0.05625 0.08359375
0 0.803125 0.4796875 0.08359375 0.08828125
0 0.980859375 0.575390625 0.03828125 0.06015625
0 0.978125 0.323046875 0.04375 0.0609375
0 0.8140625 0.2390625 0.08203125 0.083984375
0 0.818359375 0.333984375 0.08984375 0.06953125
0 0.730078125 0.355859375 0.064453125 0.08125
0 0.082421875 0.192578125 0.0625 0.081640625
0 0.2625 0.237109375 0.098046875 0.065625
0 0.520703125 0.143359375 0.052734375 0.07421875
0 0.477734375 0.161328125 0.06640625 0.05625
0 0.453125 0.21328125 0.05390625 0.076171875
0 0.48984375 0.2015625 0.060546875 0.062890625
0 0.509765625 0.304296875 0.0671875 0.071875
0 0.297265625 0.413671875 0.059765625 0.084765625
0 0.16640625 0.343359375 0.076953125 0.0671875
0 0.384375 0.48828125 0.058984375 0.08671875
0 0.269921875 0.511328125 0.069140625 0.083984375