0 0.703125 0.422265625 0.05 0.06640625
0 0.853515625 0.455078125 0.05546875 0.06171875
0 0.892578125 0.513671875 0.06953125 0.08984375
0 0.762890625 0.536328125 0.06015625 0.07578125
0 0.65 0.513671875 0.078125 0.06953125
0 0.76484375 0.315234375 0.0796875 0.06796875
0 0.881640625 0.283984375 0.05703125 0.06796875
0 0.95859375 0.31796875 0.0546875 0.0625
0 0.613671875 0.247265625 0.06640625 0.07265625
0 0.81796875 0.244140625 0.0703125 0.08203125
0 0.7515625 0.19296875 0.0703125 0.0546875
0 0.691796875 0.194140625 0.07265625 0.05546875
0 0.6390625 0.179296875 0.071875 0.05078125
0 0.68203125 0.157421875 0.0671875 0.05234375
0 0.6859375 0.11171875 0.059375 0.0640625
0 0.73515625 0.12109375 0.0578125 0.096875
0 0.848828125 0.141015625 0.06484375 0.05078125
0 0.826171875 0.104296875 0.06015625 0.06640625
0 0.867578125 0.10390625 0.05078125 0.0640625
0 0.930078125 0.1640625 0.06015625 0.0546875
0 0.886328125 0.17734375 0.04140625 0.0515625
0 0.845703125 0.194140625 0.04765625 0.05703125
0 0.423828125 0.11328125 0.06171875 0.0734375
0 0.48671875 0.195703125 0.05 0.07890625
0 0.52578125 0.212890625 0.05625 0.06015625
0 0.551953125 0.2359375 0.05859375 0.0734375
0 0.992578125 0.31015625 0.01484375 0.0859375
0 0.968359375 0.687890625 0.06328125 0.04453125
0 0.973046875 0.730859375 0.05390625 0.06015625
0 0.922265625 0.68984375 0.04921875 0.0625
0 0.93046875 0.74140625 0.084375 0.0453125
0 0.883203125 0.720703125 0.05859375 0.05546875
0 0.940234375 0.787109375 0.07265625 0.04140625
0 0.99296875 0.796484375 0.0140625 0.04140625
0 0.987890625 0.88046875 0.02421875 0.0671875
0 0.971484375 0.844921875 0.04296875 0.05703125
0 0.958203125 0.894140625 0.05234375 0.05546875
0 0.92265625 0.883203125 0.05 0.07265625
0 0.88515625 0.615625 0.071875 0.0546875
0 0.862890625 0.63671875 0.05078125 0.0578125
0 0.85859375 0.678125 0.065625 0.046875
0 0.809375 0.63984375 0.0609375 0.0546875
0 0.88046875 0.8859375 0.06875 0.0453125
0 0.8625 0.843359375 0.0703125 0.05859375
0 0.851171875 0.8015625 0.06640625 0.05625
0 0.801171875 0.846484375 0.06484375 0.05078125
0 0.826171875 0.885546875 0.06953125 0.04296875
0 0.7875 0.88359375 0.0703125 0.05
0 0.72421875 0.962109375 0.03125 0.05546875
0 0.823046875 0.740234375 0.04765625 0.07421875
0 0.76796875 0.78671875 0.0734375 0.040625
0 0.768359375 0.752734375 0.06640625 0.04140625
0 0.759375 0.723828125 0.06875 0.04609375
0 0.74375 0.69375 0.0609375 0.0578125
0 0.721484375 0.76484375 0.04765625 0.065625
0 0.3375 0.15234375 0.0828125 0.0453125
0 0.31484375 0.1296875 0.065625 0.065625
0 0.271875 0.1015625 0.06875 0.053125
0 0.2171875 0.108984375 0.0515625 0.04296875
0 0.16484375 0.1140625 0.0625 0.053125
0 0.20546875 0.1546875 0.0546875 0.05
0 0.158203125 0.155859375 0.05703125 0.03984375
0 0.161328125 0.191796875 0.07421875 0.04609375
0 0.30703125 0.205859375 0.075 0.06015625
0 0.255859375 0.22265625 0.05703125 0.0578125
0 0.216015625 0.232421875 0.04765625 0.04921875
0 0.180859375 0.22578125 0.04453125 0.0578125
0 0.15859375 0.25859375 0.0671875 0.0390625
0 0.27421875 0.26875 0.0515625 0.059375
0 0.232421875 0.2828125 0.05859375 0.053125
0 0.308203125 0.290234375 0.06328125 0.05234375
0 0.314453125 0.340234375 0.06484375 0.05703125
0 0.169921875 0.301171875 0.06015625 0.05234375
0 0.41953125 0.496875 0.065625 0.046875
0 0.4390625 0.53046875 0.0828125 0.0609375
0 0.329296875 0.541015625 0.09296875 0.05703125
0 0.184375 0.317578125 0.05 0.05078125
0 0.230859375 0.321875 0.06484375 0.04375
0 0.23671875 0.35859375 0.0546875 0.0546875
0 0.187890625 0.358203125 0.05390625 0.04921875
0 0.14765625 0.35859375 0.05625 0.046875
0 0.283203125 0.4046875 0.06484375 0.0625
0 0.21796875 0.4078125 0.06875 0.046875
0 0.188671875 0.40625 0.04609375 0.0609375
0 0.145703125 0.408984375 0.05078125 0.04921875
0 0.25859375 0.45 0.0578125 0.04375
0 0.273828125 0.483984375 0.07578125 0.04453125
0 0.2078125 0.4578125 0.075 0.046875
0 0.152734375 0.4515625 0.05703125 0.0375
0 0.1625 0.483984375 0.071875 0.03828125
0 0.20859375 0.512890625 0.0609375 0.04453125
0 0.153125 0.5125 0.0703125 0.0390625
0 0.15078125 0.54453125 0.065625 0.0390625
0 0.200390625 0.551171875 0.07421875 0.04296875
0 0.15859375 0.588671875 0.05 0.05390625
0 0.1875 0.599609375 0.0515625 0.05546875
0 0.24140625 0.599609375 0.0703125 0.07578125
0 0.174609375 0.641796875 0.06953125 0.05546875
0 0.156640625 0.6890625 0.05234375 0.0578125
0 0.2046875 0.67421875 0.0671875 0.0484375
0 0.253515625 0.658203125 0.06328125 0.05078125
0 0.2 0.709765625 0.0625 0.04296875
0 0.159375 0.74375 0.040625 0.0609375
0 0.20390625 0.75 0.0578125 0.0484375
0 0.210546875 0.786328125 0.07265625 0.04921875
0 0.166796875 0.791015625 0.05078125 0.05546875
0 0.247265625 0.7125 0.04921875 0.0609375
0 0.18359375 0.85859375 0.0609375 0.0640625
0 0.237890625 0.835546875 0.05859375 0.05703125
0 0.230859375 0.872265625 0.05703125 0.05390625
0 0.271875 0.87109375 0.0578125 0.0515625
0 0.290625 0.899609375 0.05 0.04609375
0 0.31015625 0.66171875 0.0765625 0.05
0 0.39375 0.62265625 0.05625 0.0765625
0 0.44765625 0.619921875 0.0546875 0.06484375
0 0.5265625 0.61484375 0.0515625 0.0609375
0 0.580859375 0.612109375 0.06171875 0.05859375
0 0.59140625 0.66015625 0.046875 0.08125
0 0.6390625 0.6171875 0.0578125 0.0546875
0 0.66875 0.649609375 0.0515625 0.05859375
0 0.701953125 0.633203125 0.05703125 0.09296875
0 0.641015625 0.66875 0.07109375 0.0546875
0 0.657421875 0.7109375 0.06640625 0.0390625
0 0.653515625 0.746484375 0.06796875 0.04609375
0 0.5578125 0.703515625 0.0734375 0.04921875
0 0.59921875 0.723046875 0.05625 0.04765625
0 0.680859375 0.870703125 0.05859375 0.06796875
0 0.644921875 0.823828125 0.06953125 0.06484375
0 0.630859375 0.768359375 0.04609375 0.06640625
0 0.58828125 0.76953125 0.0484375 0.0625
0 0.567578125 0.870703125 0.06328125 0.05234375
0 0.58515625 0.82109375 0.0484375 0.0671875
0 0.546875 0.80859375 0.0484375 0.0734375
0 0.521484375 0.736328125 0.08359375 0.05234375
0 0.428125 0.6765625 0.0765625 0.0484375
0 0.455859375 0.71875 0.07734375 0.0484375
0 0.40390625 0.70703125 0.05 0.0671875
0 0.35 0.70390625 0.0703125 0.0453125
0 0.28203125 0.730078125 0.0625 0.05859375
0 0.2921875 0.70546875 0.059375 0.0453125
0 0.2953125 0.76328125 0.071875 0.05
0 0.322265625 0.7265625 0.05390625 0.0484375
0 0.36953125 0.739453125 0.065625 0.04765625
0 0.363671875 0.78046875 0.06796875 0.046875
0 0.3015625 0.816796875 0.0578125 0.06328125
0 0.34765625 0.815625 0.0453125 0.065625
0 0.32109375 0.870703125 0.0578125 0.07421875
0 0.374609375 0.83984375 0.04921875 0.071875
0 0.391015625 0.87265625 0.05390625 0.059375
0 0.41015625 0.801171875 0.0421875 0.06328125
0 0.438671875 0.789453125 0.03828125 0.07109375
0 0.484375 0.791015625 0.0765625 0.06171875
0 0.470703125 0.823828125 0.05234375 0.05859375
0 0.504296875 0.8578125 0.06015625 0.0625
0 0.455078125 0.866015625 0.04609375 0.06171875
0 0.41953125 0.839453125 0.046875 0.06171875
0 0.76875 0.1625 0.076171875 0.05