0 0.071875 0.857421875 0.06640625 0.062109375
0 0.11953125 0.813671875 0.072265625 0.08203125
0 0.055859375 0.78984375 0.0875 0.062109375
0 0.012109375 0.737109375 0.02421875 0.06328125
0 0.06953125 0.662109375 0.06171875 0.085546875
0 0.03359375 0.522265625 0.0671875 0.08984375
0 0.287890625 0.687109375 0.078515625 0.066796875
0 0.333984375 0.591015625 0.076171875 0.066796875
0 0.598828125 0.610546875 0.051953125 0.090234375
0 0.194140625 0.2953125 0.08984375 0.07109375
0 0.02578125 0.272265625 0.051171875 0.061328125
0 0.024609375 0.198046875 0.048828125 0.0765625
0 0.014453125 0.140234375 0.02890625 0.06484375
0 0.010546875 0.08125 0.020703125 0.055078125
0 0.0453125 0.124609375 0.076171875 0.1015625
0 0.068359375 0.083984375 0.073828125 0.091015625
0 0.138671875 0.082421875 0.075390625 0.08125
0 0.182421875 0.116015625 0.06640625 0.0734375
0 0.1890625 0.181640625 0.069921875 0.07265625
0 0.2625 0.088671875 0.080078125 0.083203125
0 0.248046875 0.13125 0.076953125 0.058984375
0 0.31875 0.0765625 0.047265625 0.07265625
0 0.34765625 0.09921875 0.05703125 0.091015625
0 0.372265625 0.18203125 0.0609375 0.075
0 0.540625 0.292578125 0.073828125 0.0734375
0 0.3859375 0.075390625 0.065625 0.10234375
0 0.42890625 0.0828125 0.06328125 0.1078125
0 0.49375 0.146875 0.05546875 0.07265625
0 0.47109375 0.079296875 0.05859375 0.086328125
0 0.55234375 0.076171875 0.069921875 0.086328125
0 0.527734375 0.133984375 0.051171875 0.061328125
0 0.566015625 0.146484375 0.05390625 0.071875
0 0.610546875 0.133984375 0.0609375 0.056640625
0 0.640625 0.163671875 0.06015625 0.07421875
0 0.59296875 0.06953125 0.046484375 0.08125
0 0.6578125 0.0609375 0.08515625 0.04296875
0 0.636328125 0.100390625 0.06015625 0.0515625
0 0.6890625 0.123828125 0.0625 0.0984375
0 0.739453125 0.0859375 0.070703125 0.083984375
0 0.790625 0.08984375 0.05390625 0.06953125
0 0.84140625 0.0890625 0.0546875 0.07265625
0 0.8890625 0.069921875 0.068359375 0.08046875
0 0.859765625 0.153515625 0.080078125 0.066015625
0 0.936328125 0.101953125 0.068359375 0.083984375
0 0.9734375 0.09140625 0.053125 0.1203125
0 0.80625 0.20234375 0.09140625 0.08203125
0 0.91484375 0.685546875 0.066015625 0.084765625