0 0.882421875 0.878515625 0.03984375 0.07421875
0 0.788671875 0.87421875 0.05234375 0.0546875
0 0.7515625 0.787890625 0.0609375 0.04765625
0 0.6828125 0.70234375 0.040625 0.05
0 0.7578125 0.6734375 0.0578125 0.04375
0 0.7984375 0.71953125 0.0734375 0.040625
0 0.928125 0.740234375 0.0375 0.05078125
0 0.955859375 0.73359375 0.03359375 0.059375
0 0.554296875 0.837109375 0.06171875 0.05078125
0 0.528515625 0.78515625 0.04765625 0.0546875
0 0.621484375 0.69375 0.04140625 0.05
0 0.584375 0.6890625 0.0328125 0.046875
0 0.601953125 0.65703125 0.04296875 0.046875
0 0.617578125 0.619921875 0.04921875 0.04453125
0 0.550390625 0.685546875 0.04140625 0.05703125
0 0.49765625 0.67734375 0.0640625 0.0421875
0 0.425390625 0.699609375 0.04375 0.0578125
0 0.456640625 0.6984375 0.04140625 0.0671875
0 0.583984375 0.5265625 0.05078125 0.0421875
0 0.64375 0.528125 0.0453125 0.05625
0 0.6796875 0.56484375 0.0390625 0.06875
0 0.821875 0.5421875 0.0546875 0.040625
0 0.782421875 0.454296875 0.05078125 0.04453125
0 0.689453125 0.916796875 0.02421875 0.02421875
0 0.326953125 0.848828125 0.06328125 0.05078125
0 0.253125 0.832421875 0.065625 0.03671875
0 0.215234375 0.880078125 0.06015625 0.02578125
0 0.18671875 0.86171875 0.0390625 0.0375
0 0.218359375 0.858984375 0.04609375 0.02578125
0 0.21953125 0.822265625 0.071875 0.03984375
0 0.187109375 0.828125 0.02890625 0.0265625
0 0.208203125 0.796484375 0.06171875 0.03671875
0 0.169140625 0.80546875 0.04609375 0.0375
0 0.156640625 0.775390625 0.07421875 0.04140625
0 0.343359375 0.7328125 0.04609375 0.05
0 0.368359375 0.69296875 0.06015625 0.0546875
0 0.187109375 0.726953125 0.06796875 0.03671875
0 0.158984375 0.725 0.03671875 0.053125
0 0.164453125 0.682421875 0.03828125 0.04765625
0 0.197265625 0.697265625 0.03984375 0.05234375
0 0.236328125 0.6921875 0.05078125 0.0390625
0 0.26328125 0.6671875 0.046875 0.05625
0 0.22890625 0.65078125 0.0546875 0.0421875
0 0.200390625 0.6453125 0.05234375 0.0484375
0 0.372265625 0.61796875 0.06953125 0.0390625
0 0.415625 0.60390625 0.0703125 0.0421875
0 0.3375 0.594140625 0.0703125 0.03515625
0 0.363671875 0.566796875 0.07734375 0.03671875
0 0.2359375 0.563671875 0.05625 0.04765625
0 0.2640625 0.53984375 0.040625 0.06875
0 0.26953125 0.49453125 0.0453125 0.046875
0 0.298046875 0.503125 0.04453125 0.0453125
0 0.31015625 0.540234375 0.0375 0.04609375
0 0.35234375 0.531640625 0.0546875 0.03671875
0 0.33359375 0.50390625 0.0703125 0.034375
0 0.38125 0.49609375 0.0453125 0.0515625
0 0.344140625 0.46875 0.04609375 0.0328125
0 0.45859375 0.503515625 0.0484375 0.06640625
0 0.364453125 0.439453125 0.06796875 0.03828125
0 0.45703125 0.41875 0.0578125 0.0484375
0 0.330078125 0.415234375 0.04765625 0.04921875
0 0.35859375 0.3703125 0.05 0.0625
0 0.325 0.3625 0.040625 0.046875
0 0.14765625 0.5546875 0.0453125 0.04375
0 0.16875 0.540234375 0.075 0.03671875
0 0.148828125 0.522265625 0.04140625 0.03515625
0 0.15 0.4859375 0.053125 0.040625
0 0.193359375 0.5125 0.04921875 0.059375
0 0.150390625 0.4625 0.05078125 0.034375
0 0.17890625 0.45546875 0.065625 0.0421875
0 0.157421875 0.419921875 0.05390625 0.03359375
0 0.19296875 0.434375 0.05 0.04375
0 0.213671875 0.419921875 0.05546875 0.04765625
0 0.22421875 0.373828125 0.0546875 0.05234375
0 0.230078125 0.3171875 0.04921875 0.059375
0 0.425390625 0.2484375 0.05078125 0.05625
0 0.48359375 0.332421875 0.0390625 0.04921875
0 0.51640625 0.360546875 0.065625 0.04921875
0 0.505859375 0.30625 0.03359375 0.0546875
0 0.523828125 0.334765625 0.03828125 0.03359375
0 0.548046875 0.312890625 0.04140625 0.04453125
0 0.58515625 0.318359375 0.040625 0.05546875
0 0.359765625 0.18359375 0.05546875 0.04375
0 0.335546875 0.154296875 0.05546875 0.04453125
0 0.346875 0.10859375 0.0578125 0.0390625
0 0.234375 0.180078125 0.046875 0.05546875
0 0.26640625 0.164453125 0.0546875 0.04765625
0 0.276953125 0.10859375 0.07421875 0.0421875
0 0.231640625 0.10234375 0.04140625 0.03125
0 0.164453125 0.112890625 0.04765625 0.04453125
0 0.15703125 0.163671875 0.040625 0.04609375
0 0.180859375 0.1671875 0.02734375 0.059375
0 0.20234375 0.1765625 0.0390625 0.0484375
0 0.212890625 0.14453125 0.03828125 0.0359375
0 0.2265625 0.13515625 0.053125 0.0390625
0 0.415234375 0.121484375 0.05703125 0.04609375
0 0.411328125 0.17265625 0.05703125 0.040625
0 0.43671875 0.19453125 0.0578125 0.04375
0 0.4234375 0.14375 0.0484375 0.0390625
0 0.463671875 0.15859375 0.04453125 0.0578125
0 0.484765625 0.13046875 0.04921875 0.059375
0 0.48984375 0.18515625 0.0546875 0.0421875
0 0.52109375 0.203125 0.065625 0.0453125
0 0.511328125 0.111328125 0.05078125 0.03984375
0 0.534765625 0.095703125 0.05234375 0.03515625
0 0.53203125 0.156640625 0.040625 0.05234375
0 0.54921875 0.130859375 0.040625 0.04453125
0 0.570703125 0.173828125 0.04140625 0.04609375
0 0.582421875 0.20234375 0.03828125 0.0484375
0 0.567578125 0.117578125 0.03515625 0.05703125
0 0.6015625 0.094140625 0.053125 0.03828125
0 0.608203125 0.146484375 0.04765625 0.04296875
0 0.630859375 0.221484375 0.04140625 0.04609375
0 0.609375 0.194921875 0.028125 0.05078125
0 0.646875 0.18203125 0.0390625 0.0453125
0 0.645703125 0.1296875 0.03828125 0.059375
0 0.65234375 0.100390625 0.034375 0.04765625
0 0.67890625 0.1546875 0.046875 0.0484375
0 0.70234375 0.198046875 0.040625 0.04921875
0 0.730859375 0.182421875 0.03515625 0.06484375
0 0.708203125 0.159375 0.04765625 0.04375
0 0.776171875 0.2078125 0.05234375 0.040625
0 0.684765625 0.103515625 0.03671875 0.05078125
0 0.7171875 0.10859375 0.034375 0.05
0 0.749609375 0.094921875 0.03046875 0.04921875
0 0.73125 0.13046875 0.0421875 0.04375
0 0.7609375 0.174609375 0.034375 0.03515625
0 0.796875 0.15546875 0.0390625 0.0609375
0 0.783984375 0.121875 0.05546875 0.0484375
0 0.78359375 0.089453125 0.040625 0.03515625
0 0.846484375 0.18046875 0.06015625 0.040625
0 0.816015625 0.09609375 0.02890625 0.046875
0 0.86171875 0.144140625 0.05625 0.03828125
0 0.83203125 0.1375 0.0328125 0.06875
0 0.840625 0.092578125 0.021875 0.04453125
0 0.8484375 0.0984375 0.03125 0.0390625
0 0.865625 0.112109375 0.040625 0.03828125
0 0.91328125 0.2046875 0.053125 0.0453125
0 0.90234375 0.165625 0.0375 0.08125
0 0.905078125 0.1078125 0.03828125 0.0578125
0 0.932421875 0.09921875 0.02890625 0.059375
0 0.960546875 0.098828125 0.03203125 0.05546875
0 0.9875 0.101171875 0.021875 0.06015625
0 0.948046875 0.15234375 0.04453125 0.065625
0 0.96953125 0.16171875 0.0578125 0.05
0 0.97109375 0.204296875 0.0578125 0.03984375
0 0.98125 0.263671875 0.0359375 0.05390625
0 0.56171875 0.580078125 0.041015625 0.0546875
0 0.595703125 0.58203125 0.03515625 0.052734375
0 0.53046875 0.6453125 0.048828125 0.044921875
0 0.56328125 0.6359375 0.044921875 0.05078125