0 0.0328125 0.1203125 0.065625 0.1125
0 0.093359375 0.130078125 0.075 0.0765625
0 0.401953125 0.083203125 0.052734375 0.084375
0 0.60859375 0.14609375 0.06328125 0.06796875
0 0.63203125 0.17734375 0.061328125 0.062109375
0 0.690625 0.20703125 0.06328125 0.062890625
0 0.707421875 0.127734375 0.08203125 0.062109375
0 0.720703125 0.163671875 0.057421875 0.073828125
0 0.73046875 0.24453125 0.07890625 0.05625
0 0.925 0.38203125 0.0703125 0.0609375
0 0.902734375 0.46953125 0.05859375 0.082421875
0 0.722265625 0.480859375 0.0703125 0.0640625
0 0.0921875 0.330078125 0.075 0.047265625
0 0.130859375 0.4453125 0.078125 0.06484375
0 0.22734375 0.447265625 0.08984375 0.04921875
0 0.3875 0.51640625 0.060546875 0.055078125
0 0.592578125 0.773046875 0.068359375 0.062890625
0 0.135546875 0.6546875 0.076171875 0.05234375
0 0.236328125 0.661328125 0.064453125 0.054296875
0 0.19921875 0.7046875 0.0625 0.08828125
0 0.1609375 0.713671875 0.056640625 0.090234375
0 0.334765625 0.76796875 0.083984375 0.0796875
0 0.34609375 0.878515625 0.061328125 0.06484375
0 0.43203125 0.811328125 0.06328125 0.062890625
0 0.483984375 0.880078125 0.048828125 0.073828125
0 0.425390625 0.85234375 0.07421875 0.053125
0 0.452734375 0.881640625 0.072265625 0.05703125