0 0.533984375 0.195703125 0.06796875 0.069140625
0 0.46875 0.602734375 0.07109375 0.0734375
0 0.452734375 0.45859375 0.06328125 0.08359375
0 0.56171875 0.67265625 0.096875 0.065625
0 0.653515625 0.77109375 0.0765625 0.090234375
0 0.5046875 0.85625 0.063671875 0.0796875
0 0.391796875 0.896875 0.06328125 0.081640625
0 0.440234375 0.9046875 0.072265625 0.072265625
0 0.4984375 0.905859375 0.060546875 0.0640625
0 0.541796875 0.894140625 0.046484375 0.084765625
0 0.584375 0.914453125 0.065234375 0.073046875
0 0.062109375 0.707421875 0.073046875 0.090625
0 0.170703125 0.69921875 0.076953125 0.073046875
0 0.11328125 0.83046875 0.08359375 0.091015625
0 0.192578125 0.4015625 0.076953125 0.076953125