0 0.915234375 0.582421875 0.0703125 0.091796875
0 0.78203125 0.57109375 0.046875 0.06796875
0 0.91875 0.69765625 0.07578125 0.07421875
0 0.637109375 0.79296875 0.0671875 0.062890625
0 0.29609375 0.8921875 0.057421875 0.06484375
0 0.305078125 0.799609375 0.070703125 0.051953125
0 0.480078125 0.80234375 0.05078125 0.078515625
0 0.51640625 0.80859375 0.04765625 0.08046875
0 0.196484375 0.784375 0.053125 0.0828125
0 0.205859375 0.8734375 0.03984375 0.023046875
0 0.0171875 0.819140625 0.034375 0.065625
0 0.033984375 0.655078125 0.06796875 0.06484375