0 0.053125 0.107421875 0.06171875 0.075390625
0 0.183203125 0.098046875 0.06953125 0.06875
0 0.257421875 0.098828125 0.051953125 0.080078125
0 0.321484375 0.08671875 0.057421875 0.0671875
0 0.39609375 0.091796875 0.07421875 0.071484375
0 0.282421875 0.187109375 0.062109375 0.080078125
0 0.471484375 0.331640625 0.0578125 0.077734375
0 0.348828125 0.34296875 0.07421875 0.0546875
0 0.107421875 0.4890625 0.080859375 0.0890625
0 0.17421875 0.527734375 0.07265625 0.07265625
0 0.135546875 0.351171875 0.07421875 0.0625
0 0.185546875 0.37890625 0.09765625 0.06171875
0 0.41484375 0.450390625 0.060546875 0.0734375
0 0.26796875 0.7140625 0.0640625 0.083203125
0 0.4484375 0.69609375 0.067578125 0.053125
0 0.34140625 0.780078125 0.067578125 0.08203125
0 0.211328125 0.811328125 0.07265625 0.090234375
0 0.12421875 0.86171875 0.06171875 0.048828125
0 0.310546875 0.91171875 0.038671875 0.061328125
0 0.365234375 0.885546875 0.059765625 0.0734375
0 0.421484375 0.871875 0.059765625 0.0796875
0 0.495703125 0.80625 0.065625 0.064453125
0 0.478515625 0.893359375 0.07265625 0.05625
0 0.590234375 0.812890625 0.052734375 0.08515625
0 0.55546875 0.90234375 0.075390625 0.0671875
0 0.641796875 0.845703125 0.078515625 0.06640625
0 0.619140625 0.40234375 0.05078125 0.073828125
0 0.691015625 0.445703125 0.0703125 0.071875
0 0.63828125 0.473046875 0.054296875 0.0796875
0 0.79921875 0.194921875 0.065625 0.06484375
0 0.95 0.368359375 0.0984375 0.056640625
0 0.85234375 0.433984375 0.070703125 0.055859375
0 0.838671875 0.491796875 0.067578125 0.048828125
0 0.91484375 0.451953125 0.081640625 0.050390625
0 0.81953125 0.675390625 0.057421875 0.07265625
0 0.924609375 0.75 0.089453125 0.059375
0 0.97421875 0.71640625 0.0515625 0.08359375
0 0.958984375 0.81875 0.08203125 0.06953125