0 0.023046875 0.1015625 0.04609375 0.0796875
0 0.040625 0.076953125 0.08125 0.08046875
0 0.081640625 0.061328125 0.091796875 0.065234375
0 0.425390625 0.0703125 0.073828125 0.071484375
0 0.960546875 0.062890625 0.07890625 0.06953125
0 0.809375 0.073046875 0.078515625 0.064453125
0 0.749609375 0.06328125 0.077734375 0.06875
0 0.680859375 0.06171875 0.0765625 0.06484375
0 0.598828125 0.07734375 0.053125 0.083984375
0 0.646875 0.08671875 0.05390625 0.096484375
0 0.876171875 0.18984375 0.06875 0.078125
0 0.7671875 0.2625 0.099609375 0.062890625
0 0.9796875 0.549609375 0.040625 0.06484375
0 0.738671875 0.523828125 0.0703125 0.06484375
0 0.76953125 0.650390625 0.072265625 0.091796875
0 0.579296875 0.45234375 0.078515625 0.06796875
0 0.44453125 0.397265625 0.082421875 0.07265625
0 0.40703125 0.316015625 0.090234375 0.05859375
0 0.659375 0.73359375 0.080078125 0.0671875
0 0.649609375 0.8375 0.071484375 0.0765625
0 0.5859375 0.858984375 0.050390625 0.08828125
0 0.631640625 0.8859375 0.07109375 0.062890625
0 0.539453125 0.869921875 0.064453125 0.0640625
0 0.46015625 0.87890625 0.054296875 0.08515625
0 0.409375 0.8734375 0.05859375 0.07109375
0 0.917578125 0.86484375 0.07109375 0.03046875
0 0.2609375 0.80234375 0.06484375 0.078515625
0 0.209765625 0.57890625 0.0546875 0.09453125