0 0.961328125 0.875390625 0.05390625 0.085546875
0 0.980859375 0.8515625 0.03828125 0.05390625
0 0.983984375 0.891015625 0.03203125 0.05078125
0 0.86328125 0.820703125 0.069921875 0.058203125
0 0.798046875 0.808203125 0.070703125 0.067578125
0 0.819921875 0.850390625 0.07890625 0.053515625
0 0.559375 0.705078125 0.0671875 0.087890625
0 0.71328125 0.83671875 0.056640625 0.0703125
0 0.6578125 0.87421875 0.06015625 0.07109375
0 0.7046875 0.88359375 0.059375 0.069921875
0 0.74609375 0.880078125 0.0390625 0.06015625
0 0.15703125 0.737890625 0.059375 0.0765625
0 0.440234375 0.803515625 0.096875 0.067578125
0 0.028125 0.803515625 0.05625 0.06640625
0 0.11796875 0.853125 0.07578125 0.100390625
0 0.223828125 0.81328125 0.05703125 0.081640625
0 0.22265625 0.596484375 0.055859375 0.081640625
0 0.0875 0.590234375 0.05859375 0.083984375
0 0.09453125 0.519921875 0.059375 0.083203125
0 0.03203125 0.1046875 0.057421875 0.0625
0 0.031640625 0.2046875 0.06328125 0.04921875
0 0.0140625 0.149609375 0.027734375 0.023828125
0 0.019921875 0.172265625 0.03984375 0.02578125
0 0.051171875 0.149609375 0.06328125 0.04609375
0 0.02734375 0.1234375 0.0484375 0.028125
0 0.13671875 0.145703125 0.091015625 0.071484375
0 0.326953125 0.10625 0.0734375 0.065625
0 0.225390625 0.115625 0.08046875 0.066796875
0 0.18828125 0.126171875 0.058984375 0.089453125
0 0.13828125 0.112109375 0.0609375 0.0578125
0 0.088671875 0.1015625 0.06796875 0.057421875
0 0.44140625 0.132421875 0.061328125 0.0828125
0 0.49140625 0.120703125 0.062890625 0.051171875
0 0.81640625 0.109375 0.073828125 0.061328125
0 0.891796875 0.127734375 0.055078125 0.085546875
0 0.849609375 0.12578125 0.053125 0.07890625