0 0.016796875 0.065625 0.03203125 0.0546875
0 0.030078125 0.122265625 0.05859375 0.06796875
0 0.058203125 0.2125 0.07109375 0.08125
0 0.1359375 0.175390625 0.078125 0.06796875
0 0.070703125 0.0921875 0.06640625 0.0984375
0 0.103125 0.0625 0.065625 0.0671875
0 0.173828125 0.070703125 0.08359375 0.05859375
0 0.233203125 0.059765625 0.07109375 0.05078125
0 0.271484375 0.1234375 0.09765625 0.0765625
0 0.3609375 0.116015625 0.0703125 0.07578125
0 0.419921875 0.133984375 0.05703125 0.07421875
0 0.377734375 0.200390625 0.09296875 0.07421875
0 0.476953125 0.218359375 0.06953125 0.06953125
0 0.49375 0.1296875 0.0453125 0.1140625
0 0.521875 0.0953125 0.04375 0.084375
0 0.53984375 0.152734375 0.075 0.06953125
0 0.578125 0.100390625 0.0640625 0.07109375
0 0.694921875 0.05859375 0.06015625 0.0765625
0 0.745703125 0.053515625 0.06796875 0.05546875
0 0.821484375 0.070703125 0.06015625 0.08671875
0 0.687890625 0.109375 0.08671875 0.0609375
0 0.747265625 0.15078125 0.05390625 0.0921875
0 0.7015625 0.157421875 0.084375 0.05703125