0 0.98515625 0.08359375 0.0296875 0.037109375
0 0.74296875 0.064453125 0.0953125 0.067578125
0 0.54609375 0.080859375 0.0953125 0.074609375
0 0.982421875 0.63828125 0.03515625 0.0546875
0 0.989453125 0.80546875 0.02109375 0.0734375
0 0.954296875 0.78984375 0.06796875 0.08984375
0 0.923828125 0.83359375 0.05703125 0.079296875
0 0.97265625 0.85546875 0.053125 0.060546875
0 0.983984375 0.896484375 0.03203125 0.03828125
0 0.93359375 0.887890625 0.086328125 0.065625
0 0.88203125 0.82109375 0.064453125 0.07421875
0 0.83984375 0.88203125 0.069921875 0.059375
0 0.787890625 0.868359375 0.06015625 0.091015625
0 0.745703125 0.876953125 0.06953125 0.062890625
0 0.753515625 0.8203125 0.083203125 0.075390625
0 0.583203125 0.788671875 0.072265625 0.07734375
0 0.58046875 0.85625 0.075 0.070703125
0 0.5484375 0.872265625 0.047265625 0.07734375
0 0.50859375 0.8890625 0.0546875 0.0734375
0 0.456640625 0.894140625 0.07890625 0.048046875
0 0.4609375 0.847265625 0.058203125 0.071875
0 0.50859375 0.838671875 0.05859375 0.07890625
0 0.4234375 0.108203125 0.059375 0.091796875
0 0.37578125 0.130078125 0.065234375 0.090234375
0 0.327734375 0.15625 0.053515625 0.094921875
0 0.3890625 0.06875 0.0796875 0.062109375
0 0.329296875 0.087109375 0.05703125 0.087109375
0 0.28984375 0.075 0.0515625 0.0765625
0 0.24375 0.073828125 0.0515625 0.087109375
0 0.202734375 0.0703125 0.06796875 0.076953125
0 0.146484375 0.069140625 0.06875 0.06171875
0 0.101171875 0.058984375 0.04609375 0.046875
0 0.127734375 0.107421875 0.062109375 0.0890625
0 0.089453125 0.112890625 0.055859375 0.08046875
0 0.0546875 0.10546875 0.05078125 0.09609375
0 0.04921875 0.0578125 0.068359375 0.04921875
0 0.01328125 0.076171875 0.0265625 0.04765625
0 0.0265625 0.1234375 0.052734375 0.094140625