0 0.946875 0.7859375 0.071484375 0.086328125
0 0.54921875 0.738671875 0.0734375 0.06953125
0 0.7203125 0.84765625 0.049609375 0.080078125
0 0.653125 0.8875 0.059375 0.081640625
0 0.701171875 0.89375 0.0625 0.0625
0 0.758984375 0.90078125 0.063671875 0.053515625
0 0.76875 0.86328125 0.05234375 0.086328125
0 0.80546875 0.88359375 0.0484375 0.080859375
0 0.897265625 0.877734375 0.083984375 0.069921875
0 0.58984375 0.806640625 0.07421875 0.076171875
0 0.6640625 0.42578125 0.07890625 0.064453125
0 0.7609375 0.427734375 0.080859375 0.082421875
0 0.721875 0.502734375 0.063671875 0.086328125
0 0.462109375 0.498828125 0.063671875 0.086328125
0 0.490625 0.454296875 0.0546875 0.08828125
0 0.023046875 0.384765625 0.04609375 0.09140625
0 0.015625 0.49765625 0.03125 0.05703125
0 0.066796875 0.294140625 0.079296875 0.100390625
0 0.2625 0.26171875 0.06796875 0.06484375
0 0.235546875 0.330078125 0.080078125 0.06796875
0 0.01640625 0.18515625 0.0328125 0.0578125
0 0.125 0.171484375 0.0890625 0.073046875
0 0.2515625 0.139453125 0.06875 0.09140625
0 0.030078125 0.093359375 0.0546875 0.094140625
0 0.10546875 0.087890625 0.060546875 0.076953125
0 0.067578125 0.10625 0.0578125 0.084375
0 0.008203125 0.092578125 0.01640625 0.07421875
0 0.49296875 0.10703125 0.06015625 0.083203125
0 0.39296875 0.1921875 0.079296875 0.0828125
0 0.4875 0.861328125 0.059765625 0.078125