0 0.1375 0.75390625 0.0578125 0.0765625
0 0.18046875 0.775390625 0.053515625 0.071875
0 0.244921875 0.76328125 0.06171875 0.080078125
0 0.2125 0.805859375 0.058203125 0.08515625
0 0.716015625 0.66328125 0.06171875 0.05859375
0 0.641015625 0.66640625 0.0703125 0.06328125
0 0.6765625 0.715625 0.0859375 0.07109375
0 0.5765625 0.783984375 0.05703125 0.08046875
0 0.633984375 0.767578125 0.047265625 0.04609375
0 0.633203125 0.732421875 0.062890625 0.05703125
0 0.51015625 0.83359375 0.06171875 0.06328125
0 0.556640625 0.833984375 0.04453125 0.062890625
0 0.58671875 0.865234375 0.05078125 0.061328125
0 0.65078125 0.819921875 0.08125 0.056640625
0 0.647265625 0.871484375 0.065625 0.06484375
0 0.85234375 0.73828125 0.077734375 0.063671875