0 0.165234375 0.212109375 0.088671875 0.066015625
0 0.2703125 0.352734375 0.071484375 0.07890625
0 0.235546875 0.38671875 0.07265625 0.052734375
0 0.108203125 0.450390625 0.058984375 0.07421875
0 0.026953125 0.723046875 0.05390625 0.06015625
0 0.237109375 0.808984375 0.083203125 0.08203125
0 0.6140625 0.853515625 0.09609375 0.0828125
0 0.599609375 0.906640625 0.08203125 0.0609375
0 0.76875 0.80078125 0.0671875 0.094140625
0 0.86796875 0.8 0.0859375 0.07890625
0 0.98671875 0.270703125 0.0265625 0.056640625