0 0.990234375 0.8484375 0.01953125 0.0640625
0 0.153515625 0.1609375 0.061328125 0.064453125
0 0.2578125 0.21484375 0.065234375 0.056640625
0 0.01796875 0.55 0.035546875 0.058984375
0 0.037109375 0.631640625 0.07421875 0.06796875
0 0.84375 0.4296875 0.063671875 0.059765625
0 0.77734375 0.441015625 0.0609375 0.075
0 0.608203125 0.33671875 0.0625 0.06328125
0 0.51875 0.353125 0.052734375 0.092578125
0 0.319921875 0.5015625 0.065234375 0.076171875
0 0.90703125 0.712890625 0.077734375 0.078125
0 0.588671875 0.7921875 0.07578125 0.058984375
0 0.670703125 0.864453125 0.087890625 0.08125
0 0.3296875 0.809375 0.077734375 0.0609375
0 0.021875 0.871875 0.043359375 0.060546875
0 0.0515625 0.869921875 0.075 0.06015625