0 0.19453125 0.04921875 0.06875 0.0984375
0 0.248046875 0.084765625 0.059375 0.093359375
0 0.296484375 0.09765625 0.05703125 0.078125
0 0.346875 0.06171875 0.07109375 0.05625
0 0.3609375 0.104296875 0.0703125 0.062890625
0 0.431640625 0.106640625 0.049609375 0.081640625
0 0.466796875 0.076953125 0.04609375 0.07265625
0 0.498828125 0.078125 0.046875 0.082421875
0 0.529296875 0.06015625 0.07109375 0.06796875
0 0.684765625 0.098046875 0.054296875 0.07890625
0 0.765625 0.169921875 0.10390625 0.0671875
0 0.754296875 0.05859375 0.07578125 0.06640625
0 0.83671875 0.068359375 0.075 0.071875
0 0.03125 0.322265625 0.062109375 0.078125
0 0.009765625 0.41015625 0.01953125 0.04375
0 0.198046875 0.25390625 0.0640625 0.076171875
0 0.279296875 0.344921875 0.07109375 0.06171875
0 0.3265625 0.46484375 0.06328125 0.0671875
0 0.36484375 0.5 0.0515625 0.087109375
0 0.639453125 0.460546875 0.060546875 0.063671875
0 0.85859375 0.367578125 0.089453125 0.06015625
0 0.855078125 0.44375 0.08046875 0.075390625
0 0.014453125 0.7140625 0.02890625 0.0796875
0 0.203125 0.77109375 0.066796875 0.069921875
0 0.294921875 0.88828125 0.06484375 0.076171875
0 0.419140625 0.871875 0.055078125 0.07265625
0 0.48828125 0.85078125 0.048828125 0.080859375
0 0.5359375 0.88125 0.050390625 0.0734375
0 0.583203125 0.878125 0.06953125 0.06171875
0 0.64453125 0.874609375 0.055078125 0.074609375
0 0.683203125 0.883203125 0.06484375 0.069921875
0 0.593359375 0.70625 0.073046875 0.06640625
0 0.657421875 0.805859375 0.062109375 0.06015625
0 0.72734375 0.81171875 0.05234375 0.075390625
0 0.772265625 0.731640625 0.054296875 0.07890625
0 0.8671875 0.79140625 0.061328125 0.076171875
0 0.9671875 0.8328125 0.065625 0.075
0 0.795703125 0.820703125 0.061328125 0.0734375
0 0.88046875 0.86015625 0.09375 0.065234375