0 0.213671875 0.098828125 0.08125 0.0796875
0 0.16640625 0.246875 0.069140625 0.07265625
0 0.269921875 0.157421875 0.086328125 0.066796875
0 0.551953125 0.169921875 0.060546875 0.0828125
0 0.59765625 0.1515625 0.05546875 0.078515625
0 0.680078125 0.119140625 0.071484375 0.05546875
0 0.328125 0.30625 0.055859375 0.077734375
0 0.244921875 0.49609375 0.096484375 0.071875
0 0.2828125 0.465625 0.0640625 0.06796875
0 0.379296875 0.444921875 0.0765625 0.06171875
0 0.560546875 0.420703125 0.071484375 0.06484375
0 0.56875 0.488671875 0.059765625 0.072265625
0 0.358984375 0.531640625 0.0625 0.082421875
0 0.30625 0.57265625 0.074609375 0.071484375
0 0.0640625 0.653515625 0.07421875 0.0734375
0 0.148828125 0.753125 0.073046875 0.059765625
0 0.1 0.82109375 0.072265625 0.071484375
0 0.174609375 0.802734375 0.0671875 0.08359375
0 0.385546875 0.866015625 0.078125 0.06328125
0 0.444140625 0.870703125 0.05 0.073828125
0 0.50703125 0.830859375 0.074609375 0.07421875
0 0.486328125 0.869140625 0.050390625 0.078515625
0 0.5703125 0.830859375 0.075 0.05703125
0 0.56953125 0.878515625 0.071484375 0.053515625
0 0.637109375 0.869921875 0.053125 0.07890625
0 0.67890625 0.870703125 0.0453125 0.0765625
0 0.709765625 0.842578125 0.046875 0.083984375
0 0.8015625 0.78203125 0.0484375 0.093359375
0 0.759375 0.811328125 0.0609375 0.058984375
0 0.754296875 0.859375 0.058203125 0.05390625
0 0.8453125 0.81640625 0.059375 0.08359375
0 0.850390625 0.7375 0.091796875 0.063671875
0 0.94375 0.745703125 0.07578125 0.064453125
0 0.98515625 0.763671875 0.0296875 0.06171875
0 0.94921875 0.822265625 0.075 0.062890625
0 0.903125 0.88046875 0.07578125 0.063671875
0 0.93515625 0.869140625 0.059375 0.06875
0 0.97734375 0.873828125 0.0453125 0.06015625
0 0.815625 0.870703125 0.046484375 0.07109375
0 0.772265625 0.84453125 0.0578125 0.04765625
0 0.7671875 0.8921875 0.0625 0.043359375
0 0.74296875 0.341796875 0.071484375 0.082421875
0 0.80859375 0.45234375 0.09765625 0.065625
0 0.84609375 0.876953125 0.048828125 0.065234375