0 0.3140625 0.11484375 0.062109375 0.06796875
0 0.261328125 0.105078125 0.056640625 0.05859375
0 0.226171875 0.124609375 0.05 0.070703125
0 0.2015625 0.13671875 0.046875 0.073046875
0 0.175 0.11328125 0.053125 0.065625
0 0.170703125 0.159765625 0.053125 0.0578125
0 0.170703125 0.21953125 0.05703125 0.070703125
0 0.219140625 0.273046875 0.0828125 0.051171875
0 0.204296875 0.238671875 0.058984375 0.051171875
0 0.248828125 0.21328125 0.04921875 0.07890625
0 0.25390625 0.33359375 0.051171875 0.058203125
0 0.249609375 0.3078125 0.05859375 0.039453125
0 0.273046875 0.354296875 0.05390625 0.074609375
0 0.149609375 0.346875 0.04375 0.075
0 0.185546875 0.315234375 0.0484375 0.0671875
0 0.2015625 0.350390625 0.051953125 0.078125
0 0.244921875 0.378515625 0.06796875 0.060546875
0 0.16484375 0.4015625 0.06796875 0.0453125
0 0.2109375 0.40625 0.063671875 0.047265625
0 0.13203125 0.44140625 0.065625 0.060546875
0 0.245703125 0.43984375 0.09921875 0.056640625
0 0.17578125 0.454296875 0.059765625 0.058984375
0 0.146875 0.46875 0.065625 0.045703125
0 0.14609375 0.525 0.060546875 0.037890625
0 0.1515625 0.49765625 0.053515625 0.034375
0 0.19765625 0.51953125 0.087109375 0.0453125
0 0.200390625 0.484375 0.0765625 0.0515625
0 0.262109375 0.49296875 0.078125 0.0640625
0 0.236328125 0.541796875 0.0671875 0.0765625
0 0.17890625 0.55 0.08203125 0.0390625
0 0.15 0.579296875 0.049609375 0.053515625
0 0.18359375 0.59296875 0.048828125 0.07578125
0 0.21640625 0.607421875 0.046875 0.058984375
0 0.256640625 0.612890625 0.063671875 0.070703125
0 0.165234375 0.640625 0.04375 0.05625
0 0.21328125 0.659375 0.05546875 0.04375
0 0.2078125 0.64296875 0.07109375 0.03046875
0 0.18828125 0.67109375 0.06328125 0.037109375
0 0.161328125 0.698046875 0.0640625 0.05078125
0 0.16015625 0.7375 0.07109375 0.048046875
0 0.171484375 0.77578125 0.059375 0.041015625
0 0.16796875 0.8453125 0.04921875 0.0671875
0 0.175390625 0.816015625 0.05703125 0.055859375
0 0.179296875 0.864453125 0.048828125 0.05
0 0.207421875 0.880859375 0.067578125 0.049609375
0 0.221875 0.826171875 0.058203125 0.062890625
0 0.21328125 0.733203125 0.06328125 0.053125
0 0.25859375 0.826171875 0.04609375 0.0625
0 0.2640625 0.875 0.048046875 0.056640625
0 0.25390625 0.78046875 0.054296875 0.042578125
0 0.26875 0.754296875 0.06796875 0.050390625
0 0.2984375 0.880859375 0.069921875 0.045703125
0 0.289453125 0.8546875 0.05625 0.040625
0 0.28828125 0.809375 0.050390625 0.066796875
0 0.321484375 0.7875 0.06640625 0.059375
0 0.312890625 0.74765625 0.07109375 0.04453125
0 0.342578125 0.86171875 0.069921875 0.05234375
0 0.342578125 0.82890625 0.064453125 0.04921875
0 0.3953125 0.83359375 0.0671875 0.06875
0 0.422265625 0.871484375 0.05390625 0.081640625
0 0.4375 0.80234375 0.076953125 0.0609375
0 0.392578125 0.77265625 0.071484375 0.067578125
0 0.2625 0.676953125 0.073828125 0.046875
0 0.274609375 0.711328125 0.070703125 0.055859375
0 0.3234375 0.70859375 0.0921875 0.061328125
0 0.36953125 0.731640625 0.047265625 0.069921875
0 0.4046875 0.70234375 0.055078125 0.064453125
0 0.4703125 0.8625 0.059375 0.08046875
0 0.503515625 0.86796875 0.060546875 0.05859375
0 0.34453125 0.6546875 0.08671875 0.054296875
0 0.309765625 0.623046875 0.075390625 0.059765625
0 0.29453125 0.54921875 0.0515625 0.085546875
0 0.31796875 0.51171875 0.052734375 0.0703125
0 0.333203125 0.545703125 0.052734375 0.06640625
0 0.336328125 0.60078125 0.074609375 0.06875
0 0.37734375 0.586328125 0.06953125 0.069140625
0 0.41328125 0.65859375 0.058203125 0.065625
0 0.454296875 0.718359375 0.062109375 0.0484375
0 0.445703125 0.664453125 0.0453125 0.061328125
0 0.48046875 0.680078125 0.06015625 0.0625
0 0.4765625 0.76328125 0.0625 0.06328125
0 0.7046875 0.092578125 0.061328125 0.077734375
0 0.65703125 0.10625 0.059375 0.0671875
0 0.523046875 0.11796875 0.068359375 0.073046875
0 0.40625 0.176171875 0.055078125 0.067578125
0 0.449609375 0.194921875 0.068359375 0.06875
0 0.333984375 0.219140625 0.06796875 0.073828125
0 0.401171875 0.25234375 0.0515625 0.07265625
0 0.3359375 0.296484375 0.0734375 0.048828125
0 0.358984375 0.32734375 0.06640625 0.059375
0 0.349609375 0.391015625 0.08984375 0.069140625
0 0.420703125 0.36484375 0.073046875 0.05390625
0 0.46953125 0.38046875 0.06328125 0.064453125
0 0.511328125 0.3625 0.069921875 0.059765625
0 0.962109375 0.169140625 0.059375 0.06484375
0 0.95859375 0.252734375 0.06015625 0.0484375
0 0.98203125 0.33359375 0.0359375 0.059375
0 0.952734375 0.3328125 0.049609375 0.068359375
0 0.883984375 0.342578125 0.0921875 0.05234375
0 0.8890625 0.26796875 0.051953125 0.07890625
0 0.846875 0.275 0.069921875 0.0671875
0 0.935546875 0.21953125 0.06484375 0.045703125
0 0.899609375 0.186328125 0.053125 0.06953125
0 0.80546875 0.18359375 0.059375 0.08515625
0 0.766015625 0.20546875 0.057421875 0.084375
0 0.619921875 0.212109375 0.071875 0.053125
0 0.666015625 0.245703125 0.070703125 0.07265625
0 0.69921875 0.303125 0.055078125 0.0703125
0 0.7890625 0.30546875 0.073828125 0.049609375
0 0.838671875 0.39296875 0.083203125 0.08046875
0 0.755078125 0.3734375 0.07421875 0.056640625
0 0.73359375 0.327734375 0.06328125 0.0578125
0 0.722265625 0.412109375 0.073046875 0.05390625
0 0.686328125 0.454296875 0.0828125 0.07109375
0 0.5875 0.499609375 0.07109375 0.04765625
0 0.526953125 0.45390625 0.07109375 0.0609375
0 0.467578125 0.44453125 0.05390625 0.065234375
0 0.419921875 0.41640625 0.0640625 0.059375
0 0.37109375 0.442578125 0.08515625 0.05546875
0 0.38046875 0.48828125 0.0859375 0.05546875
0 0.32421875 0.466015625 0.082421875 0.05625
0 0.408203125 0.312109375 0.05703125 0.06875
0 0.447265625 0.259375 0.06796875 0.05390625
0 0.496484375 0.231640625 0.08125 0.04921875
0 0.5171875 0.284765625 0.071875 0.0578125
0 0.572265625 0.291015625 0.056640625 0.066796875
0 0.58515625 0.32421875 0.073828125 0.06328125
0 0.615625 0.36484375 0.067578125 0.0640625
0 0.67421875 0.35 0.069140625 0.059765625
0 0.581640625 0.41015625 0.07578125 0.090625
0 0.9265625 0.478125 0.075 0.078515625
0 0.877734375 0.503515625 0.06171875 0.061328125
0 0.9046875 0.5328125 0.06484375 0.055859375
0 0.897265625 0.585546875 0.058984375 0.069921875
0 0.973828125 0.517578125 0.05234375 0.068359375
0 0.9765625 0.562109375 0.046875 0.06484375
0 0.974609375 0.608984375 0.05078125 0.05
0 0.97265625 0.662890625 0.054296875 0.060546875
0 0.987109375 0.73671875 0.02578125 0.0609375
0 0.94453125 0.729296875 0.0765625 0.056640625
0 0.93671875 0.76875 0.04765625 0.063671875
0 0.98125 0.81015625 0.0375 0.077734375
0 0.9890625 0.874609375 0.021875 0.0671875
0 0.966015625 0.868359375 0.0515625 0.068359375
0 0.92265625 0.887109375 0.0546875 0.0515625
0 0.89453125 0.859765625 0.037890625 0.06640625
0 0.93359375 0.848046875 0.056640625 0.046875
0 0.930859375 0.8140625 0.073046875 0.04921875
0 0.890625 0.793359375 0.049609375 0.06484375
0 0.860546875 0.8171875 0.056640625 0.054296875
0 0.8515625 0.758984375 0.04609375 0.075
0 0.86484375 0.701953125 0.05234375 0.071875
0 0.8375 0.6328125 0.065625 0.055078125
0 0.8296875 0.569140625 0.0671875 0.06953125
0 0.737890625 0.542578125 0.065234375 0.076953125
0 0.56796875 0.537890625 0.07421875 0.048046875
0 0.49921875 0.59375 0.075 0.06328125
0 0.4546875 0.569921875 0.075 0.0609375
0 0.532421875 0.656640625 0.069140625 0.05078125
0 0.580078125 0.68671875 0.044140625 0.081640625
0 0.642578125 0.648828125 0.084765625 0.055859375
0 0.7109375 0.65390625 0.06484375 0.066015625
0 0.7859375 0.638671875 0.0546875 0.07109375
0 0.805859375 0.69453125 0.0515625 0.067578125
0 0.6984375 0.6046875 0.062890625 0.05546875
0 0.675390625 0.54765625 0.05859375 0.069140625
0 0.65625 0.58046875 0.058984375 0.064453125
0 0.61953125 0.567578125 0.04765625 0.068359375
0 0.598046875 0.6125 0.06640625 0.05546875
0 0.580078125 0.58046875 0.053125 0.058984375
0 0.514453125 0.712109375 0.055078125 0.06796875
0 0.50625 0.74921875 0.05546875 0.04765625
0 0.555859375 0.748828125 0.0671875 0.0625
0 0.6015625 0.76875 0.0734375 0.05078125
0 0.65 0.7703125 0.06328125 0.05625
0 0.505078125 0.791015625 0.0609375 0.04921875
0 0.533984375 0.779296875 0.046484375 0.053125
0 0.58671875 0.824609375 0.055078125 0.058203125
0 0.571875 0.8046875 0.0375 0.067578125
0 0.531640625 0.825 0.055859375 0.0515625
0 0.5578125 0.86484375 0.056640625 0.05625
0 0.63515625 0.83671875 0.05078125 0.05859375
0 0.608984375 0.87109375 0.07734375 0.053125
0 0.61953125 0.68828125 0.055859375 0.04609375
0 0.673046875 0.693359375 0.05390625 0.05703125
0 0.632421875 0.73046875 0.05703125 0.0671875
0 0.80546875 0.73515625 0.0671875 0.053125
0 0.7484375 0.73125 0.06875 0.0484375
0 0.7875 0.781640625 0.04375 0.062890625
0 0.7484375 0.76953125 0.06328125 0.05
0 0.7421875 0.80234375 0.06484375 0.044921875
0 0.691796875 0.863671875 0.041796875 0.070703125
0 0.295703125 0.910546875 0.048828125 0.030078125
0 0.468359375 0.9140625 0.066015625 0.030859375
0 0.543359375 0.914453125 0.04609375 0.0234375
0 0.593359375 0.9140625 0.05234375 0.02734375
0 0.719921875 0.97578125 0.026171875 0.04765625
0 0.72265625 0.935546875 0.058984375 0.061328125
0 0.73515625 0.88984375 0.06171875 0.051171875
0 0.74375 0.844140625 0.06328125 0.048828125
0 0.772265625 0.82890625 0.04296875 0.05
0 0.81328125 0.81796875 0.07109375 0.066796875
0 0.852734375 0.85078125 0.05859375 0.04921875
0 0.8609375 0.8875 0.066015625 0.05546875
0 0.809765625 0.871875 0.051953125 0.06015625
0 0.776171875 0.88203125 0.05703125 0.05859375