0 0.913671875 0.20625 0.0640625 0.08203125
0 0.969140625 0.0953125 0.06171875 0.0640625
0 0.97265625 0.1640625 0.054296875 0.06484375
0 0.437890625 0.076171875 0.056640625 0.0796875
0 0.427734375 0.1328125 0.084765625 0.05
0 0.323828125 0.162890625 0.09453125 0.08125
0 0.42734375 0.18828125 0.076953125 0.0796875
0 0.26875 0.203515625 0.062109375 0.0953125
0 0.365234375 0.234375 0.06171875 0.0765625
0 0.34921875 0.414453125 0.07421875 0.068359375
0 0.4015625 0.482421875 0.078515625 0.06953125
0 0.010546875 0.294140625 0.02109375 0.075
0 0.065234375 0.531640625 0.0796875 0.056640625
0 0.226171875 0.713671875 0.083984375 0.059765625
0 0.05625 0.63359375 0.06484375 0.075390625
0 0.09140625 0.66953125 0.06171875 0.0640625
0 0.044921875 0.859375 0.0640625 0.08125
0 0.282421875 0.790625 0.062109375 0.08203125
0 0.448046875 0.894921875 0.050390625 0.07109375
0 0.4109375 0.89375 0.043359375 0.07421875
0 0.3765625 0.90234375 0.050390625 0.066015625
0 0.30234375 0.916015625 0.07578125 0.055078125
0 0.29765625 0.871875 0.05234375 0.06015625
0 0.346484375 0.878125 0.047265625 0.07109375
0 0.24921875 0.87734375 0.0625 0.053125
0 0.2671875 0.844140625 0.07578125 0.062109375
0 0.132421875 0.875390625 0.06640625 0.072265625
0 0.189453125 0.909375 0.066796875 0.066015625
0 0.23515625 0.906640625 0.0671875 0.0578125
0 0.073828125 0.908203125 0.053515625 0.078515625
0 0.036328125 0.906640625 0.0328125 0.04140625
0 0.103125 0.89453125 0.03828125 0.072265625
0 0.1390625 0.9125 0.05859375 0.05234375