0 0.835546875 0.231640625 0.081640625 0.05859375
0 0.93203125 0.158203125 0.055859375 0.08671875
0 0.8703125 0.122265625 0.060546875 0.071484375
0 0.75 0.1265625 0.04765625 0.073828125
0 0.7453125 0.701171875 0.08828125 0.0640625
0 0.74140625 0.7734375 0.0859375 0.055859375
0 0.609375 0.7484375 0.068359375 0.053125
0 0.710546875 0.831640625 0.0640625 0.06171875
0 0.039453125 0.846875 0.064453125 0.08828125
0 0.015234375 0.7765625 0.03046875 0.06796875
0 0.03046875 0.671484375 0.0609375 0.07109375
0 0.053125 0.723046875 0.061328125 0.084375
0 0.115625 0.651953125 0.05859375 0.068359375
0 0.312109375 0.65078125 0.083203125 0.0640625
0 0.20703125 0.69609375 0.061328125 0.08125
0 0.2984375 0.74453125 0.06171875 0.08203125
0 0.462109375 0.76328125 0.06875 0.066015625
0 0.515234375 0.7328125 0.051953125 0.075390625
0 0.3734375 0.8578125 0.078515625 0.069140625
0 0.534765625 0.8671875 0.069921875 0.059375
0 0.306640625 0.81484375 0.046875 0.069140625
0 0.30390625 0.8625 0.05703125 0.0640625
0 0.096875 0.799609375 0.0828125 0.078515625
0 0.187109375 0.1171875 0.0859375 0.051171875
0 0.3125 0.178515625 0.065625 0.06796875