0 0.55703125 0.12578125 0.06875 0.096484375
0 0.6609375 0.187890625 0.047265625 0.078515625
0 0.7265625 0.195703125 0.0671875 0.059765625
0 0.8046875 0.168359375 0.079296875 0.081640625
0 0.785546875 0.283203125 0.083984375 0.06640625
0 0.78515625 0.232421875 0.062890625 0.06171875
0 0.700390625 0.2453125 0.073046875 0.067578125
0 0.631640625 0.217578125 0.065234375 0.069921875
0 0.57890625 0.201171875 0.0625 0.07578125
0 0.558203125 0.25859375 0.072265625 0.052734375
0 0.362890625 0.287890625 0.0765625 0.068359375
0 0.7453125 0.401953125 0.051953125 0.069140625
0 0.705078125 0.419921875 0.052734375 0.08984375
0 0.6578125 0.393359375 0.0671875 0.07578125
0 0.612109375 0.355859375 0.053125 0.08515625
0 0.566796875 0.30234375 0.058984375 0.080078125
0 0.536328125 0.366015625 0.083984375 0.059765625
0 0.51875 0.416796875 0.0671875 0.059765625
0 0.734765625 0.58671875 0.0703125 0.080859375
0 0.5296875 0.527734375 0.087109375 0.058203125
0 0.502734375 0.54296875 0.066015625 0.07109375
0 0.493359375 0.598828125 0.074609375 0.069921875
0 0.616015625 0.5875 0.083203125 0.061328125
0 0.579296875 0.68828125 0.0671875 0.076953125
0 0.500390625 0.69296875 0.087109375 0.06328125
0 0.643359375 0.789453125 0.055078125 0.086328125
0 0.8125 0.846484375 0.0640625 0.091015625
0 0.50859375 0.909375 0.0875 0.069921875
0 0.602734375 0.86484375 0.061328125 0.071484375
0 0.803125 0.621875 0.060546875 0.08359375
0 0.84140625 0.673828125 0.083203125 0.05703125
0 0.388671875 0.821484375 0.082421875 0.060546875
0 0.2390625 0.7609375 0.059765625 0.072265625
0 0.24453125 0.814453125 0.082421875 0.051953125
0 0.251171875 0.858984375 0.051171875 0.063671875
0 0.29765625 0.866015625 0.050390625 0.082421875
0 0.32421875 0.8375 0.065234375 0.060546875
0 0.837109375 0.76484375 0.0765625 0.085546875
0 0.884765625 0.814453125 0.067578125 0.08828125
0 0.939453125 0.811328125 0.05859375 0.091015625
0 0.97890625 0.83359375 0.0421875 0.0765625
0 0.9125 0.8546875 0.0640625 0.072265625
0 0.9578125 0.696484375 0.083984375 0.073828125
0 0.9234375 0.542578125 0.07109375 0.06484375
0 0.974609375 0.53203125 0.05078125 0.0703125
0 0.977734375 0.444140625 0.04453125 0.076171875
0 0.98515625 0.292578125 0.0296875 0.05703125
0 0.019921875 0.3796875 0.039453125 0.062109375
0 0.1703125 0.41875 0.075 0.07109375
0 0.396484375 0.47890625 0.06484375 0.05703125
0 0.208203125 0.500390625 0.087890625 0.064453125
0 0.0125 0.64921875 0.025 0.05703125
0 0.0328125 0.701953125 0.062890625 0.075
0 0.18125 0.668359375 0.069921875 0.062109375
0 0.2015625 0.7078125 0.062890625 0.066015625
0 0.03828125 0.84609375 0.0765625 0.0546875
0 0.06640625 0.86875 0.0640625 0.08203125
0 0.18203125 0.906640625 0.07109375 0.068359375
0 0.130078125 0.866796875 0.067578125 0.063671875
0 0.13046875 0.9140625 0.072265625 0.06171875
0 0.6953125 0.853125 0.0625 0.065625
0 0.665625 0.891796875 0.056640625 0.06796875