0 0.073828125 0.10703125 0.076171875 0.0703125
0 0.057421875 0.242578125 0.076171875 0.10390625
0 0.093359375 0.227734375 0.084375 0.08984375
0 0.18359375 0.2875 0.072265625 0.06796875
0 0.237890625 0.375390625 0.097265625 0.069921875
0 0.4078125 0.38515625 0.072265625 0.071875
0 0.153515625 0.395703125 0.07890625 0.0703125
0 0.31484375 0.46875 0.06328125 0.094921875
0 0.473828125 0.421484375 0.05703125 0.089453125
0 0.05 0.50234375 0.080078125 0.06171875
0 0.089453125 0.543359375 0.067578125 0.07734375
0 0.782421875 0.401953125 0.0828125 0.0578125
0 0.96015625 0.591015625 0.0796875 0.072265625
0 0.968359375 0.72578125 0.06328125 0.084375
0 0.985546875 0.852734375 0.02890625 0.06171875
0 0.903515625 0.837890625 0.08828125 0.080078125
0 0.7765625 0.46953125 0.063671875 0.073828125
0 0.780859375 0.541796875 0.06640625 0.05625
0 0.971875 0.183203125 0.055859375 0.07890625
0 0.969140625 0.12109375 0.06171875 0.06640625
0 0.97578125 0.074609375 0.0484375 0.06328125
0 0.948828125 0.080859375 0.05 0.088671875
0 0.903515625 0.0703125 0.07421875 0.05625
0 0.88828125 0.1 0.0640625 0.064453125
0 0.842578125 0.082421875 0.059375 0.08046875
0 0.81015625 0.068359375 0.051953125 0.08671875
0 0.83125 0.1421875 0.066015625 0.04921875
0 0.894140625 0.16484375 0.074609375 0.071875
0 0.908203125 0.225 0.065234375 0.06875
0 0.945703125 0.259375 0.085546875 0.05546875
0 0.9375 0.32265625 0.063671875 0.065625
0 0.884375 0.335546875 0.0640625 0.08203125
0 0.80078125 0.258984375 0.062890625 0.091015625
0 0.8640625 0.25859375 0.10234375 0.07421875
0 0.8359375 0.214453125 0.07265625 0.045703125
0 0.82109375 0.1734375 0.078515625 0.06875
0 0.758203125 0.162890625 0.063671875 0.0703125
0 0.78125 0.0734375 0.058203125 0.117578125
0 0.7375 0.116796875 0.0703125 0.043359375
0 0.698046875 0.16328125 0.08125 0.06171875
0 0.67421875 0.12578125 0.053515625 0.064453125
0 0.7265625 0.082421875 0.05859375 0.07109375
0 0.6859375 0.084375 0.049609375 0.081640625
0 0.64140625 0.088671875 0.050390625 0.0703125
0 0.606640625 0.131640625 0.064453125 0.06015625
0 0.639453125 0.1734375 0.0546875 0.093359375
0 0.60078125 0.079296875 0.048828125 0.06484375
0 0.565625 0.10078125 0.053515625 0.0828125
0 0.552734375 0.150390625 0.084765625 0.051953125
0 0.628125 0.23828125 0.080078125 0.056640625
0 0.57734375 0.241015625 0.056640625 0.077734375
0 0.539453125 0.24765625 0.081640625 0.057421875
0 0.4984375 0.262890625 0.0421875 0.085546875
0 0.55234375 0.290234375 0.078125 0.052734375
0 0.530859375 0.340234375 0.0796875 0.064453125
0 0.403125 0.238671875 0.076171875 0.073046875
0 0.153515625 0.189453125 0.08359375 0.06171875
0 0.1984375 0.13671875 0.0640625 0.081640625
0 0.283984375 0.120703125 0.068359375 0.069921875
0 0.35625 0.097265625 0.053125 0.0921875
0 0.30859375 0.087890625 0.053515625 0.08203125
0 0.252734375 0.092578125 0.058203125 0.084765625
0 0.465234375 0.225390625 0.06953125 0.062890625
0 0.452734375 0.188671875 0.062890625 0.05078125
0 0.507421875 0.187890625 0.072265625 0.071875
0 0.45234375 0.151171875 0.08046875 0.06015625
0 0.652734375 0.496875 0.062109375 0.067578125
0 0.5703125 0.497265625 0.060546875 0.07890625
0 0.42734375 0.51875 0.07421875 0.0609375
0 0.567578125 0.61171875 0.073828125 0.076953125
0 0.59375 0.572265625 0.089453125 0.060546875
0 0.296484375 0.584375 0.092578125 0.070703125
0 0.343359375 0.63359375 0.076953125 0.062109375
0 0.59140625 0.69921875 0.084765625 0.058203125
0 0.209765625 0.612109375 0.066015625 0.06640625
0 0.14609375 0.598046875 0.07109375 0.06796875
0 0.170703125 0.654296875 0.05859375 0.084375
0 0.127734375 0.65546875 0.047265625 0.0765625
0 0.25234375 0.69375 0.0640625 0.08359375
0 0.21953125 0.725 0.07109375 0.052734375
0 0.587890625 0.869921875 0.0640625 0.084375
0 0.5484375 0.77265625 0.067578125 0.074609375
0 0.4296875 0.7234375 0.0578125 0.075
0 0.404296875 0.76953125 0.052734375 0.075390625
0 0.476171875 0.82109375 0.09140625 0.06484375
0 0.456640625 0.88671875 0.06171875 0.0796875
0 0.02109375 0.8578125 0.0421875 0.06015625
0 0.06640625 0.909765625 0.082421875 0.070703125
0 0.0796875 0.85078125 0.078125 0.066796875
0 0.21484375 0.825 0.0578125 0.081640625
0 0.190234375 0.885546875 0.0609375 0.073828125
0 0.24375 0.908984375 0.072265625 0.057421875
0 0.291015625 0.87578125 0.064453125 0.091796875
0 0.340234375 0.905078125 0.08515625 0.06328125
0 0.41875 0.902734375 0.05703125 0.067578125
0 0.376953125 0.8875 0.053125 0.071484375
0 0.397265625 0.84765625 0.06640625 0.060546875
0 0.339453125 0.83359375 0.0625 0.0890625
0 0.298828125 0.7875 0.0703125 0.082421875