0 0.937109375 0.8453125 0.08125 0.0859375
0 0.972265625 0.716015625 0.05546875 0.079296875
0 0.957421875 0.903515625 0.08515625 0.064453125
0 0.894140625 0.877734375 0.0515625 0.091015625
0 0.871484375 0.90625 0.067578125 0.050390625
0 0.857421875 0.857421875 0.062890625 0.084765625
0 0.810546875 0.851171875 0.059765625 0.095703125
0 0.820703125 0.915625 0.066015625 0.04296875
0 0.748828125 0.84609375 0.05859375 0.059765625
0 0.783984375 0.883203125 0.060546875 0.071484375
0 0.7421875 0.903125 0.06796875 0.055859375
0 0.696875 0.855859375 0.059375 0.066796875
0 0.682421875 0.905859375 0.06484375 0.065234375
0 0.7375 0.901953125 0.069140625 0.06015625
0 0.527734375 0.88828125 0.061328125 0.084765625
0 0.539453125 0.843359375 0.06171875 0.086328125
0 0.603515625 0.8296875 0.071484375 0.066796875
0 0.576953125 0.86796875 0.04765625 0.08046875
0 0.633203125 0.873046875 0.06953125 0.080859375
0 0.60546875 0.904296875 0.073828125 0.058203125
0 0.054296875 0.840625 0.062109375 0.0921875
0 0.014453125 0.8625 0.02890625 0.04375
0 0.09140625 0.866015625 0.07421875 0.045703125
0 0.2828125 0.7484375 0.084375 0.0640625
0 0.29609375 0.84921875 0.058984375 0.063671875
0 0.33828125 0.803125 0.074609375 0.066015625
0 0.31875 0.903125 0.06484375 0.059765625
0 0.40625 0.88828125 0.08828125 0.058203125
0 0.61015625 0.684375 0.05546875 0.083984375
0 0.55 0.621875 0.085546875 0.06796875
0 0.51484375 0.68828125 0.08046875 0.062109375
0 0.7171875 0.650390625 0.075390625 0.070703125
0 0.7859375 0.575390625 0.078515625 0.059375
0 0.043359375 0.573828125 0.086328125 0.06328125
0 0.15 0.442578125 0.073828125 0.0953125
0 0.126953125 0.36015625 0.079296875 0.0671875
0 0.1875 0.3421875 0.065234375 0.0734375
0 0.20546875 0.392578125 0.0859375 0.0671875
0 0.1171875 0.22734375 0.07890625 0.073046875
0 0.02890625 0.144140625 0.057421875 0.0640625
0 0.05078125 0.083203125 0.051171875 0.080859375
0 0.10234375 0.073828125 0.085546875 0.057421875
0 0.130078125 0.111328125 0.058984375 0.086328125
0 0.083203125 0.105859375 0.052734375 0.066015625
0 0.086328125 0.162890625 0.08984375 0.068359375
0 0.1609375 0.083203125 0.049609375 0.0828125
0 0.197265625 0.06875 0.034765625 0.044921875
0 0.191796875 0.119140625 0.073046875 0.06640625
0 0.23359375 0.0703125 0.0640625 0.08671875
0 0.276953125 0.08828125 0.0484375 0.086328125
0 0.316796875 0.09140625 0.0484375 0.085546875
0 0.362890625 0.076171875 0.05546875 0.070703125
0 0.410546875 0.07265625 0.052734375 0.08359375
0 0.460546875 0.095703125 0.065234375 0.08203125
0 0.52109375 0.091796875 0.0546875 0.09296875
0 0.56328125 0.080078125 0.05625 0.078125
0 0.641796875 0.108984375 0.05546875 0.086328125
0 0.59609375 0.126953125 0.062890625 0.092578125
0 0.678125 0.0671875 0.0796875 0.05234375
0 0.58046875 0.20703125 0.076171875 0.069140625
0 0.673828125 0.154296875 0.1 0.065625
0 0.751171875 0.077734375 0.06484375 0.047265625
0 0.801171875 0.0890625 0.055859375 0.104296875
0 0.7421875 0.121875 0.06328125 0.074609375
0 0.694140625 0.1015625 0.0734375 0.05703125
0 0.60703125 0.385546875 0.066015625 0.085546875
0 0.75546875 0.34609375 0.09296875 0.061328125
0 0.866015625 0.408203125 0.08828125 0.061328125
0 0.866796875 0.07890625 0.08125 0.07265625
0 0.943359375 0.086328125 0.09609375 0.059375
0 0.934765625 0.132421875 0.068359375 0.08984375