0 0.928125 0.152734375 0.066796875 0.08203125
0 0.978125 0.1421875 0.04375 0.059765625
0 0.721484375 0.397265625 0.058203125 0.084765625
0 0.793359375 0.66484375 0.0625 0.08359375
0 0.962109375 0.765625 0.0609375 0.079296875
0 0.80546875 0.826953125 0.072265625 0.068359375
0 0.934375 0.89296875 0.069140625 0.0875
0 0.9875 0.9015625 0.025 0.06484375
0 0.714453125 0.8328125 0.066015625 0.0765625
0 0.74140625 0.884765625 0.077734375 0.054296875
0 0.412109375 0.749609375 0.072265625 0.053125
0 0.494140625 0.803515625 0.069140625 0.0640625
0 0.573046875 0.84921875 0.059375 0.06328125
0 0.37890625 0.853125 0.0625 0.0625
0 0.250390625 0.80234375 0.08828125 0.0625
0 0.035546875 0.85625 0.070703125 0.069140625