0 0.057421875 0.87421875 0.0546875 0.026953125
0 0.107421875 0.8734375 0.041796875 0.02265625
0 0.32421875 0.89453125 0.049609375 0.073046875
0 0.383984375 0.8859375 0.063671875 0.06875
0 0.35546875 0.830859375 0.078125 0.06015625
0 0.291796875 0.75546875 0.049609375 0.07890625
0 0.198828125 0.725390625 0.070703125 0.042578125
0 0.1734375 0.694140625 0.0546875 0.059375
0 0.183984375 0.64140625 0.07421875 0.048046875
0 0.41328125 0.680078125 0.06328125 0.06640625
0 0.471484375 0.51484375 0.07421875 0.054296875
0 0.612890625 0.503125 0.074609375 0.055078125
0 0.501171875 0.549609375 0.06875 0.055078125
0 0.646875 0.559765625 0.04375 0.078515625
0 0.709765625 0.613671875 0.06640625 0.055078125
0 0.516796875 0.6328125 0.049609375 0.07734375
0 0.6453125 0.684375 0.05859375 0.0640625
0 0.587890625 0.692578125 0.074609375 0.048828125
0 0.631640625 0.74140625 0.061328125 0.066796875
0 0.528515625 0.759375 0.083984375 0.05859375
0 0.56796875 0.818359375 0.059375 0.0578125
0 0.526953125 0.843359375 0.06875 0.064453125
0 0.548828125 0.866796875 0.06484375 0.05234375
0 0.598046875 0.879296875 0.081640625 0.055859375