0 0.020703125 0.125390625 0.04140625 0.082421875
0 0.123828125 0.17578125 0.05859375 0.0890625
0 0.031640625 0.219140625 0.06328125 0.073828125
0 0.237109375 0.121875 0.052734375 0.071484375
0 0.292578125 0.115625 0.066796875 0.06875
0 0.358203125 0.130078125 0.05859375 0.0796875
0 0.315234375 0.18046875 0.083984375 0.059375
0 0.236328125 0.2125 0.059375 0.078515625
0 0.18515625 0.1703125 0.08203125 0.05703125
0 0.559375 0.13125 0.06171875 0.093359375
0 0.49375 0.12265625 0.084375 0.0578125
0 0.504296875 0.17890625 0.080859375 0.053515625
0 0.61484375 0.219921875 0.07578125 0.07421875
0 0.96328125 0.13046875 0.0734375 0.065234375
0 0.79609375 0.240234375 0.07421875 0.09453125
0 0.796875 0.44453125 0.071484375 0.0765625
0 0.529296875 0.487109375 0.0640625 0.072265625
0 0.692578125 0.500390625 0.07890625 0.059765625
0 0.746875 0.63203125 0.0765625 0.07109375
0 0.9703125 0.722265625 0.059375 0.069921875
0 0.828515625 0.6921875 0.091015625 0.05703125
0 0.77734375 0.7328125 0.078125 0.059765625
0 0.815625 0.83359375 0.07265625 0.076953125
0 0.990625 0.851171875 0.018359375 0.06015625
0 0.95703125 0.836328125 0.066015625 0.069921875
0 0.890625 0.878125 0.070703125 0.08125
0 0.42421875 0.575390625 0.058203125 0.07734375
0 0.37734375 0.56953125 0.043359375 0.0765625
0 0.349609375 0.59453125 0.051953125 0.093359375
0 0.31015625 0.597265625 0.04921875 0.072265625
0 0.2796875 0.667578125 0.07578125 0.063671875
0 0.332421875 0.75625 0.052734375 0.09140625
0 0.57890625 0.686328125 0.09375 0.0609375
0 0.503515625 0.72734375 0.058984375 0.083984375
0 0.57109375 0.725 0.085546875 0.045703125
0 0.52890625 0.7515625 0.115234375 0.0546875
0 0.596875 0.79140625 0.069921875 0.064453125
0 0.4765625 0.7890625 0.08203125 0.0734375
0 0.507421875 0.823046875 0.060546875 0.0515625
0 0.5671875 0.855859375 0.06328125 0.085546875
0 0.585546875 0.891796875 0.082421875 0.0515625
0 0.44140625 0.86875 0.054296875 0.0734375
0 0.371484375 0.861328125 0.071484375 0.080078125
0 0.32890625 0.88671875 0.071484375 0.06796875
0 0.284765625 0.869921875 0.0484375 0.08359375
0 0.246875 0.8421875 0.05234375 0.071484375
0 0.259375 0.767578125 0.076171875 0.05859375
0 0.23828125 0.889453125 0.059765625 0.050390625
0 0.204296875 0.8640625 0.0421875 0.090234375
0 0.176171875 0.854296875 0.045703125 0.0671875
0 0.155859375 0.8796875 0.08515625 0.053125
0 0.066015625 0.805078125 0.05390625 0.0953125
0 0.13046875 0.825 0.059765625 0.0671875
0 0.02578125 0.876953125 0.0515625 0.05859375
0 0.025390625 0.830859375 0.050390625 0.06328125
0 0.08046875 0.84140625 0.064453125 0.05546875
0 0.074609375 0.883203125 0.061328125 0.046875
0 0.0234375 0.74609375 0.046484375 0.061328125
0 0.0890625 0.682421875 0.065234375 0.07890625
0 0.508984375 0.86328125 0.06328125 0.06328125