0 0.80390625 0.72421875 0.05859375 0.08671875
0 0.79765625 0.834765625 0.06875 0.084375
0 0.671484375 0.801953125 0.0734375 0.062890625
0 0.706640625 0.8375 0.073828125 0.066015625
0 0.834765625 0.769140625 0.072265625 0.07109375
0 0.86796875 0.803125 0.076953125 0.06015625
0 0.89296875 0.52734375 0.092578125 0.0578125
0 0.745703125 0.534375 0.06171875 0.087109375
0 0.608203125 0.5796875 0.071875 0.063671875
0 0.76171875 0.400390625 0.076171875 0.062109375
0 0.956640625 0.33203125 0.084375 0.055078125
0 0.9578125 0.237890625 0.0546875 0.09453125
0 0.9234375 0.1296875 0.046875 0.08046875
0 0.96484375 0.122265625 0.0453125 0.0609375
0 0.986328125 0.145703125 0.02734375 0.03828125
0 0.884765625 0.2375 0.075390625 0.065625
0 0.918359375 0.212890625 0.052734375 0.06875
0 0.939453125 0.167578125 0.062890625 0.05390625
0 0.977734375 0.180859375 0.04453125 0.05078125
0 0.88203125 0.1125 0.04140625 0.05703125
0 0.8765625 0.158984375 0.053515625 0.049609375
0 0.86796875 0.193359375 0.04921875 0.06875
0 0.83359375 0.214453125 0.0640625 0.04609375
0 0.846875 0.0984375 0.044921875 0.06875
0 0.759375 0.087890625 0.076953125 0.033203125
0 0.81171875 0.094140625 0.03515625 0.034375
0 0.8296875 0.13515625 0.05078125 0.047265625
0 0.82890625 0.16875 0.04140625 0.057421875
0 0.79140625 0.190234375 0.042578125 0.059375
0 0.790234375 0.11796875 0.041796875 0.053515625
0 0.744140625 0.120703125 0.04453125 0.0734375
0 0.76953125 0.14921875 0.067578125 0.034765625
0 0.758984375 0.19765625 0.037109375 0.066015625
0 0.719140625 0.18046875 0.04609375 0.051171875
0 0.795703125 0.238671875 0.048046875 0.073828125
0 0.823828125 0.26875 0.078125 0.05625
0 0.755078125 0.2546875 0.0421875 0.07109375
0 0.624609375 0.284765625 0.058203125 0.081640625
0 0.707421875 0.268359375 0.081640625 0.05234375
0 0.65078125 0.097265625 0.054296875 0.040625
0 0.697265625 0.09765625 0.05703125 0.045703125
0 0.697265625 0.137890625 0.06796875 0.070703125
0 0.683203125 0.19375 0.043359375 0.052734375
0 0.71953125 0.22421875 0.055859375 0.04921875
0 0.6171875 0.096875 0.05 0.052734375
0 0.649609375 0.12890625 0.0578125 0.06171875
0 0.5734375 0.208984375 0.078515625 0.05234375
0 0.639453125 0.213671875 0.077734375 0.04765625
0 0.6578125 0.245703125 0.06953125 0.04765625
0 0.622265625 0.187890625 0.04296875 0.05234375
0 0.65859375 0.1703125 0.03671875 0.05703125
0 0.520703125 0.24296875 0.058984375 0.07421875
0 0.577734375 0.096484375 0.042578125 0.046484375
0 0.545703125 0.16484375 0.062109375 0.043359375
0 0.6125 0.125 0.041796875 0.033984375
0 0.5765625 0.125 0.051171875 0.058203125
0 0.589453125 0.1625 0.044140625 0.047265625
0 0.479296875 0.091796875 0.0359375 0.047265625
0 0.509765625 0.09375 0.03828125 0.037890625
0 0.537890625 0.113671875 0.0328125 0.05703125
0 0.434765625 0.090234375 0.0578125 0.040234375
0 0.444140625 0.13046875 0.069140625 0.06640625
0 0.495703125 0.1375 0.053515625 0.046484375
0 0.462890625 0.189453125 0.0453125 0.06015625
0 0.4921875 0.17734375 0.057421875 0.046484375
0 0.501171875 0.21875 0.040234375 0.053125
0 0.4515625 0.2375 0.070703125 0.051171875
0 0.47265625 0.273828125 0.06640625 0.058984375
0 0.3359375 0.2421875 0.059765625 0.072265625
0 0.23515625 0.251953125 0.059765625 0.08359375
0 0.339453125 0.31328125 0.055078125 0.0765625
0 0.232421875 0.324609375 0.1046875 0.064453125
0 0.3609375 0.098828125 0.063671875 0.057421875
0 0.294921875 0.098828125 0.0703125 0.05546875
0 0.346484375 0.171484375 0.05234375 0.075390625
0 0.380078125 0.21328125 0.054296875 0.075390625
0 0.420703125 0.200390625 0.04921875 0.06953125
0 0.39140625 0.153515625 0.05 0.074609375
0 0.3234375 0.151171875 0.05234375 0.097265625
0 0.27421875 0.13671875 0.05625 0.073828125
0 0.203125 0.08828125 0.07265625 0.05234375
0 0.036328125 0.28984375 0.072265625 0.071875
0 0.15546875 0.255078125 0.07578125 0.05625
0 0.19296875 0.21328125 0.053515625 0.08125
0 0.238671875 0.12578125 0.044921875 0.07265625
0 0.2625 0.182421875 0.06796875 0.064453125
0 0.16484375 0.121875 0.05390625 0.062109375
0 0.206640625 0.143359375 0.0390625 0.080859375
0 0.184375 0.160546875 0.06328125 0.058203125
0 0.083203125 0.243359375 0.056640625 0.078515625
0 0.0328125 0.238671875 0.0609375 0.06875
0 0.156640625 0.21328125 0.0625 0.053515625
0 0.150390625 0.16796875 0.04140625 0.051953125
0 0.121484375 0.11875 0.04375 0.06484375
0 0.1015625 0.170703125 0.06875 0.035546875
0 0.060546875 0.085546875 0.047265625 0.0515625
0 0.09140625 0.095703125 0.031640625 0.048046875
0 0.133984375 0.084765625 0.07109375 0.0421875
0 0.042578125 0.171875 0.04609375 0.0703125
0 0.11015625 0.21953125 0.03828125 0.062890625
0 0.075 0.1921875 0.04375 0.0359375
0 0.02734375 0.101171875 0.039453125 0.046875
0 0.06953125 0.136328125 0.04765625 0.048046875
0 0.019921875 0.13828125 0.03984375 0.0515625
0 0.01796875 0.0828125 0.0359375 0.0453125
0 0.1984375 0.385546875 0.0625 0.08359375
0 0.263671875 0.46875 0.0640625 0.087890625
0 0.384375 0.43203125 0.0765625 0.073046875
0 0.57578125 0.4359375 0.0796875 0.068359375
0 0.458203125 0.44375 0.06328125 0.078515625
0 0.298046875 0.57578125 0.071875 0.075390625
0 0.386328125 0.533984375 0.0625 0.091796875
0 0.475390625 0.494921875 0.08828125 0.053515625
0 0.510546875 0.5421875 0.062109375 0.081640625
0 0.446875 0.525390625 0.071484375 0.07265625
0 0.57890625 0.64453125 0.071484375 0.057421875
0 0.36953125 0.6296875 0.090625 0.0546875
0 0.2359375 0.705859375 0.057421875 0.085546875
0 0.14765625 0.73515625 0.075390625 0.06328125
0 0.092578125 0.746484375 0.059765625 0.0828125
0 0.562890625 0.718359375 0.058203125 0.080859375
0 0.5 0.75390625 0.058203125 0.070703125
0 0.47578125 0.79140625 0.0578125 0.08046875
0 0.380078125 0.76953125 0.075390625 0.0578125
0 0.316796875 0.79296875 0.06796875 0.09375
0 0.420703125 0.82421875 0.059375 0.07890625
0 0.028515625 0.825 0.05703125 0.08359375
0 0.109765625 0.79921875 0.0828125 0.059375
0 0.194140625 0.773828125 0.05625 0.091796875
0 0.026171875 0.6109375 0.05234375 0.084765625
0 0.26484375 0.8484375 0.065625 0.0828125
0 0.57890625 0.826171875 0.053125 0.073046875
0 0.5125 0.866015625 0.042578125 0.08125
0 0.46796875 0.87421875 0.066015625 0.06640625
0 0.5484375 0.85234375 0.05390625 0.065234375
0 0.546484375 0.8875 0.046875 0.038671875
0 0.580078125 0.882421875 0.040625 0.047265625
0 0.620703125 0.8765625 0.048046875 0.0640625
0 0.408984375 0.283984375 0.06015625 0.07890625