0 0.286328125 0.769921875 0.05703125 0.08203125
0 0.073828125 0.64921875 0.06640625 0.084375
0 0.135546875 0.51171875 0.07265625 0.05
0 0.008984375 0.826953125 0.01640625 0.04921875
0 0.0890625 0.872265625 0.0953125 0.05703125
0 0.05625 0.9296875 0.0703125 0.065625
0 0.3375 0.2921875 0.0625 0.0609375
0 0.1890625 0.246484375 0.0859375 0.05859375
0 0.015234375 0.1109375 0.02890625 0.0546875
0 0.8 0.2203125 0.0765625 0.0546875
0 0.84140625 0.16015625 0.0625 0.0625
0 0.897265625 0.2390625 0.08046875 0.0484375
0 0.967578125 0.27265625 0.06484375 0.05625
0 0.987109375 0.2921875 0.02578125 0.053125
0 0.9734375 0.338671875 0.053125 0.04453125
0 0.550390625 0.21796875 0.05859375 0.0609375
0 0.568359375 0.173046875 0.07421875 0.04921875
0 0.547265625 0.139453125 0.05859375 0.07265625
0 0.834765625 0.07734375 0.06796875 0.0609375
0 0.755859375 0.100390625 0.05390625 0.06484375
0 0.739453125 0.053515625 0.06484375 0.04921875
0 0.705078125 0.08359375 0.06953125 0.046875
0 0.2265625 0.109375 0.0703125 0.0671875
0 0.1953125 0.147265625 0.0671875 0.05703125
0 0.09453125 0.121875 0.084375 0.0609375
0 0.09765625 0.064453125 0.046875 0.06953125
0 0.1375 0.067578125 0.053125 0.08046875
0 0.173828125 0.053125 0.07890625 0.0546875