0 0.898046875 0.92109375 0.08359375 0.0578125
0 0.8828125 0.21953125 0.0546875 0.075
0 0.759765625 0.102734375 0.05234375 0.06171875
0 0.69296875 0.20625 0.0296875 0.059375
0 0.65234375 0.2109375 0.0609375 0.0640625
0 0.5703125 0.335546875 0.078125 0.05859375
0 0.480078125 0.286328125 0.04921875 0.06640625
0 0.558203125 0.379296875 0.07890625 0.03984375
0 0.418359375 0.6703125 0.05703125 0.084375
0 0.34375 0.836328125 0.0578125 0.05859375
0 0.28984375 0.84765625 0.065625 0.0546875
0 0.134375 0.908984375 0.053125 0.05078125
0 0.047265625 0.9125 0.04921875 0.075
0 0.0453125 0.84296875 0.053125 0.053125
0 0.056640625 0.753515625 0.05703125 0.06328125
0 0.02109375 0.509765625 0.040625 0.05703125