0 0.015625 0.0984375 0.0296875 0.0578125
0 0.052734375 0.11484375 0.07265625 0.053125
0 0.088671875 0.098828125 0.05390625 0.06484375
0 0.146484375 0.12734375 0.06796875 0.0875
0 0.19921875 0.15078125 0.06875 0.1
0 0.11328125 0.140625 0.0734375 0.0671875
0 0.109375 0.18359375 0.090625 0.05625
0 0.14609375 0.21796875 0.0515625 0.075
0 0.0921875 0.435546875 0.0921875 0.06015625
0 0.2515625 0.570703125 0.0578125 0.06953125
0 0.294140625 0.567578125 0.05703125 0.08515625
0 0.3078125 0.620703125 0.071875 0.06640625
0 0.37734375 0.653125 0.08125 0.05
0 0.314453125 0.780859375 0.06953125 0.07890625
0 0.205078125 0.883203125 0.06171875 0.06796875
0 0.17265625 0.890234375 0.0515625 0.06640625
0 0.1390625 0.884375 0.05625 0.0625
0 0.0890625 0.86796875 0.0984375 0.0546875
0 0.082421875 0.815625 0.09140625 0.0578125
0 0.644140625 0.88359375 0.06328125 0.075
0 0.691796875 0.87890625 0.05390625 0.0734375
0 0.700390625 0.822265625 0.08359375 0.05078125
0 0.79609375 0.873046875 0.0703125 0.06796875
0 0.90546875 0.862890625 0.075 0.07109375
0 0.386328125 0.102734375 0.05703125 0.05546875
0 0.36875 0.169140625 0.078125 0.06640625
0 0.43046875 0.1125 0.053125 0.071875
0 0.47421875 0.125390625 0.0515625 0.08046875
0 0.53359375 0.109375 0.075 0.065625
0 0.5890625 0.109765625 0.0515625 0.08046875
0 0.551171875 0.195703125 0.09453125 0.04765625
0 0.5421875 0.157421875 0.0546875 0.04921875
0 0.519140625 0.138671875 0.04921875 0.07265625
0 0.698828125 0.168359375 0.06328125 0.06953125
0 0.741015625 0.153125 0.04765625 0.08125
0 0.7625 0.120703125 0.0515625 0.07890625
0 0.808984375 0.109765625 0.05703125 0.08046875
0 0.971484375 0.101171875 0.05703125 0.07265625
0 0.981640625 0.137109375 0.03671875 0.05703125
0 0.755859375 0.47109375 0.07890625 0.078125
0 0.83515625 0.655078125 0.090625 0.06328125
0 0.44453125 0.26640625 0.0765625 0.0765625
0 0.659765625 0.39765625 0.08984375 0.0515625
0 0.66015625 0.455078125 0.071875 0.08203125