0 0.009375 0.073828125 0.0171875 0.06328125
0 0.0375 0.066015625 0.0421875 0.06953125
0 0.088671875 0.072265625 0.06328125 0.04921875
0 0.13984375 0.07734375 0.059375 0.0765625
0 0.187890625 0.075390625 0.07734375 0.07265625
0 0.308203125 0.080078125 0.05546875 0.05703125
0 0.34140625 0.06875 0.046875 0.0609375
0 0.375390625 0.0671875 0.04296875 0.0734375
0 0.408984375 0.073828125 0.05703125 0.06171875
0 0.479296875 0.077734375 0.05078125 0.06953125
0 0.537109375 0.069921875 0.06953125 0.05703125
0 0.6546875 0.07421875 0.0796875 0.0703125
0 0.73046875 0.157421875 0.0609375 0.06328125
0 0.7421875 0.087109375 0.0453125 0.07109375
0 0.7796875 0.07734375 0.046875 0.06875
0 0.80703125 0.071875 0.0421875 0.0734375
0 0.844140625 0.08203125 0.04296875 0.071875
0 0.876953125 0.0875 0.04921875 0.078125
0 0.9265625 0.08359375 0.053125 0.0640625
0 0.505078125 0.771875 0.07578125 0.0453125
0 0.899609375 0.788671875 0.06953125 0.06171875
0 0.89921875 0.886328125 0.0609375 0.06640625
0 0.848046875 0.915234375 0.06796875 0.05390625
0 0.7625 0.90390625 0.05625 0.05625
0 0.71484375 0.868359375 0.0609375 0.05234375
0 0.640234375 0.8578125 0.06328125 0.046875
0 0.6515625 0.90390625 0.0390625 0.0578125
0 0.6125 0.905078125 0.0390625 0.05859375
0 0.544140625 0.903125 0.06015625 0.05
0 0.462109375 0.848046875 0.04921875 0.07265625
0 0.24921875 0.80546875 0.06875 0.0484375
0 0.314453125 0.901171875 0.04921875 0.06640625
0 0.2515625 0.909765625 0.075 0.04609375
0 0.230078125 0.874609375 0.04921875 0.04921875
0 0.193359375 0.840625 0.05390625 0.059375
0 0.171484375 0.88203125 0.04453125 0.0578125
0 0.194921875 0.90703125 0.06328125 0.0375
0 0.141796875 0.894921875 0.03828125 0.06640625
0 0.11015625 0.891796875 0.0453125 0.07578125
0 0.016015625 0.902734375 0.03046875 0.04609375