0 0.89609375 0.70859375 0.09140625 0.06484375
0 0.638671875 0.75078125 0.07265625 0.07421875
0 0.550390625 0.823046875 0.064453125 0.052734375
0 0.442578125 0.8734375 0.050390625 0.090625
0 0.48515625 0.8765625 0.044921875 0.07890625
0 0.525 0.8734375 0.04375 0.0796875
0 0.56640625 0.88984375 0.07109375 0.058203125
0 0.683203125 0.821484375 0.0640625 0.08671875
0 0.741015625 0.824609375 0.055078125 0.086328125
0 0.790234375 0.839453125 0.061328125 0.073828125
0 0.46875 0.641015625 0.06015625 0.08828125
0 0.902734375 0.873828125 0.0578125 0.085546875
0 0.945703125 0.869921875 0.05703125 0.08671875
0 0.851171875 0.888671875 0.086328125 0.06484375
0 0.026953125 0.601953125 0.05390625 0.07890625
0 0.183203125 0.54921875 0.075390625 0.066015625
0 0.0609375 0.73984375 0.09453125 0.06640625
0 0.208984375 0.635546875 0.101171875 0.0546875
0 0.026953125 0.055859375 0.05390625 0.05546875
0 0.015625 0.115234375 0.030859375 0.08359375
0 0.30234375 0.0703125 0.06640625 0.0640625
0 0.380859375 0.091796875 0.063671875 0.0828125
0 0.340234375 0.134375 0.06328125 0.087890625
0 0.29140625 0.223046875 0.069921875 0.090625
0 0.5265625 0.0796875 0.086328125 0.061328125
0 0.254296875 0.108203125 0.062109375 0.09453125
0 0.223828125 0.085546875 0.065625 0.084765625
0 0.1734375 0.08046875 0.04765625 0.084375
0 0.13515625 0.062890625 0.06328125 0.089453125
0 0.123046875 0.099609375 0.06640625 0.09765625
0 0.087109375 0.07109375 0.055078125 0.07265625
0 0.05703125 0.091015625 0.0609375 0.0609375
0 0.04765625 0.135546875 0.087890625 0.0609375
0 0.33125 0.40625 0.108203125 0.055078125
0 0.816015625 0.455078125 0.079296875 0.06015625
0 0.681640625 0.089453125 0.063671875 0.1046875
0 0.598828125 0.13359375 0.056640625 0.080859375
0 0.645703125 0.25546875 0.076953125 0.059375
0 0.780078125 0.221484375 0.08828125 0.06484375
0 0.7859375 0.16015625 0.07890625 0.073828125
0 0.751953125 0.073828125 0.0828125 0.06875
0 0.826171875 0.105859375 0.085546875 0.065234375
0 0.88828125 0.1109375 0.063671875 0.083984375
0 0.951171875 0.115625 0.0515625 0.06796875
0 0.92109375 0.150390625 0.06328125 0.098046875
0 0.525390625 0.140234375 0.073828125 0.063671875
0 0.473046875 0.15390625 0.055078125 0.091015625
0 0.4625 0.269921875 0.0734375 0.079296875