0 0.2484375 0.29453125 0.097265625 0.060546875
0 0.378515625 0.251171875 0.0671875 0.096484375
0 0.605078125 0.37734375 0.084375 0.053515625
0 0.577734375 0.4453125 0.050390625 0.07734375
0 0.300390625 0.47109375 0.0828125 0.056640625
0 0.084375 0.314453125 0.085546875 0.058203125
0 0.123828125 0.615234375 0.083203125 0.07265625
0 0.023046875 0.730078125 0.045703125 0.076171875
0 0.11875 0.753125 0.069921875 0.07578125
0 0.044921875 0.807421875 0.089453125 0.054296875
0 0.02109375 0.866015625 0.041796875 0.060546875
0 0.035546875 0.87734375 0.0703125 0.069140625
0 0.06171875 0.87734375 0.043359375 0.0390625
0 0.058984375 0.896875 0.072265625 0.051953125
0 0.153125 0.886328125 0.08359375 0.05546875
0 0.21015625 0.8859375 0.04921875 0.0796875
0 0.25703125 0.877734375 0.06171875 0.069921875
0 0.2859375 0.865234375 0.048828125 0.078125
0 0.3359375 0.85078125 0.0609375 0.069921875
0 0.401953125 0.863671875 0.070703125 0.064453125
0 0.46875 0.883984375 0.05703125 0.07890625
0 0.366796875 0.904296875 0.0765625 0.0625
0 0.32109375 0.88671875 0.055078125 0.0640625
0 0.206640625 0.68828125 0.08046875 0.0515625
0 0.648828125 0.73984375 0.08203125 0.06171875
0 0.79921875 0.7828125 0.058984375 0.09296875
0 0.84375 0.6765625 0.083203125 0.062109375
0 0.902734375 0.7109375 0.06328125 0.0875
0 0.84453125 0.744140625 0.06328125 0.07734375
0 0.64609375 0.855859375 0.0546875 0.082421875
0 0.6328125 0.888671875 0.090625 0.065625
0 0.76640625 0.88828125 0.08515625 0.077734375
0 0.90625 0.34609375 0.083203125 0.063671875