0 0.02265625 0.79609375 0.0390625 0.0703125
0 0.04453125 0.846484375 0.08125 0.05234375
0 0.083984375 0.905859375 0.05859375 0.07734375
0 0.141015625 0.905078125 0.06171875 0.08984375
0 0.397265625 0.787890625 0.05546875 0.08671875
0 0.450390625 0.78671875 0.06015625 0.06875
0 0.576171875 0.502734375 0.08828125 0.09140625
0 0.098828125 0.54609375 0.07734375 0.071875
0 0.251953125 0.371875 0.06171875 0.06875
0 0.15234375 0.251953125 0.071875 0.05234375
0 0.00546875 0.23984375 0.009375 0.0421875
0 0.0078125 0.18359375 0.0140625 0.059375
0 0.0453125 0.1390625 0.0890625 0.0546875
0 0.03203125 0.083203125 0.0625 0.05390625
0 0.212109375 0.086328125 0.07421875 0.06328125
0 0.2109375 0.1453125 0.075 0.065625
0 0.280078125 0.120703125 0.04921875 0.08671875
0 0.331640625 0.119921875 0.05234375 0.07734375
0 0.35859375 0.080078125 0.0734375 0.05703125
0 0.405859375 0.09140625 0.08828125 0.0796875
0 0.48671875 0.113671875 0.0796875 0.05546875
0 0.474609375 0.177734375 0.05859375 0.06796875
0 0.52890625 0.16875 0.065625 0.065625
0 0.6359375 0.182421875 0.1015625 0.06171875
0 0.584765625 0.07890625 0.08828125 0.0578125
0 0.652734375 0.115234375 0.07734375 0.05703125
0 0.676171875 0.085546875 0.09609375 0.06171875
0 0.7203125 0.141796875 0.0796875 0.06015625
0 0.659765625 0.30390625 0.07265625 0.0734375
0 0.45625 0.341796875 0.09375 0.05546875
0 0.462109375 0.434765625 0.07734375 0.09609375
0 0.5203125 0.40859375 0.05625 0.0578125
0 0.833984375 0.0828125 0.07421875 0.0640625
0 0.8921875 0.091796875 0.059375 0.07109375
0 0.961328125 0.081640625 0.07421875 0.06171875
0 0.88359375 0.166015625 0.084375 0.04765625
0 0.892578125 0.210546875 0.08984375 0.06171875
0 0.990234375 0.294140625 0.01953125 0.06015625
0 0.448046875 0.2546875 0.07734375 0.0921875