0 0.050390625 0.877734375 0.07578125 0.090625
0 0.196484375 0.870703125 0.09609375 0.0828125
0 0.369140625 0.865234375 0.067578125 0.07890625
0 0.291796875 0.7625 0.066796875 0.0703125
0 0.345703125 0.7203125 0.069140625 0.063671875
0 0.40546875 0.733984375 0.0765625 0.06640625
0 0.425 0.810546875 0.052734375 0.09140625
0 0.47578125 0.828125 0.067578125 0.087890625
0 0.5296875 0.736328125 0.06171875 0.06796875
0 0.622265625 0.7765625 0.08359375 0.0546875
0 0.82421875 0.626171875 0.08515625 0.05625
0 0.96875 0.656640625 0.0625 0.09375
0 0.976953125 0.7875 0.04609375 0.078125
0 0.47890625 0.328515625 0.05859375 0.076171875