0 0.30546875 0.199609375 0.0734375 0.05859375
0 0.394921875 0.2421875 0.07734375 0.05625
0 0.180859375 0.31953125 0.07265625 0.0453125
0 0.22734375 0.3484375 0.0765625 0.0546875
0 0.408203125 0.29296875 0.08046875 0.0765625
0 0.494140625 0.304296875 0.06171875 0.08046875
0 0.55546875 0.308984375 0.0765625 0.05078125
0 0.4390625 0.346875 0.0859375 0.0546875
0 0.484765625 0.19609375 0.07109375 0.065625
0 0.5609375 0.1125 0.06875 0.06875
0 0.59296875 0.181640625 0.0703125 0.05546875
0 0.651953125 0.19140625 0.03828125 0.084375
0 0.460546875 0.125 0.07578125 0.0625
0 0.744140625 0.1765625 0.05234375 0.0625
0 0.694921875 0.241015625 0.05390625 0.07421875
0 0.212890625 0.11875 0.06015625 0.06875
0 0.748828125 0.420703125 0.07109375 0.05859375
0 0.847265625 0.39609375 0.11171875 0.05
0 0.85625 0.4390625 0.0796875 0.0484375
0 0.979296875 0.4828125 0.04140625 0.0734375
0 0.28359375 0.113671875 0.09375 0.07109375
0 0.3421875 0.10078125 0.05625 0.05625
0 0.39453125 0.098046875 0.0828125 0.06328125
0 0.362890625 0.139453125 0.07421875 0.06328125
0 0.225 0.2015625 0.08125 0.075
0 0.175 0.11328125 0.0703125 0.05
0 0.154296875 0.153125 0.07265625 0.0390625
0 0.15078125 0.195703125 0.0640625 0.06171875
0 0.187109375 0.17734375 0.06953125 0.065625
0 0.3046875 0.298828125 0.06875 0.06953125
0 0.27578125 0.32578125 0.06875 0.065625
0 0.89921875 0.219140625 0.0921875 0.07109375
0 0.975390625 0.129296875 0.04921875 0.07421875
0 0.930859375 0.30546875 0.07109375 0.0625
0 0.97578125 0.25859375 0.0484375 0.075
0 0.984375 0.32734375 0.03125 0.08125
0 0.98671875 0.19453125 0.0265625 0.0515625
0 0.61484375 0.365234375 0.06875 0.07109375
0 0.588671875 0.4078125 0.05703125 0.0625
0 0.66328125 0.439453125 0.075 0.08515625
0 0.61875 0.56953125 0.046875 0.06875
0 0.399609375 0.589453125 0.06640625 0.08359375
0 0.4625 0.596484375 0.0625 0.08515625
0 0.691015625 0.309765625 0.08203125 0.04921875
0 0.7703125 0.31796875 0.059375 0.0703125
0 0.742578125 0.237890625 0.05234375 0.05546875
0 0.785546875 0.21953125 0.05390625 0.0703125
0 0.7921875 0.273828125 0.0625 0.06484375
0 0.844140625 0.265234375 0.06484375 0.05234375
0 0.787890625 0.45703125 0.07265625 0.05625
0 0.474609375 0.394921875 0.06015625 0.08046875
0 0.523046875 0.423828125 0.07421875 0.06796875
0 0.475390625 0.458203125 0.07734375 0.05546875
0 0.18203125 0.386328125 0.1109375 0.05390625
0 0.2546875 0.4078125 0.0765625 0.06875
0 0.31015625 0.391796875 0.0625 0.07265625
0 0.356640625 0.399609375 0.07734375 0.06328125
0 0.330859375 0.458203125 0.08359375 0.05703125
0 0.337109375 0.53359375 0.07421875 0.0546875
0 0.351171875 0.50078125 0.08203125 0.046875
0 0.147265625 0.403125 0.05078125 0.046875
0 0.18046875 0.426171875 0.0546875 0.05859375
0 0.153515625 0.441015625 0.04921875 0.05390625
0 0.1703125 0.488671875 0.0984375 0.06328125
0 0.2234375 0.434375 0.0609375 0.0859375
0 0.5640625 0.51875 0.0703125 0.065625
0 0.5171875 0.545703125 0.071875 0.05234375
0 0.5140625 0.5984375 0.0640625 0.0625
0 0.567578125 0.5875 0.05390625 0.0765625
0 0.631640625 0.4921875 0.07265625 0.05
0 0.257421875 0.487890625 0.08671875 0.04296875
0 0.252734375 0.5203125 0.06953125 0.0578125
0 0.2296875 0.540625 0.0625 0.065625
0 0.185546875 0.558984375 0.07578125 0.04609375
0 0.180859375 0.6 0.10546875 0.0515625
0 0.2640625 0.609765625 0.06875 0.06640625
0 0.222265625 0.621875 0.07734375 0.0609375
0 0.163671875 0.643359375 0.07421875 0.05390625
0 0.159765625 0.675 0.05078125 0.075
0 0.291015625 0.7015625 0.09453125 0.071875
0 0.228125 0.697265625 0.05625 0.06640625
0 0.17421875 0.75390625 0.084375 0.05
0 0.1796875 0.706640625 0.053125 0.05703125
0 0.826953125 0.5140625 0.07578125 0.0546875
0 0.1671875 0.793359375 0.0625 0.05078125
0 0.18359375 0.8609375 0.0640625 0.05625
0 0.181640625 0.828515625 0.05546875 0.03515625
0 0.294140625 0.755859375 0.08984375 0.06484375
0 0.225 0.78359375 0.05625 0.0703125
0 0.231640625 0.81953125 0.07109375 0.0484375
0 0.27421875 0.804296875 0.0578125 0.05390625
0 0.243359375 0.867578125 0.07421875 0.06796875
0 0.3375 0.8015625 0.0625 0.065625
0 0.375390625 0.834765625 0.05703125 0.08046875
0 0.398828125 0.885546875 0.07421875 0.07109375
0 0.324609375 0.8734375 0.08046875 0.0578125
0 0.311328125 0.854296875 0.07265625 0.05546875
0 0.778125 0.521875 0.0671875 0.0546875
0 0.84375 0.57265625 0.071875 0.0703125
0 0.885546875 0.63046875 0.05546875 0.0765625
0 0.937109375 0.688671875 0.07578125 0.08515625
0 0.790234375 0.8734375 0.06328125 0.065625
0 0.84609375 0.8796875 0.05625 0.0703125
0 0.951953125 0.8671875 0.06484375 0.0671875
0 0.986328125 0.879296875 0.02734375 0.05546875
0 0.96953125 0.800390625 0.040625 0.08046875
0 0.991796875 0.7953125 0.01640625 0.04375
0 0.876171875 0.814453125 0.06796875 0.06484375
0 0.9234375 0.800390625 0.0578125 0.07578125
0 0.444140625 0.91953125 0.05703125 0.021875
0 0.498828125 0.913671875 0.05234375 0.03359375
0 0.6453125 0.92265625 0.0140625 0.009375
0 0.725390625 0.976953125 0.03671875 0.04609375
0 0.408984375 0.6890625 0.06171875 0.0796875
0 0.414453125 0.769140625 0.05234375 0.06328125
0 0.46484375 0.792578125 0.05625 0.08359375
0 0.48359375 0.8578125 0.078125 0.0546875
0 0.522265625 0.83984375 0.05390625 0.0796875
0 0.543359375 0.87421875 0.04453125 0.0765625
0 0.709765625 0.569140625 0.07109375 0.05078125
0 0.77109375 0.562109375 0.0671875 0.04921875
0 0.759765625 0.60859375 0.06953125 0.0546875
0 0.811328125 0.641796875 0.07578125 0.05546875
0 0.84140625 0.673046875 0.1 0.05390625
0 0.721484375 0.6921875 0.05546875 0.0734375
0 0.75859375 0.697265625 0.05 0.07578125
0 0.744140625 0.8015625 0.04921875 0.0765625
0 0.773046875 0.7609375 0.08046875 0.0484375
0 0.808984375 0.744921875 0.05234375 0.09765625
0 0.85078125 0.711328125 0.0859375 0.05078125
0 0.8765625 0.74453125 0.0546875 0.075
0 0.83828125 0.76171875 0.0484375 0.0640625
0 0.53671875 0.77109375 0.05625 0.0703125
0 0.548828125 0.701171875 0.06796875 0.05078125
0 0.5453125 0.6546875 0.0765625 0.0515625
0 0.475 0.655078125 0.071875 0.06640625
0 0.58046875 0.733203125 0.0671875 0.05390625
0 0.617578125 0.665625 0.07265625 0.05625
0 0.66015625 0.6546875 0.05625 0.0703125
0 0.67265625 0.723046875 0.053125 0.07109375
0 0.694140625 0.77578125 0.06015625 0.0734375
0 0.6046875 0.771875 0.05 0.0703125
0 0.6203125 0.712890625 0.0890625 0.06015625
0 0.69140625 0.852734375 0.0671875 0.05390625
0 0.690234375 0.893359375 0.07265625 0.07734375
0 0.716015625 0.922265625 0.06796875 0.06328125
0 0.584375 0.859765625 0.05 0.08984375
0 0.611328125 0.83046875 0.04609375 0.0703125
0 0.605078125 0.773828125 0.05546875 0.06953125
0 0.640625 0.805859375 0.0515625 0.07109375
0 0.65 0.76796875 0.04375 0.0734375