0 0.0390625 0.116015625 0.077734375 0.0703125
0 0.16328125 0.1046875 0.080859375 0.087890625
0 0.212890625 0.09296875 0.06015625 0.054296875
0 0.264453125 0.148828125 0.051953125 0.075
0 0.33671875 0.21015625 0.08359375 0.062109375
0 0.13359375 0.1890625 0.0875 0.055859375
0 0.2078125 0.2296875 0.073828125 0.062890625
0 0.078515625 0.228515625 0.080078125 0.05078125
0 0.97421875 0.142578125 0.0515625 0.05859375
0 0.933984375 0.226171875 0.079296875 0.05234375
0 0.627734375 0.287890625 0.069921875 0.057421875
0 0.0390625 0.39609375 0.077734375 0.055859375
0 0.244140625 0.33671875 0.05390625 0.0796875
0 0.3796875 0.3953125 0.074609375 0.05078125
0 0.266015625 0.424609375 0.069921875 0.064453125
0 0.15390625 0.481640625 0.0578125 0.062890625
0 0.0328125 0.534765625 0.065625 0.058984375
0 0.211328125 0.501171875 0.06640625 0.05078125
0 0.3125 0.473828125 0.080859375 0.057421875
0 0.289453125 0.5484375 0.09140625 0.04921875
0 0.4296875 0.593359375 0.039453125 0.084765625
0 0.25078125 0.650390625 0.06640625 0.06875
0 0.5390625 0.4015625 0.080078125 0.05234375
0 0.974609375 0.4828125 0.05078125 0.046875
0 0.86484375 0.586328125 0.069140625 0.05234375
0 0.6640625 0.80234375 0.0546875 0.07265625
0 0.6140625 0.79296875 0.045703125 0.075
0 0.378515625 0.803515625 0.0671875 0.054296875