0 0.351953125 0.31015625 0.08671875 0.0765625
0 0.502734375 0.45078125 0.06328125 0.071875
0 0.51953125 0.380859375 0.0546875 0.08359375
0 0.5390625 0.418359375 0.1078125 0.08203125
0 0.624609375 0.4046875 0.07421875 0.06875
0 0.547265625 0.312890625 0.05546875 0.11328125
0 0.605859375 0.34765625 0.07265625 0.053125
0 0.628515625 0.539453125 0.06953125 0.09140625
0 0.67890625 0.481640625 0.059375 0.10703125
0 0.723828125 0.4484375 0.06171875 0.1015625
0 0.756640625 0.616015625 0.08828125 0.08515625
0 0.703515625 0.870703125 0.06484375 0.09609375
0 0.8375 0.897265625 0.0734375 0.06328125
0 0.902734375 0.90703125 0.06796875 0.078125
0 0.857421875 0.331640625 0.05546875 0.07890625
0 0.158984375 0.094140625 0.11015625 0.08671875
0 0.31640625 0.083984375 0.075 0.07421875
0 0.3453125 0.06796875 0.0734375 0.0671875
0 0.05390625 0.06484375 0.0703125 0.0578125
0 0.01484375 0.06953125 0.028125 0.0875
0 0.071875 0.167578125 0.078125 0.06015625
0 0.13515625 0.237890625 0.0609375 0.08046875
0 0.146484375 0.290234375 0.07109375 0.06796875
0 0.016796875 0.380078125 0.03203125 0.07578125
0 0.04765625 0.403125 0.075 0.0984375
0 0.14296875 0.354296875 0.0671875 0.07109375
0 0.417578125 0.0765625 0.07734375 0.096875
0 0.483984375 0.071484375 0.07578125 0.05390625
0 0.5453125 0.062109375 0.084375 0.05703125
0 0.5671875 0.125 0.059375 0.0828125
0 0.507421875 0.1140625 0.06953125 0.0546875
0 0.498046875 0.1609375 0.05390625 0.0859375
0 0.6171875 0.241015625 0.0671875 0.08203125
0 0.648046875 0.135546875 0.06796875 0.10390625
0 0.74609375 0.08046875 0.05625 0.09375
0 0.76953125 0.128515625 0.0734375 0.07265625
0 0.81484375 0.08125 0.0921875 0.0734375
0 0.878515625 0.088671875 0.06015625 0.08984375
0 0.973046875 0.135546875 0.05390625 0.09453125
0 0.9703125 0.216015625 0.059375 0.09609375
0 0.9921875 0.273828125 0.015625 0.03203125
0 0.9765625 0.3140625 0.046875 0.053125
0 0.790234375 0.530859375 0.08046875 0.05234375
0 0.841015625 0.560546875 0.09140625 0.06171875
0 0.1734375 0.419140625 0.075 0.06328125
0 0.2015625 0.387890625 0.084375 0.05546875
0 0.686328125 0.25078125 0.06484375 0.09375
0 0.73125 0.194140625 0.0703125 0.07265625
0 0.860546875 0.228515625 0.09609375 0.08359375
0 0.881640625 0.2515625 0.07734375 0.0703125
0 0.019140625 0.676953125 0.03671875 0.08046875
0 0.01484375 0.8109375 0.028125 0.0890625
0 0.13984375 0.7375 0.0671875 0.09375
0 0.267578125 0.869140625 0.09296875 0.06796875
0 0.0953125 0.6765625 0.075 0.05625
0 0.11953125 0.640625 0.0921875 0.05625
0 0.178125 0.568359375 0.06875 0.08359375
0 0.230859375 0.62109375 0.05703125 0.071875
0 0.2734375 0.552734375 0.06875 0.08359375
0 0.3140625 0.67578125 0.065625 0.0984375
0 0.3625 0.653125 0.0625 0.090625
0 0.0890625 0.223828125 0.09375 0.08359375
0 0.948046875 0.45234375 0.09140625 0.09375
0 0.987890625 0.57890625 0.02421875 0.0578125
0 0.973046875 0.62890625 0.05390625 0.059375
0 0.979296875 0.686328125 0.04140625 0.05703125
0 0.54609375 0.789453125 0.0609375 0.08984375
0 0.4359375 0.776171875 0.1015625 0.07421875
0 0.43828125 0.887109375 0.10625 0.06484375
0 0.48671875 0.873046875 0.0796875 0.05703125
0 0.535546875 0.906640625 0.07421875 0.06328125
0 0.426171875 0.57421875 0.07421875 0.0765625