0 0.03359375 0.055859375 0.065625 0.046875
0 0.03203125 0.107421875 0.051953125 0.093359375
0 0.085546875 0.065234375 0.0796875 0.055078125
0 0.07890625 0.116796875 0.06171875 0.074609375
0 0.13125 0.0859375 0.05546875 0.0640625
0 0.158984375 0.051953125 0.068359375 0.051953125
0 0.126953125 0.064453125 0.03671875 0.03671875
0 0.233203125 0.04375 0.063671875 0.03046875
0 0.19453125 0.075 0.035546875 0.065625
0 0.1484375 0.13671875 0.050390625 0.075
0 0.20390625 0.169921875 0.076953125 0.099609375
0 0.21171875 0.11796875 0.07890625 0.0640625
0 0.2328125 0.073828125 0.048828125 0.05234375
0 0.271484375 0.084765625 0.0453125 0.0828125
0 0.2625 0.151953125 0.05703125 0.105859375
0 0.308984375 0.1796875 0.05546875 0.0671875
0 0.309765625 0.1078125 0.040234375 0.07734375
0 0.323046875 0.138671875 0.044140625 0.0875
0 0.292578125 0.042578125 0.0609375 0.074609375
0 0.33125 0.062109375 0.040625 0.06484375
0 0.381640625 0.0640625 0.063671875 0.055078125
0 0.440234375 0.065625 0.066796875 0.04609375
0 0.350390625 0.1046875 0.041796875 0.069921875
0 0.392578125 0.10546875 0.060546875 0.05546875
0 0.386328125 0.2125 0.06171875 0.078125
0 0.484375 0.0953125 0.053515625 0.113671875
0 0.431640625 0.1125 0.058203125 0.06171875
0 0.41328125 0.15546875 0.07265625 0.05390625
0 0.36484375 0.16328125 0.0484375 0.0765625
0 0.548046875 0.053125 0.052734375 0.10625
0 0.434375 0.284375 0.0890625 0.0640625
0 0.58515625 0.221875 0.073046875 0.075390625
0 0.50390625 0.405859375 0.071875 0.0890625
0 0.43984375 0.516796875 0.0625 0.0796875
0 0.56796875 0.485546875 0.06328125 0.08203125
0 0.299609375 0.665625 0.074609375 0.0671875
0 0.221484375 0.580859375 0.078515625 0.0625
0 0.18984375 0.693359375 0.07890625 0.073046875
0 0.3890625 0.750390625 0.0828125 0.080859375
0 0.423046875 0.787109375 0.07734375 0.061328125
0 0.446875 0.80703125 0.073046875 0.05546875
0 0.212109375 0.846875 0.06953125 0.066796875
0 0.305078125 0.901171875 0.03046875 0.072265625
0 0.229296875 0.73359375 0.08203125 0.08203125
0 0.805078125 0.8765625 0.05703125 0.096484375
0 0.6671875 0.799609375 0.0796875 0.05859375
0 0.558984375 0.812890625 0.062890625 0.0671875
0 0.620703125 0.840625 0.05234375 0.0796875
0 0.673828125 0.847265625 0.063671875 0.053125
0 0.60859375 0.88203125 0.05078125 0.07890625
0 0.571484375 0.85546875 0.0484375 0.068359375
0 0.5515625 0.8890625 0.071484375 0.059765625
0 0.718359375 0.890625 0.084765625 0.06796875
0 0.851953125 0.8875 0.048828125 0.087890625
0 0.89140625 0.880859375 0.0578125 0.087890625
0 0.94140625 0.85390625 0.04375 0.087890625
0 0.973046875 0.880078125 0.05390625 0.05859375
0 0.93203125 0.895703125 0.0515625 0.05
0 0.89921875 0.8421875 0.050390625 0.059375
0 0.946484375 0.655078125 0.0734375 0.069140625
0 0.976953125 0.7296875 0.04609375 0.0625
0 0.9828125 0.771484375 0.034375 0.04140625
0 0.970703125 0.80390625 0.05859375 0.0609375
0 0.648046875 0.349609375 0.074609375 0.067578125
0 0.697265625 0.1859375 0.076171875 0.0703125
0 0.792578125 0.175390625 0.069140625 0.0734375
0 0.59453125 0.108984375 0.071875 0.080078125
0 0.779296875 0.105078125 0.057421875 0.089453125
0 0.729296875 0.050390625 0.073046875 0.0453125
0 0.655078125 0.04921875 0.080078125 0.09609375
0 0.683984375 0.101953125 0.049609375 0.09296875
0 0.73359375 0.09296875 0.0640625 0.061328125
0 0.861328125 0.06796875 0.094921875 0.065625
0 0.96796875 0.113671875 0.0640625 0.071875
0 0.97578125 0.05546875 0.048046875 0.06796875
0 0.9359375 0.081640625 0.07265625 0.06484375
0 0.938671875 0.449609375 0.070703125 0.081640625
0 0.94375 0.516796875 0.09453125 0.05859375
0 0.01875 0.428515625 0.0375 0.065625
0 0.062109375 0.4765625 0.0828125 0.08515625