0 0.96796875 0.0671875 0.0640625 0.062109375
0 0.98984375 0.17265625 0.0203125 0.0625
0 0.974609375 0.13828125 0.050390625 0.077734375
0 0.946484375 0.12109375 0.064453125 0.084375
0 0.91171875 0.173828125 0.08203125 0.08046875
0 0.505078125 0.12109375 0.049609375 0.08828125
0 0.453125 0.137890625 0.07109375 0.06484375
0 0.445703125 0.23125 0.07890625 0.058203125
0 0.012109375 0.0953125 0.02421875 0.05625
0 0.017578125 0.143359375 0.03515625 0.06015625
0 0.027734375 0.198828125 0.05546875 0.077734375
0 0.98203125 0.894921875 0.0359375 0.07734375