0 0.017578125 0.10546875 0.03359375 0.0625
0 0.030859375 0.151171875 0.04921875 0.05859375
0 0.005078125 0.16484375 0.00859375 0.046875
0 0.090234375 0.102734375 0.07109375 0.05546875
0 0.1640625 0.101953125 0.05 0.06171875
0 0.208203125 0.1015625 0.05546875 0.0546875
0 0.126171875 0.160546875 0.07421875 0.04765625
0 0.18515625 0.215625 0.0546875 0.0703125
0 0.237890625 0.23203125 0.05078125 0.0703125
0 0.282421875 0.18984375 0.05859375 0.0578125
0 0.2796875 0.2421875 0.0546875 0.05625
0 0.420703125 0.159765625 0.04609375 0.06171875
0 0.4609375 0.15546875 0.034375 0.078125
0 0.495703125 0.085546875 0.07265625 0.05703125
0 0.534765625 0.10546875 0.06640625 0.05
0 0.583984375 0.109765625 0.05546875 0.05078125
0 0.50859375 0.16171875 0.0609375 0.053125
0 0.54375 0.1671875 0.0375 0.06875
0 0.58359375 0.167578125 0.0421875 0.06484375
0 0.637109375 0.178515625 0.06796875 0.07734375
0 0.6640625 0.10625 0.065625 0.05
0 0.73828125 0.11171875 0.0609375 0.0578125
0 0.724609375 0.173828125 0.05703125 0.06953125
0 0.81953125 0.094140625 0.05625 0.06015625
0 0.876171875 0.090234375 0.06328125 0.04765625
0 0.812109375 0.15390625 0.08359375 0.0734375
0 0.88671875 0.164453125 0.0765625 0.04765625
0 0.903515625 0.11875 0.07109375 0.04375
0 0.9484375 0.087109375 0.065625 0.04921875
0 0.955859375 0.13671875 0.05546875 0.05625
0 0.987890625 0.100390625 0.02421875 0.06796875
0 0.77578125 0.2625 0.0671875 0.078125
0 0.62421875 0.247265625 0.046875 0.06484375
0 0.596875 0.29921875 0.046875 0.06875
0 0.59296875 0.388671875 0.0640625 0.06953125
0 0.684375 0.372265625 0.0703125 0.06171875
0 0.79140625 0.43984375 0.0640625 0.05625
0 0.844921875 0.437109375 0.04765625 0.06796875
0 0.766796875 0.508984375 0.06484375 0.05703125
0 0.621875 0.480859375 0.065625 0.04296875
0 0.83359375 0.521875 0.0625 0.05
0 0.720703125 0.60390625 0.07890625 0.0484375
0 0.741796875 0.7265625 0.05390625 0.0578125
0 0.896875 0.727734375 0.046875 0.06796875
0 0.977734375 0.787890625 0.04453125 0.05234375
0 0.83984375 0.80390625 0.0625 0.05
0 0.925390625 0.881640625 0.05703125 0.08984375
0 0.91640625 0.951171875 0.096875 0.07890625
0 0.9484375 0.990625 0.0859375 0.01875
0 0.833984375 0.962109375 0.05234375 0.07421875
0 0.783203125 0.941796875 0.05234375 0.07578125
0 0.723046875 0.891015625 0.06015625 0.07578125
0 0.735546875 0.9484375 0.03671875 0.0671875
0 0.710546875 0.960546875 0.04453125 0.07890625
0 0.754296875 0.987109375 0.05546875 0.02578125
0 0.684375 0.81328125 0.0671875 0.0515625
0 0.663671875 0.875390625 0.05859375 0.05078125
0 0.61015625 0.878125 0.0671875 0.046875
0 0.56015625 0.883984375 0.0484375 0.04921875
0 0.582421875 0.834375 0.06171875 0.0484375
0 0.59296875 0.749609375 0.0703125 0.04921875
0 0.496875 0.5875 0.053125 0.0578125
0 0.488671875 0.524609375 0.06171875 0.05078125
0 0.347265625 0.580859375 0.07265625 0.05390625
0 0.43984375 0.661328125 0.0703125 0.04453125
0 0.30703125 0.521484375 0.075 0.05078125
0 0.306640625 0.469921875 0.05859375 0.05703125
0 0.178125 0.43046875 0.0546875 0.065625
0 0.1515625 0.475390625 0.0734375 0.05390625
0 0.190234375 0.529296875 0.04609375 0.06640625
0 0.130078125 0.507421875 0.05234375 0.06015625
0 0.080859375 0.508203125 0.03828125 0.07578125
0 0.066015625 0.435546875 0.06171875 0.06640625
0 0.0046875 0.31015625 0.0078125 0.0484375
0 0.034765625 0.39453125 0.06328125 0.0703125
0 0.00859375 0.4046875 0.015625 0.0390625
0 0.0046875 0.48359375 0.0078125 0.0375
0 0.17265625 0.66875 0.075 0.059375
0 0.335546875 0.769921875 0.07734375 0.07265625
0 0.46875 0.803515625 0.0796875 0.04609375
0 0.478515625 0.871484375 0.05390625 0.05859375
0 0.43046875 0.8734375 0.046875 0.0640625
0 0.38984375 0.868359375 0.04375 0.05078125
0 0.296875 0.82421875 0.0734375 0.0640625
0 0.21484375 0.774609375 0.0515625 0.07421875
0 0.190625 0.842578125 0.0671875 0.06171875
0 0.1375 0.805859375 0.059375 0.05703125
0 0.071484375 0.811328125 0.06953125 0.04453125
0 0.1140625 0.84765625 0.0546875 0.0546875
0 0.01171875 0.855859375 0.021875 0.08515625
0 0.019140625 0.738671875 0.03671875 0.06015625
0 0.3328125 0.93984375 0.05625 0.0625
0 0.3203125 0.98359375 0.0421875 0.0328125
0 0.491796875 0.22109375 0.04609375 0.07109375
0 0.550390625 0.22265625 0.075 0.05078125