0 0.9890625 0.066015625 0.021875 0.04609375
0 0.962890625 0.055859375 0.05703125 0.03671875
0 0.966796875 0.1046875 0.041796875 0.075
0 0.961328125 0.162109375 0.07734375 0.06015625
0 0.97890625 0.223046875 0.0421875 0.08984375
0 0.9328125 0.13671875 0.069140625 0.091015625
0 0.912109375 0.09765625 0.051171875 0.08125
0 0.877734375 0.06640625 0.08046875 0.046484375
0 0.80390625 0.062890625 0.053125 0.1125
0 0.837109375 0.083203125 0.037890625 0.0703125
0 0.866015625 0.11640625 0.059375 0.058203125
0 0.91484375 0.267578125 0.059375 0.08515625
0 0.96484375 0.488671875 0.0703125 0.083203125
0 0.795703125 0.44453125 0.0640625 0.07890625
0 0.790625 0.512890625 0.065625 0.07265625
0 0.709375 0.35546875 0.068359375 0.089453125
0 0.841015625 0.256640625 0.070703125 0.065234375
0 0.80625 0.211328125 0.071875 0.06328125
0 0.790625 0.302734375 0.060546875 0.0546875
0 0.771875 0.252734375 0.052734375 0.0890625
0 0.8765625 0.16171875 0.06640625 0.0609375
0 0.8296875 0.187109375 0.087109375 0.046875
0 0.807421875 0.135546875 0.069140625 0.05390625
0 0.7578125 0.160546875 0.056640625 0.064453125
0 0.774609375 0.09296875 0.050390625 0.071484375
0 0.726953125 0.06328125 0.044921875 0.03828125
0 0.741015625 0.10859375 0.06953125 0.05859375
0 0.715234375 0.162890625 0.039453125 0.0578125
0 0.687890625 0.18125 0.06796875 0.05625
0 0.7390625 0.22109375 0.05703125 0.0828125
0 0.659765625 0.26796875 0.06875 0.073046875
0 0.680078125 0.068359375 0.052734375 0.049609375
0 0.67890625 0.108984375 0.056640625 0.040625
0 0.66640625 0.13515625 0.080859375 0.042578125
0 0.633203125 0.18125 0.051953125 0.06875
0 0.6390625 0.08515625 0.04140625 0.075390625
0 0.60390625 0.078125 0.04296875 0.071484375
0 0.5703125 0.091796875 0.05625 0.0765625
0 0.594140625 0.1484375 0.053515625 0.06875
0 0.546875 0.21953125 0.05703125 0.084375
0 0.593359375 0.215625 0.04296875 0.07578125
0 0.63984375 0.2328125 0.075390625 0.055859375
0 0.548828125 0.122265625 0.06328125 0.0671875
0 0.49765625 0.13671875 0.070703125 0.065234375
0 0.4328125 0.082421875 0.076953125 0.059765625
0 0.51953125 0.33828125 0.067578125 0.06640625
0 0.601953125 0.29609375 0.050390625 0.083984375
0 0.5671875 0.3109375 0.051171875 0.095703125
0 0.4609375 0.3765625 0.0703125 0.08203125
0 0.436328125 0.492578125 0.053125 0.08359375
0 0.490625 0.457421875 0.055859375 0.0765625
0 0.5828125 0.52890625 0.083984375 0.0609375
0 0.740625 0.66796875 0.06796875 0.083203125
0 0.57109375 0.61796875 0.057421875 0.07890625
0 0.576953125 0.6734375 0.0859375 0.058203125
0 0.890625 0.740234375 0.0828125 0.096484375
0 0.670703125 0.793359375 0.085546875 0.07421875
0 0.540625 0.791015625 0.054296875 0.109765625
0 0.5703125 0.896484375 0.0921875 0.07734375
0 0.5109375 0.855078125 0.06484375 0.0796875
0 0.464453125 0.855078125 0.062109375 0.073828125
0 0.38984375 0.840234375 0.076953125 0.0703125
0 0.340625 0.853515625 0.060546875 0.094140625
0 0.3578125 0.575 0.062890625 0.07890625
0 0.313671875 0.522265625 0.0609375 0.080859375
0 0.297265625 0.620703125 0.062109375 0.0796875
0 0.251171875 0.587109375 0.06328125 0.089453125
0 0.231640625 0.510546875 0.057421875 0.09140625
0 0.25390625 0.449609375 0.091015625 0.055859375
0 0.328515625 0.325390625 0.0609375 0.105859375
0 0.255859375 0.375 0.08359375 0.063671875
0 0.276171875 0.318359375 0.057421875 0.071875
0 0.311328125 0.213671875 0.063671875 0.091015625
0 0.248828125 0.09609375 0.05859375 0.0765625
0 0.34375 0.083203125 0.045703125 0.073828125
0 0.374609375 0.1109375 0.05234375 0.0703125
0 0.31953125 0.115625 0.056640625 0.088671875
0 0.358984375 0.162109375 0.06171875 0.054296875
0 0.420703125 0.14296875 0.071484375 0.057421875
0 0.396484375 0.197265625 0.046484375 0.071484375
0 0.491796875 0.210546875 0.074609375 0.072265625
0 0.441796875 0.21328125 0.055859375 0.0578125
0 0.437109375 0.17265625 0.057421875 0.033203125
0 0.690625 0.91875 0.04609375 0.069140625
0 0.27578125 0.9015625 0.05859375 0.077734375
0 0.257421875 0.865625 0.05625 0.06640625
0 0.230859375 0.909765625 0.05234375 0.048828125
0 0.2 0.896484375 0.0578125 0.088671875
0 0.16484375 0.85625 0.056640625 0.10078125
0 0.1578125 0.9140625 0.03203125 0.051171875
0 0.130859375 0.84375 0.04609375 0.077734375
0 0.11640625 0.894140625 0.044140625 0.071484375
0 0.076953125 0.878125 0.05859375 0.089453125
0 0.03046875 0.879296875 0.056640625 0.065625
0 0.044140625 0.742578125 0.055078125 0.0859375
0 0.0984375 0.76875 0.080859375 0.07109375
0 0.11875 0.708203125 0.0984375 0.065234375
0 0.12578125 0.652734375 0.080078125 0.058984375
0 0.1796875 0.575390625 0.071875 0.06796875
0 0.106640625 0.611328125 0.07109375 0.06484375
0 0.04921875 0.66171875 0.055078125 0.07578125
0 0.042578125 0.538671875 0.078125 0.067578125
0 0.18671875 0.453515625 0.091796875 0.06328125
0 0.15703125 0.28125 0.06015625 0.088671875
0 0.13203125 0.157421875 0.06640625 0.0703125
0 0.07578125 0.273828125 0.072265625 0.0828125
0 0.01953125 0.3046875 0.0390625 0.0625
0 0.08046875 0.337890625 0.108203125 0.053125
0 0.184375 0.355859375 0.065234375 0.087890625
0 0.142578125 0.385546875 0.059375 0.073046875
0 0.037109375 0.084375 0.07421875 0.0671875
0 0.14765625 0.075390625 0.080859375 0.075
0 0.095703125 0.0859375 0.065625 0.069140625