0 0.83046875 0.64921875 0.085546875 0.060546875
0 0.9875 0.79609375 0.025 0.05625
0 0.971875 0.841796875 0.05625 0.06328125
0 0.98359375 0.88828125 0.0328125 0.0421875
0 0.826171875 0.876171875 0.083203125 0.074609375
0 0.676953125 0.662890625 0.07421875 0.06484375
0 0.49140625 0.645703125 0.065625 0.079296875
0 0.871484375 0.84140625 0.07578125 0.0828125
0 0.904296875 0.875390625 0.05703125 0.08125
0 0.381640625 0.843359375 0.0734375 0.086328125
0 0.426171875 0.8625 0.066015625 0.078125
0 0.509375 0.79609375 0.076953125 0.084765625
0 0.50703125 0.862890625 0.062109375 0.075
0 0.55546875 0.848046875 0.0796875 0.06875
0 0.556640625 0.883203125 0.07421875 0.07421875
0 0.64453125 0.8796875 0.084765625 0.063671875
0 0.048046875 0.21796875 0.065234375 0.094140625
0 0.02421875 0.24765625 0.0484375 0.0609375
0 0.02734375 0.065234375 0.0546875 0.064453125
0 0.13046875 0.089453125 0.061328125 0.075
0 0.0796875 0.13125 0.058984375 0.09140625
0 0.16640625 0.129296875 0.0953125 0.048046875
0 0.126953125 0.158984375 0.051953125 0.071875
0 0.16796875 0.171484375 0.075390625 0.075
0 0.270703125 0.135546875 0.058984375 0.096875
0 0.35390625 0.084375 0.0625 0.08359375
0 0.31015625 0.092578125 0.059375 0.06796875
0 0.330859375 0.13203125 0.058984375 0.07421875
0 0.42421875 0.090625 0.05859375 0.090234375
0 0.477734375 0.0765625 0.053125 0.07734375
0 0.50859375 0.15078125 0.090625 0.089453125
0 0.438671875 0.22421875 0.066796875 0.079296875
0 0.745703125 0.056640625 0.078125 0.052734375
0 0.865625 0.067578125 0.06953125 0.06640625
0 0.820703125 0.0921875 0.07734375 0.073828125
0 0.7609375 0.097265625 0.07890625 0.06875
0 0.709765625 0.251171875 0.07109375 0.078125
0 0.81796875 0.24609375 0.06015625 0.09140625
0 0.87578125 0.24609375 0.069921875 0.059765625
0 0.87890625 0.29140625 0.08203125 0.050390625
0 0.8671875 0.546875 0.06015625 0.08046875