0 0.521484375 0.836328125 0.088671875 0.074609375
0 0.229296875 0.721875 0.066015625 0.074609375
0 0.121484375 0.54921875 0.077734375 0.062109375
0 0.178125 0.488671875 0.080078125 0.081640625
0 0.823828125 0.63359375 0.053515625 0.085546875
0 0.696484375 0.574609375 0.0859375 0.053125
0 0.558984375 0.519921875 0.046875 0.07890625
0 0.982421875 0.445703125 0.034765625 0.07890625
0 0.505078125 0.349609375 0.066015625 0.0640625
0 0.85 0.283984375 0.0609375 0.0796875
0 0.738671875 0.291796875 0.05 0.095703125
0 0.293359375 0.296875 0.065234375 0.07890625
0 0.22265625 0.238671875 0.089453125 0.049609375
0 0.29296875 0.07109375 0.07265625 0.065625
0 0.340234375 0.106640625 0.055078125 0.074609375
0 0.379296875 0.083203125 0.076953125 0.06328125