0 0.08125 0.078515625 0.0578125 0.03046875
0 0.12734375 0.08515625 0.053125 0.03125
0 0.197265625 0.075390625 0.05859375 0.03203125
0 0.2484375 0.06953125 0.05 0.040625
0 0.288671875 0.06796875 0.04453125 0.0421875
0 0.350390625 0.0671875 0.04765625 0.0453125
0 0.39375 0.072265625 0.040625 0.06015625
0 0.44296875 0.0625 0.0578125 0.0359375
0 0.490234375 0.06953125 0.03828125 0.046875
0 0.4546875 0.101171875 0.0515625 0.03828125
0 0.443359375 0.125 0.04765625 0.0453125
0 0.472265625 0.164453125 0.04453125 0.06484375
0 0.526953125 0.1390625 0.05234375 0.034375
0 0.51796875 0.112109375 0.040625 0.02734375
0 0.509765625 0.087890625 0.03046875 0.03203125
0 0.523828125 0.055078125 0.03046875 0.02734375
0 0.545703125 0.064453125 0.03671875 0.02890625
0 0.563671875 0.0859375 0.02578125 0.028125
0 0.5453125 0.102734375 0.0359375 0.04453125
0 0.598046875 0.122265625 0.06015625 0.04140625
0 0.604296875 0.06953125 0.04765625 0.0625
0 0.63671875 0.0578125 0.025 0.0515625
0 0.663671875 0.066015625 0.02734375 0.05546875
0 0.68984375 0.072265625 0.040625 0.05078125
0 0.728125 0.0875 0.034375 0.0578125
0 0.754296875 0.109765625 0.04921875 0.06640625
0 0.772265625 0.083203125 0.05546875 0.05703125
0 0.7859375 0.062109375 0.05625 0.05859375
0 0.83359375 0.0640625 0.0328125 0.0515625
0 0.844140625 0.105078125 0.03828125 0.06171875
0 0.880078125 0.077734375 0.03046875 0.05078125
0 0.916015625 0.065234375 0.04140625 0.04921875
0 0.951953125 0.097265625 0.04140625 0.03828125
0 0.953515625 0.05703125 0.04296875 0.0359375
0 0.8953125 0.108203125 0.0453125 0.04296875
0 0.897265625 0.14296875 0.06171875 0.0515625
0 0.9359375 0.131640625 0.040625 0.06171875
0 0.825390625 0.178515625 0.04296875 0.07109375
0 0.873046875 0.167578125 0.04921875 0.04140625
0 0.904296875 0.192578125 0.05703125 0.04453125
0 0.9625 0.164453125 0.0328125 0.04765625
0 0.873828125 0.26484375 0.06953125 0.0484375
0 0.903125 0.2890625 0.071875 0.0453125
0 0.923828125 0.244140625 0.05546875 0.05390625
0 0.93984375 0.2140625 0.0390625 0.0484375
0 0.96875 0.221484375 0.0359375 0.07421875
0 0.75 0.171875 0.0484375 0.0609375
0 0.759375 0.11328125 0.053125 0.0546875
0 0.7046875 0.132421875 0.0390625 0.06953125
0 0.664453125 0.1234375 0.04140625 0.0484375
0 0.6234375 0.143359375 0.040625 0.04296875
0 0.681640625 0.188671875 0.03984375 0.06328125
0 0.642578125 0.179296875 0.05390625 0.05234375
0 0.65078125 0.228125 0.0625 0.04375
0 0.58828125 0.206640625 0.065625 0.04453125
0 0.75859375 0.303125 0.0390625 0.0609375
0 0.721484375 0.3234375 0.03515625 0.0703125
0 0.68046875 0.301953125 0.05 0.06640625
0 0.952734375 0.430078125 0.04453125 0.04921875
0 0.96796875 0.451171875 0.0171875 0.04765625
0 0.973828125 0.48203125 0.00546875 0.01875
0 0.809765625 0.421875 0.06328125 0.046875
0 0.692578125 0.432421875 0.05234375 0.05859375
0 0.653515625 0.39296875 0.04609375 0.0578125
0 0.595703125 0.5140625 0.05234375 0.053125
0 0.5875 0.46015625 0.0703125 0.0375
0 0.511328125 0.42890625 0.07890625 0.0453125
0 0.417578125 0.512109375 0.08046875 0.04296875
0 0.0765625 0.102734375 0.046875 0.04296875
0 0.07109375 0.13828125 0.034375 0.046875
0 0.11015625 0.130859375 0.0375 0.06328125
0 0.074609375 0.167578125 0.06640625 0.03671875
0 0.2 0.10625 0.05625 0.0375
0 0.16640625 0.123828125 0.0578125 0.02734375
0 0.146484375 0.156640625 0.03203125 0.04296875
0 0.121484375 0.18515625 0.05859375 0.0390625
0 0.21171875 0.146875 0.065625 0.0453125
0 0.177734375 0.171484375 0.04140625 0.04921875
0 0.253125 0.1078125 0.0546875 0.040625
0 0.305078125 0.10703125 0.05859375 0.040625
0 0.369140625 0.110546875 0.07421875 0.04296875
0 0.423828125 0.1609375 0.04453125 0.0484375
0 0.423828125 0.213671875 0.05078125 0.06171875
0 0.3828125 0.211328125 0.0453125 0.06796875
0 0.37578125 0.1546875 0.053125 0.05
0 0.342578125 0.177734375 0.03515625 0.07421875
0 0.31328125 0.146875 0.06875 0.0375
0 0.27265625 0.165625 0.0484375 0.075
0 0.22421875 0.16796875 0.0484375 0.046875
0 0.32578125 0.2765625 0.071875 0.05
0 0.26640625 0.244140625 0.0578125 0.06796875
0 0.238671875 0.2140625 0.06328125 0.04375
0 0.17265625 0.220703125 0.0484375 0.05078125
0 0.19921875 0.21171875 0.04375 0.0640625
0 0.148828125 0.237109375 0.05546875 0.05703125
0 0.098828125 0.220703125 0.04921875 0.03984375
0 0.087109375 0.24765625 0.04453125 0.0453125
0 0.115234375 0.265625 0.03828125 0.0359375
0 0.199609375 0.264453125 0.05859375 0.03359375
0 0.184375 0.29375 0.084375 0.0453125
0 0.080859375 0.289453125 0.03359375 0.03515625
0 0.11484375 0.305078125 0.053125 0.04140625
0 0.085546875 0.324609375 0.05390625 0.03671875
0 0.08828125 0.3625 0.0671875 0.0453125
0 0.095703125 0.41328125 0.07890625 0.053125
0 0.07734375 0.440234375 0.05 0.04609375
0 0.159765625 0.36171875 0.06953125 0.0421875
0 0.19921875 0.34296875 0.0515625 0.0640625
0 0.244140625 0.327734375 0.06328125 0.05703125
0 0.307421875 0.36875 0.07265625 0.046875
0 0.254296875 0.358203125 0.06328125 0.04296875
0 0.254296875 0.405859375 0.07734375 0.06015625
0 0.16328125 0.40546875 0.05 0.0578125
0 0.610546875 0.2625 0.05390625 0.071875
0 0.390625 0.3171875 0.05625 0.065625
0 0.434375 0.28984375 0.040625 0.0578125
0 0.474609375 0.251953125 0.04453125 0.03671875
0 0.625390625 0.34375 0.03515625 0.075
0 0.580078125 0.342578125 0.05859375 0.05859375
0 0.51484375 0.34921875 0.071875 0.0671875
0 0.515234375 0.250390625 0.04140625 0.05078125
0 0.54921875 0.2453125 0.0453125 0.0625
0 0.551953125 0.296484375 0.08828125 0.05078125
0 0.483984375 0.29375 0.06484375 0.0453125
0 0.474609375 0.323046875 0.06171875 0.05859375
0 0.4265625 0.345703125 0.09375 0.05546875
0 0.412109375 0.386328125 0.08203125 0.03515625
0 0.428125 0.43046875 0.059375 0.053125
0 0.41328125 0.467578125 0.06875 0.04609375
0 0.3640625 0.429296875 0.0703125 0.04609375
0 0.356640625 0.4703125 0.04921875 0.0546875
0 0.312890625 0.45625 0.03359375 0.0578125
0 0.98671875 0.478515625 0.0265625 0.04765625
0 0.98828125 0.419921875 0.0234375 0.06484375
0 0.145703125 0.44296875 0.06015625 0.0546875
0 0.114453125 0.465625 0.04296875 0.053125
0 0.076953125 0.493359375 0.05703125 0.04453125
0 0.153515625 0.491015625 0.08515625 0.03984375
0 0.232421875 0.50546875 0.06484375 0.0421875
0 0.16640625 0.521484375 0.0515625 0.03671875
0 0.199609375 0.530078125 0.04453125 0.05078125
0 0.239453125 0.5515625 0.04609375 0.05
0 0.967578125 0.668359375 0.04921875 0.06640625
0 0.659765625 0.63828125 0.06796875 0.05625
0 0.811328125 0.751953125 0.05859375 0.04453125
0 0.77265625 0.729296875 0.0546875 0.04765625
0 0.702734375 0.731640625 0.04609375 0.05859375
0 0.658984375 0.69453125 0.05078125 0.0640625
0 0.94921875 0.909765625 0.0640625 0.04140625
0 0.919140625 0.9 0.04140625 0.0609375
0 0.87421875 0.9078125 0.0546875 0.046875
0 0.86484375 0.884375 0.0734375 0.046875
0 0.57578125 0.75 0.0640625 0.075
0 0.48984375 0.66953125 0.05 0.059375
0 0.386328125 0.580078125 0.05703125 0.06171875
0 0.343359375 0.619921875 0.04453125 0.05546875
0 0.280859375 0.607421875 0.05234375 0.06484375
0 0.24375 0.645703125 0.053125 0.03984375
0 0.1984375 0.580078125 0.0765625 0.04296875
0 0.129296875 0.5453125 0.04296875 0.0625
0 0.1578125 0.566796875 0.0484375 0.05078125
0 0.097265625 0.562109375 0.06328125 0.03828125
0 0.382421875 0.684765625 0.07109375 0.05390625
0 0.4328125 0.741015625 0.0609375 0.06015625
0 0.343359375 0.7546875 0.06953125 0.053125
0 0.301171875 0.781640625 0.08828125 0.05078125
0 0.305859375 0.686328125 0.06484375 0.06953125
0 0.2546875 0.720703125 0.0453125 0.06484375
0 0.298046875 0.73046875 0.06484375 0.0515625
0 0.224609375 0.73203125 0.05234375 0.04375
0 0.69140625 0.9765625 0.04375 0.0453125
0 0.66796875 0.946484375 0.040625 0.04140625
0 0.661328125 0.899609375 0.05859375 0.06640625
0 0.613671875 0.916015625 0.03828125 0.04765625
0 0.559765625 0.84375 0.05078125 0.0640625
0 0.548828125 0.903515625 0.04921875 0.04453125
0 0.505859375 0.893359375 0.04296875 0.05703125
0 0.4609375 0.89609375 0.0515625 0.0515625
0 0.409765625 0.896484375 0.06015625 0.05546875
0 0.379296875 0.89765625 0.04921875 0.053125
0 0.351171875 0.889453125 0.06640625 0.06953125
0 0.326171875 0.8796875 0.07265625 0.0546875
0 0.278125 0.89921875 0.0578125 0.0359375
0 0.269921875 0.87109375 0.04765625 0.04375
0 0.22265625 0.893359375 0.05 0.04140625
0 0.248828125 0.827734375 0.06640625 0.06796875
0 0.215234375 0.8265625 0.05234375 0.0703125
0 0.0828125 0.600390625 0.034375 0.04296875
0 0.11484375 0.60390625 0.03125 0.046875
0 0.148046875 0.605078125 0.04296875 0.04140625
0 0.181640625 0.606640625 0.05859375 0.04609375
0 0.178125 0.640625 0.0640625 0.0390625
0 0.128125 0.641015625 0.0421875 0.04609375
0 0.08515625 0.63359375 0.0421875 0.0484375
0 0.084375 0.68046875 0.0375 0.05625
0 0.11328125 0.68359375 0.05 0.0453125
0 0.166796875 0.67578125 0.07890625 0.0359375
0 0.1671875 0.700390625 0.0875 0.03828125
0 0.0828125 0.734375 0.0546875 0.05
0 0.130859375 0.72890625 0.05078125 0.040625
0 0.190625 0.750390625 0.0703125 0.05390625
0 0.130859375 0.76875 0.04296875 0.0546875
0 0.099609375 0.81015625 0.04765625 0.05625
0 0.1 0.7703125 0.071875 0.05
0 0.12890625 0.81484375 0.05 0.053125
0 0.175390625 0.815625 0.04453125 0.0484375
0 0.1015625 0.853515625 0.053125 0.03203125
0 0.146484375 0.85703125 0.06484375 0.0359375
0 0.1140625 0.890625 0.0484375 0.0421875
0 0.158203125 0.89375 0.07578125 0.040625