0 0.48203125 0.216796875 0.065625 0.06015625
0 0.20859375 0.26875 0.08125 0.0625
0 0.21484375 0.321875 0.0609375 0.0484375
0 0.2796875 0.2890625 0.0703125 0.046875
0 0.27421875 0.330078125 0.0703125 0.04453125
0 0.505859375 0.427734375 0.06015625 0.08046875
0 0.971875 0.41015625 0.05625 0.053125
0 0.282421875 0.56171875 0.08984375 0.0640625
0 0.115625 0.83359375 0.0984375 0.05625
0 0.36953125 0.76953125 0.078125 0.05625
0 0.6171875 0.869140625 0.0796875 0.04921875
0 0.6578125 0.775 0.059375 0.0734375
0 0.72421875 0.712109375 0.0671875 0.05078125
0 0.834375 0.82578125 0.065625 0.0609375
0 0.918359375 0.884375 0.08515625 0.0671875