0 0.731640625 0.85703125 0.04765625 0.05703125
0 0.692578125 0.8078125 0.081640625 0.065234375
0 0.525390625 0.84765625 0.058984375 0.078515625
0 0.48125 0.842578125 0.05625 0.09375
0 0.44765625 0.839453125 0.055078125 0.062890625
0 0.408203125 0.8671875 0.048828125 0.08359375
0 0.3859375 0.88671875 0.0734375 0.0515625
0 0.315625 0.81953125 0.083203125 0.054296875
0 0.429296875 0.718359375 0.055078125 0.078515625
0 0.334375 0.740625 0.059375 0.08828125
0 0.23828125 0.666796875 0.059765625 0.0890625
0 0.028515625 0.70625 0.05703125 0.061328125
0 0.02890625 0.805078125 0.0578125 0.08046875
0 0.08671875 0.863671875 0.058984375 0.097265625
0 0.35625 0.585546875 0.08203125 0.059375
0 0.9328125 0.691015625 0.0796875 0.0484375
0 0.9890625 0.582421875 0.021484375 0.0578125
0 0.98515625 0.501171875 0.0296875 0.057421875
0 0.948828125 0.52578125 0.078125 0.04453125
0 0.877734375 0.614453125 0.071484375 0.057421875
0 0.802734375 0.56875 0.07734375 0.051171875
0 0.458984375 0.504296875 0.0703125 0.065625
0 0.420703125 0.42421875 0.060546875 0.065234375
0 0.3546875 0.365234375 0.06328125 0.068359375
0 0.5734375 0.378125 0.079296875 0.059765625
0 0.95703125 0.303125 0.085546875 0.0515625
0 0.8828125 0.383203125 0.078515625 0.0765625
0 0.81953125 0.33671875 0.083984375 0.05234375
0 0.719140625 0.291015625 0.05703125 0.066015625
0 0.74453125 0.434375 0.070703125 0.08359375
0 0.965625 0.125 0.06875 0.0546875
0 0.958984375 0.17421875 0.08203125 0.046875
0 0.923046875 0.200390625 0.090625 0.08125
0 0.80703125 0.183203125 0.069921875 0.06953125
0 0.648046875 0.228125 0.08046875 0.06953125
0 0.39765625 0.183984375 0.055078125 0.084375
0 0.446484375 0.208984375 0.05078125 0.097265625
0 0.5125 0.175390625 0.056640625 0.07265625
0 0.5125 0.123046875 0.07265625 0.06796875
0 0.615234375 0.12265625 0.0671875 0.06875
0 0.659765625 0.13828125 0.05234375 0.07109375
0 0.907421875 0.126171875 0.0546875 0.076953125
0 0.8859375 0.111328125 0.05234375 0.08046875
0 0.8453125 0.11484375 0.044921875 0.0828125
0 0.80546875 0.125 0.053515625 0.071875
0 0.765625 0.123828125 0.05234375 0.08359375
0 0.714453125 0.12421875 0.05859375 0.068359375
0 0.01640625 0.1171875 0.0328125 0.0890625
0 0.04375 0.178125 0.06796875 0.086328125
0 0.037890625 0.13359375 0.06328125 0.071875
0 0.0859375 0.144921875 0.059765625 0.076171875
0 0.05078125 0.098828125 0.0515625 0.0421875
0 0.09140625 0.104296875 0.05859375 0.057421875
0 0.135546875 0.089453125 0.04453125 0.03046875
0 0.18359375 0.102734375 0.04375 0.05859375
0 0.1390625 0.1234375 0.05703125 0.080078125
0 0.18515625 0.14375 0.07265625 0.0578125
0 0.14609375 0.1796875 0.070703125 0.054296875
0 0.1609375 0.218359375 0.05546875 0.07421875
0 0.209375 0.20078125 0.058984375 0.086328125
0 0.291015625 0.196875 0.066796875 0.07890625
0 0.260546875 0.169921875 0.06953125 0.051953125
0 0.3125 0.159765625 0.05 0.078515625
0 0.342578125 0.136328125 0.0609375 0.04921875
0 0.34609375 0.10546875 0.057421875 0.044140625
0 0.300390625 0.10546875 0.048046875 0.0765625
0 0.25 0.128125 0.0734375 0.04921875
0 0.258984375 0.085546875 0.079296875 0.05546875