0 0.040625 0.126953125 0.078125 0.05703125
0 0.170703125 0.310546875 0.05390625 0.05546875
0 0.561328125 0.1765625 0.05390625 0.053125
0 0.850390625 0.10234375 0.05859375 0.04375
0 0.986328125 0.123828125 0.02734375 0.03828125
0 0.975 0.307421875 0.046875 0.03671875
0 0.27578125 0.6828125 0.0609375 0.0515625
0 0.512109375 0.789453125 0.04296875 0.06328125
0 0.57734375 0.80625 0.0484375 0.059375
0 0.913671875 0.7859375 0.06015625 0.0640625
0 0.074609375 0.96015625 0.04765625 0.0796875
0 0.163671875 0.881640625 0.04609375 0.06484375
0 0.117578125 0.892578125 0.06171875 0.04609375