0 0.978125 0.146484375 0.04375 0.05078125
0 0.960546875 0.095703125 0.07890625 0.04921875
0 0.8609375 0.115234375 0.080859375 0.05078125
0 0.8875 0.14609375 0.05546875 0.07265625
0 0.91171875 0.201171875 0.073046875 0.06875
0 0.965234375 0.448046875 0.06953125 0.060546875
0 0.8109375 0.303515625 0.09609375 0.061328125
0 0.741015625 0.173828125 0.0578125 0.06875
0 0.578515625 0.140625 0.053125 0.07734375
0 0.61875 0.267578125 0.06015625 0.065234375
0 0.731640625 0.3859375 0.05625 0.07578125
0 0.448046875 0.204296875 0.05390625 0.063671875
0 0.401171875 0.1875 0.0640625 0.062109375
0 0.280078125 0.14765625 0.08515625 0.064453125
0 0.176171875 0.151953125 0.0828125 0.07578125
0 0.173828125 0.117578125 0.084375 0.058984375
0 0.45390625 0.302734375 0.046484375 0.083984375
0 0.5265625 0.31015625 0.05390625 0.066796875
0 0.39921875 0.3203125 0.071484375 0.056640625
0 0.49765625 0.390625 0.051953125 0.078125
0 0.5359375 0.45625 0.0671875 0.0734375
0 0.6 0.36484375 0.072265625 0.055859375
0 0.648828125 0.35859375 0.053125 0.07578125
0 0.631640625 0.398828125 0.080859375 0.046875
0 0.6875 0.414453125 0.0546875 0.078125
0 0.66484375 0.453515625 0.051171875 0.06953125
0 0.616015625 0.47109375 0.0671875 0.058203125
0 0.63359375 0.511328125 0.08515625 0.0453125
0 0.710546875 0.4875 0.053125 0.075
0 0.7484375 0.559765625 0.053125 0.0765625
0 0.857421875 0.56171875 0.08984375 0.0484375
0 0.96171875 0.693359375 0.065625 0.061328125
0 0.98046875 0.7671875 0.0390625 0.066015625
0 0.808203125 0.669921875 0.084375 0.055078125
0 0.85546875 0.844921875 0.074609375 0.08046875
0 0.87890625 0.889453125 0.051953125 0.084765625
0 0.77890625 0.8625 0.0640625 0.093359375
0 0.662109375 0.61640625 0.05390625 0.07578125
0 0.6375 0.7171875 0.080859375 0.053515625
0 0.67265625 0.790625 0.079296875 0.062109375
0 0.676171875 0.8359375 0.0671875 0.04375
0 0.66015625 0.865625 0.059375 0.06796875
0 0.55390625 0.779296875 0.05546875 0.083203125
0 0.6015625 0.880078125 0.0671875 0.064453125
0 0.54453125 0.85546875 0.0578125 0.066015625
0 0.540625 0.891796875 0.0578125 0.04765625
0 0.504296875 0.869140625 0.06015625 0.04765625
0 0.480078125 0.840234375 0.05703125 0.055078125
0 0.431640625 0.818359375 0.080078125 0.064453125
0 0.346875 0.821484375 0.050390625 0.06953125
0 0.45234375 0.6359375 0.08359375 0.055859375
0 0.271484375 0.645703125 0.06484375 0.084765625
0 0.140625 0.568359375 0.0828125 0.060546875
0 0.198046875 0.629296875 0.070703125 0.058984375
0 0.12734375 0.75234375 0.09453125 0.05078125
0 0.023828125 0.861328125 0.047265625 0.075
0 0.126171875 0.82578125 0.06640625 0.07109375
0 0.21484375 0.851171875 0.059375 0.07265625
0 0.15625 0.888671875 0.0671875 0.071875
0 0.2390625 0.87109375 0.08984375 0.075
0 0.043359375 0.121875 0.08671875 0.06875
0 0.36484375 0.430859375 0.05 0.083984375
0 0.033984375 0.325390625 0.0609375 0.0703125
0 0.075390625 0.34921875 0.048828125 0.078515625
0 0.116796875 0.339453125 0.059765625 0.0875
0 0.040625 0.372265625 0.08125 0.04765625
0 0.115625 0.421484375 0.069921875 0.05390625
0 0.04296875 0.410546875 0.0859375 0.04921875
0 0.040625 0.4546875 0.08125 0.046875