0 0.98125 0.155078125 0.0375 0.06484375
0 0.830078125 0.243359375 0.06171875 0.08828125
0 0.478515625 0.175 0.07109375 0.091796875
0 0.303125 0.134765625 0.061328125 0.071484375
0 0.33671875 0.114453125 0.071484375 0.06640625
0 0.48203125 0.283203125 0.061328125 0.080078125
0 0.41796875 0.27421875 0.070703125 0.076953125
0 0.376171875 0.258984375 0.06328125 0.086328125
0 0.6171875 0.6953125 0.0625 0.0828125
0 0.341015625 0.704296875 0.0546875 0.072265625
0 0.271875 0.5265625 0.064453125 0.0671875
0 0.3359375 0.535546875 0.062109375 0.067578125
0 0.453515625 0.87109375 0.0640625 0.071484375
0 0.331640625 0.789453125 0.0546875 0.076171875