0 0.034765625 0.288671875 0.06953125 0.06171875
0 0.036328125 0.229296875 0.07265625 0.06015625
0 0.01796875 0.171875 0.0359375 0.07109375
0 0.00859375 0.097265625 0.016796875 0.07265625
0 0.02734375 0.098046875 0.046484375 0.07734375
0 0.058203125 0.14140625 0.05703125 0.07734375
0 0.07421875 0.099609375 0.051953125 0.06953125
0 0.125 0.100390625 0.073828125 0.062890625
0 0.1296875 0.131640625 0.06640625 0.059765625
0 0.11328125 0.176171875 0.08515625 0.075
0 0.064453125 0.205078125 0.074609375 0.05078125
0 0.16328125 0.156640625 0.05390625 0.06953125
0 0.195703125 0.111328125 0.072265625 0.058984375
0 0.24765625 0.12109375 0.05546875 0.089453125
0 0.176953125 0.240625 0.080859375 0.089453125
0 0.29296875 0.227734375 0.078515625 0.092578125
0 0.323828125 0.1 0.079296875 0.054296875
0 0.30234375 0.142578125 0.078515625 0.05234375
0 0.333203125 0.169140625 0.06015625 0.060546875
0 0.359375 0.20390625 0.046484375 0.07734375
0 0.375 0.276953125 0.071484375 0.0515625
0 0.408984375 0.23125 0.069140625 0.06953125
0 0.436328125 0.273046875 0.0625 0.07578125
0 0.390625 0.128515625 0.069140625 0.066015625
0 0.4390625 0.122265625 0.048828125 0.085546875
0 0.4171875 0.157421875 0.0671875 0.058203125
0 0.479296875 0.17421875 0.06171875 0.064453125
0 0.4875 0.24140625 0.06328125 0.084765625
0 0.52890625 0.212109375 0.06484375 0.06953125
0 0.574609375 0.208203125 0.05859375 0.06875
0 0.57890625 0.2515625 0.073046875 0.078125
0 0.631640625 0.202734375 0.068359375 0.063671875
0 0.614453125 0.152734375 0.075390625 0.07578125
0 0.6328125 0.116015625 0.075390625 0.0703125
0 0.66796875 0.144140625 0.044140625 0.095703125
0 0.70546875 0.117578125 0.05703125 0.0703125
0 0.74296875 0.10546875 0.065625 0.056640625
0 0.80703125 0.10234375 0.0671875 0.057421875
0 0.8609375 0.105859375 0.074609375 0.062109375
0 0.715625 0.2484375 0.069140625 0.060546875
0 0.809375 0.221875 0.08515625 0.055859375
0 0.776171875 0.1828125 0.080859375 0.0796875
0 0.761328125 0.15234375 0.072265625 0.062109375
0 0.798046875 0.13359375 0.065625 0.062109375
0 0.827734375 0.17421875 0.059375 0.056640625
0 0.8734375 0.213671875 0.08515625 0.062890625
0 0.858203125 0.271875 0.0578125 0.08125
0 0.91015625 0.277734375 0.06640625 0.06796875
0 0.916796875 0.13125 0.073828125 0.065234375
0 0.95859375 0.269140625 0.048046875 0.083203125
0 0.98359375 0.26171875 0.032421875 0.07578125
0 0.92109375 0.214453125 0.05390625 0.07421875
0 0.946875 0.1734375 0.074609375 0.0984375
0 0.958984375 0.131640625 0.05546875 0.07265625
0 0.967578125 0.1109375 0.05625 0.062890625
0 0.983984375 0.10078125 0.031640625 0.04765625
0 0.983984375 0.1421875 0.031640625 0.056640625
0 0.976171875 0.2046875 0.04765625 0.0546875
0 0.058984375 0.384375 0.074609375 0.062890625
0 0.103515625 0.36171875 0.0671875 0.057421875
0 0.03125 0.5203125 0.0625 0.046875
0 0.009765625 0.63828125 0.01953125 0.0515625
0 0.028125 0.73125 0.05625 0.09765625
0 0.296484375 0.333984375 0.06484375 0.07265625
0 0.23984375 0.405859375 0.075390625 0.0703125
0 0.280859375 0.421484375 0.0578125 0.083984375
0 0.3265625 0.41328125 0.069140625 0.061328125
0 0.413671875 0.351953125 0.076171875 0.060546875
0 0.696484375 0.423046875 0.06328125 0.07578125
0 0.545703125 0.44453125 0.080859375 0.0515625
0 0.621875 0.49375 0.05546875 0.066796875
0 0.84375 0.550390625 0.072265625 0.0515625
0 0.986328125 0.511328125 0.026953125 0.0484375
0 0.98359375 0.67734375 0.032421875 0.064453125
0 0.699609375 0.600390625 0.053125 0.07421875
0 0.80859375 0.688671875 0.0578125 0.075
0 0.584375 0.60859375 0.047265625 0.0765625
0 0.620703125 0.603515625 0.053125 0.08046875
0 0.658203125 0.6234375 0.068359375 0.06953125
0 0.64296875 0.683203125 0.069921875 0.054296875
0 0.40703125 0.556640625 0.073046875 0.060546875
0 0.26484375 0.4859375 0.073828125 0.055859375
0 0.151953125 0.572265625 0.076171875 0.07734375
0 0.2171875 0.580078125 0.08515625 0.0484375
0 0.13359375 0.720703125 0.076171875 0.061328125
0 0.32734375 0.7078125 0.059375 0.093359375
0 0.1359375 0.887109375 0.06484375 0.084765625
0 0.258984375 0.87578125 0.073828125 0.057421875
0 0.296875 0.815234375 0.075390625 0.066015625
0 0.458203125 0.74765625 0.05625 0.06953125
0 0.409375 0.735546875 0.05859375 0.071875
0 0.38359375 0.76328125 0.065625 0.057421875
0 0.3859375 0.80390625 0.075390625 0.0484375
0 0.3828125 0.866796875 0.0625 0.066796875
0 0.4046875 0.83828125 0.051953125 0.061328125
0 0.431640625 0.88125 0.059375 0.05078125
0 0.439453125 0.835546875 0.043359375 0.04765625
0 0.47265625 0.881640625 0.049609375 0.055078125
0 0.515625 0.880859375 0.05625 0.053515625
0 0.46015625 0.806640625 0.048828125 0.04921875
0 0.4890625 0.762109375 0.06328125 0.053515625
0 0.500390625 0.8078125 0.049609375 0.046875
0 0.48359375 0.840234375 0.0578125 0.037109375
0 0.527734375 0.846875 0.05625 0.03984375
0 0.567578125 0.87890625 0.06171875 0.05078125
0 0.52734375 0.768359375 0.05703125 0.04453125
0 0.53671875 0.80703125 0.051171875 0.0421875
0 0.56484375 0.823828125 0.046484375 0.061328125
0 0.59296875 0.857421875 0.051171875 0.0734375
0 0.55 0.73359375 0.068359375 0.04921875
0 0.580078125 0.7703125 0.0609375 0.05
0 0.6046875 0.796875 0.0640625 0.055078125
0 0.621875 0.826171875 0.047265625 0.0734375
0 0.6515625 0.87265625 0.074609375 0.058984375
0 0.655859375 0.8234375 0.051953125 0.057421875
0 0.66328125 0.7875 0.059375 0.062109375
0 0.6828125 0.7578125 0.0625 0.063671875
0 0.7078125 0.8296875 0.048828125 0.07890625
0 0.725390625 0.782421875 0.06484375 0.0515625
0 0.770703125 0.79453125 0.0546875 0.0765625
0 0.74921875 0.848046875 0.048046875 0.07890625
0 0.799609375 0.86875 0.072265625 0.0515625
0 0.845703125 0.834375 0.06484375 0.0484375
0 0.9234375 0.87734375 0.076953125 0.063671875
0 0.845703125 0.766796875 0.05703125 0.075
0 0.921484375 0.75390625 0.073828125 0.055859375
0 0.934765625 0.798046875 0.05546875 0.054296875
0 0.916796875 0.814453125 0.080078125 0.059765625
0 0.984375 0.8234375 0.03125 0.0546875