0 0.021484375 0.9015625 0.04296875 0.0703125
0 0.3046875 0.8875 0.049609375 0.07890625
0 0.342578125 0.887109375 0.0640625 0.08125
0 0.363671875 0.912890625 0.05703125 0.0484375
0 0.4140625 0.901953125 0.069140625 0.064453125
0 0.365625 0.778125 0.069140625 0.066015625
0 0.473828125 0.671875 0.06640625 0.058984375
0 0.591015625 0.730078125 0.08359375 0.055078125
0 0.527734375 0.833984375 0.069140625 0.063671875
0 0.65078125 0.88984375 0.050390625 0.087109375
0 0.934375 0.708203125 0.0625 0.05234375
0 0.908984375 0.803125 0.070703125 0.07421875
0 0.72578125 0.737890625 0.05625 0.0796875
0 0.77890625 0.823828125 0.059375 0.07578125