0 0.987890625 0.705078125 0.02421875 0.04921875
0 0.9734375 0.632421875 0.053125 0.06640625
0 0.8609375 0.659765625 0.059375 0.0796875
0 0.7359375 0.83046875 0.07109375 0.069921875
0 0.426171875 0.826953125 0.0609375 0.064453125
0 0.10078125 0.753125 0.0796875 0.069140625
0 0.366015625 0.55078125 0.062109375 0.098828125
0 0.31640625 0.4953125 0.056640625 0.08359375
0 0.030859375 0.278125 0.06171875 0.0734375
0 0.198046875 0.240625 0.074609375 0.073046875
0 0.355078125 0.178125 0.079296875 0.06171875
0 0.599609375 0.192578125 0.090625 0.066796875