0 0.10546875 0.25859375 0.09453125 0.108203125
0 0.3859375 0.195703125 0.05859375 0.05625
0 0.363671875 0.233203125 0.072265625 0.059765625
0 0.433984375 0.247265625 0.067578125 0.0671875
0 0.444921875 0.401171875 0.080859375 0.055078125
0 0.34765625 0.34921875 0.080859375 0.06015625
0 0.36171875 0.431640625 0.0828125 0.053515625
0 0.978125 0.577734375 0.04375 0.07578125
0 0.95859375 0.65234375 0.07421875 0.055859375
0 0.93984375 0.680859375 0.08671875 0.046875
0 0.7125 0.61796875 0.051171875 0.078125
0 0.61796875 0.72109375 0.061328125 0.0859375
0 0.690625 0.836328125 0.0796875 0.0640625
0 0.520703125 0.687109375 0.05859375 0.075
0 0.515625 0.7734375 0.05703125 0.0890625
0 0.6109375 0.865234375 0.08125 0.07421875
0 0.546484375 0.907421875 0.094921875 0.063671875
0 0.14765625 0.874609375 0.06171875 0.03828125
0 0.279296875 0.73359375 0.083984375 0.07265625