0 0.584375 0.816796875 0.071875 0.069140625
0 0.683203125 0.86484375 0.06171875 0.087109375
0 0.7859375 0.843359375 0.0734375 0.075390625
0 0.425390625 0.828125 0.07890625 0.0734375
0 0.515234375 0.86875 0.055859375 0.087109375
0 0.54296875 0.8921875 0.0703125 0.069921875
0 0.62265625 0.5484375 0.0828125 0.05859375
0 0.762890625 0.492578125 0.06953125 0.091796875
0 0.566015625 0.3296875 0.066796875 0.0765625
0 0.617578125 0.271484375 0.064453125 0.08046875
0 0.250390625 0.43125 0.062109375 0.08828125
0 0.349609375 0.227734375 0.07265625 0.07734375
0 0.039453125 0.121484375 0.07890625 0.06328125
0 0.08828125 0.368359375 0.07421875 0.103125
0 0.03046875 0.525390625 0.0609375 0.079296875
0 0.073828125 0.6328125 0.068359375 0.0859375
0 0.05703125 0.846875 0.0921875 0.06171875
0 0.958203125 0.6359375 0.075390625 0.07109375
0 0.918359375 0.70078125 0.080859375 0.056640625