0 0.573046875 0.616796875 0.05390625 0.06953125
0 0.698828125 0.444921875 0.04765625 0.07265625
0 0.750390625 0.3734375 0.04609375 0.0765625
0 0.99375 0.876171875 0.0125 0.03828125
0 0.99140625 0.612109375 0.0171875 0.02890625
0 0.961328125 0.394140625 0.07734375 0.04765625
0 0.94921875 0.871484375 0.0484375 0.07578125
0 0.908984375 0.8671875 0.03828125 0.09375
0 0.880078125 0.890234375 0.04296875 0.07734375
0 0.7265625 0.95078125 0.0390625 0.0609375
0 0.716796875 0.78828125 0.09921875 0.0578125
0 0.71953125 0.841015625 0.046875 0.04921875
0 0.7375 0.887109375 0.075 0.03828125
0 0.60390625 0.866796875 0.0765625 0.08359375
0 0.575 0.84375 0.046875 0.0734375
0 0.520703125 0.8796875 0.05546875 0.053125
0 0.47421875 0.7984375 0.08125 0.040625
0 0.465625 0.844140625 0.0484375 0.06171875
0 0.454296875 0.891015625 0.05390625 0.04609375
0 0.402734375 0.883203125 0.05546875 0.03984375
0 0.328125 0.95 0.0234375 0.0578125
0 0.2984375 0.916796875 0.01875 0.01484375
0 0.362109375 0.809375 0.03671875 0.0609375
0 0.401953125 0.78359375 0.04921875 0.0375
0 0.83203125 0.354296875 0.0875 0.04296875
0 0.910546875 0.326171875 0.05859375 0.06484375
0 0.936328125 0.303125 0.06953125 0.0609375
0 0.959375 0.23984375 0.05625 0.0484375
0 0.9859375 0.20703125 0.028125 0.0328125
0 0.995703125 0.153125 0.00859375 0.03125
0 0.989453125 0.1078125 0.02109375 0.0515625
0 0.962109375 0.159765625 0.04140625 0.06484375
0 0.9375 0.1046875 0.0609375 0.0625
0 0.91953125 0.155078125 0.053125 0.06171875
0 0.8828125 0.2015625 0.071875 0.0546875
0 0.8765625 0.098828125 0.04375 0.07578125
0 0.838671875 0.119140625 0.04296875 0.07109375
0 0.807421875 0.106640625 0.04453125 0.06171875
0 0.7859375 0.14609375 0.0734375 0.0484375
0 0.7015625 0.097265625 0.078125 0.05078125
0 0.55859375 0.23515625 0.0484375 0.059375
0 0.616796875 0.205859375 0.06171875 0.04609375
0 0.629296875 0.176953125 0.06484375 0.03984375
0 0.605859375 0.137890625 0.05234375 0.06015625
0 0.549609375 0.106640625 0.03828125 0.06953125
0 0.526953125 0.1828125 0.06171875 0.065625
0 0.49375 0.10234375 0.05625 0.0609375
0 0.48515625 0.174609375 0.0296875 0.06953125
0 0.451171875 0.18984375 0.04296875 0.071875
0 0.415234375 0.2078125 0.05703125 0.05625
0 0.352734375 0.237890625 0.06640625 0.06328125
0 0.359765625 0.17734375 0.03203125 0.06875
0 0.31328125 0.182421875 0.0546875 0.05703125
0 0.30234375 0.216015625 0.0515625 0.04765625
0 0.268359375 0.165234375 0.06953125 0.04765625
0 0.280859375 0.110546875 0.06171875 0.06953125
0 0.219140625 0.10703125 0.06953125 0.0578125
0 0.169921875 0.10625 0.05703125 0.0453125
0 0.121484375 0.10859375 0.04921875 0.0546875
0 0.06953125 0.1203125 0.0546875 0.04375
0 0.0546875 0.156640625 0.0640625 0.04609375
0 0.232421875 0.373828125 0.06015625 0.05390625
0 0.332421875 0.30625 0.05234375 0.0484375
0 0.28828125 0.287890625 0.053125 0.07890625
0 0.197265625 0.29453125 0.05546875 0.059375
0 0.189453125 0.252734375 0.07421875 0.03515625
0 0.109375 0.23125 0.078125 0.0484375
0 0.117578125 0.191015625 0.07421875 0.04921875
0 0.190625 0.15859375 0.0375 0.05625
0 0.22109375 0.161328125 0.046875 0.06015625
0 0.012890625 0.255859375 0.02421875 0.06328125
0 0.05234375 0.712109375 0.053125 0.03515625
0 0.301953125 0.7796875 0.06328125 0.0375
0 0.255078125 0.75 0.06796875 0.0359375
0 0.3171875 0.735546875 0.08125 0.04609375
0 0.3171875 0.8859375 0.05625 0.0578125
0 0.27578125 0.853125 0.0671875 0.0578125
0 0.166015625 0.83046875 0.060546875 0.055859375
0 0.185546875 0.78125 0.04765625 0.0515625
0 0.11328125 0.774609375 0.053125 0.04453125
0 0.04375 0.77265625 0.0734375 0.0578125
0 0.126953125 0.86484375 0.03828125 0.08125
0 0.094921875 0.81875 0.05703125 0.04375
0 0.049609375 0.829296875 0.04765625 0.04921875
0 0.008984375 0.813671875 0.01484375 0.06484375
0 0.025 0.882421875 0.040625 0.04921875
0 0.0484375 0.86015625 0.0515625 0.040625
0 0.05078125 0.827734375 0.0453125 0.05859375
0 0.862890625 0.2859375 0.05390625 0.065625
0 0.790625 0.244140625 0.0484375 0.05859375
0 0.75390625 0.21015625 0.08125 0.065625
0 0.187890625 0.871875 0.046875 0.0671875
0 0.215625 0.83984375 0.048828125 0.05390625