0 0.405078125 0.822265625 0.040234375 0.0671875
0 0.44140625 0.838671875 0.05859375 0.0703125
0 0.27890625 0.824609375 0.056640625 0.04765625
0 0.246484375 0.86875 0.047265625 0.057421875
0 0.16796875 0.141796875 0.0484375 0.042578125
0 0.179296875 0.113671875 0.03359375 0.044921875
0 0.15625 0.11484375 0.025 0.05625
0 0.15546875 0.16953125 0.03984375 0.05234375
0 0.2125 0.120703125 0.0578125 0.045703125
0 0.225 0.109765625 0.0375 0.061328125
0 0.253125 0.11640625 0.045703125 0.06015625
0 0.21484375 0.156640625 0.06328125 0.0421875
0 0.19296875 0.189453125 0.05703125 0.048046875
0 0.15625 0.21015625 0.046875 0.05234375
0 0.28828125 0.20390625 0.055859375 0.047265625
0 0.298828125 0.159375 0.064453125 0.055078125
0 0.301171875 0.1 0.04609375 0.05
0 0.389453125 0.132421875 0.059765625 0.048046875
0 0.437109375 0.114453125 0.055859375 0.077734375
0 0.4671875 0.095703125 0.085546875 0.06796875
0 0.3828125 0.09296875 0.03984375 0.03671875
0 0.407421875 0.0921875 0.026953125 0.03203125
0 0.340625 0.098046875 0.05703125 0.06171875
0 0.496875 0.4203125 0.05546875 0.0453125
0 0.538671875 0.45234375 0.050390625 0.0453125
0 0.490625 0.463671875 0.044140625 0.05390625
0 0.45546875 0.441015625 0.04375 0.0578125
0 0.451953125 0.473828125 0.046484375 0.055859375
0 0.453125 0.51875 0.069921875 0.0453125
0 0.494140625 0.504296875 0.065625 0.041015625
0 0.519921875 0.533984375 0.05078125 0.059375
0 0.300390625 0.396875 0.0625 0.05
0 0.242578125 0.39921875 0.062109375 0.0453125
0 0.28046875 0.43359375 0.05625 0.0625
0 0.21953125 0.444140625 0.057421875 0.0609375
0 0.2453125 0.55859375 0.067578125 0.043359375
0 0.255078125 0.60546875 0.066796875 0.046875
0 0.217578125 0.629296875 0.055078125 0.036328125
0 0.2625 0.6421875 0.0546875 0.048828125
0 0.169921875 0.34140625 0.044140625 0.0625
0 0.21171875 0.340234375 0.0609375 0.0671875
0 0.151953125 0.423828125 0.08515625 0.051171875
0 0.153125 0.42734375 0.0359375 0.0625
0 0.156640625 0.47734375 0.079296875 0.04296875
0 0.15234375 0.517578125 0.04765625 0.0578125
0 0.205078125 0.5234375 0.058984375 0.066015625
0 0.203125 0.580859375 0.052734375 0.0546875
0 0.174609375 0.629296875 0.04453125 0.05234375
0 0.237109375 0.6578125 0.0515625 0.0328125
0 0.2 0.644140625 0.037109375 0.03359375
0 0.171484375 0.677734375 0.048046875 0.06328125
0 0.215625 0.67578125 0.05 0.042578125
0 0.259375 0.688671875 0.0640625 0.0484375
0 0.208984375 0.7015625 0.057421875 0.03125
0 0.191015625 0.802734375 0.044921875 0.04375
0 0.160546875 0.802734375 0.036328125 0.05625
0 0.17890625 0.76953125 0.0453125 0.029296875
0 0.213671875 0.788671875 0.038671875 0.0453125
0 0.252734375 0.778125 0.04921875 0.060546875
0 0.22109375 0.755859375 0.033984375 0.051171875
0 0.2203125 0.725390625 0.05390625 0.02890625
0 0.20078125 0.7515625 0.024609375 0.03984375
0 0.176953125 0.7328125 0.04609375 0.052734375
0 0.15859375 0.74609375 0.02109375 0.052734375
0 0.267578125 0.73046875 0.050390625 0.041796875
0 0.296484375 0.70234375 0.05390625 0.0609375
0 0.1875 0.8484375 0.057421875 0.03515625
0 0.171484375 0.87265625 0.03671875 0.03203125
0 0.21015625 0.8640625 0.047265625 0.051953125
0 0.829296875 0.841796875 0.061328125 0.044921875
0 0.915625 0.80390625 0.05703125 0.05234375
0 0.895703125 0.826953125 0.064453125 0.05078125
0 0.866796875 0.853515625 0.058984375 0.056640625
0 0.86171875 0.89375 0.04140625 0.05625
0 0.895703125 0.890625 0.036328125 0.044921875
0 0.9125 0.8671875 0.0515625 0.040625
0 0.928125 0.8828125 0.03984375 0.065234375
0 0.965625 0.88046875 0.05546875 0.05390625
0 0.930078125 0.59296875 0.0578125 0.05859375
0 0.826171875 0.671875 0.058203125 0.063671875
0 0.707421875 0.459375 0.06640625 0.05
0 0.982421875 0.10546875 0.03515625 0.0484375
0 0.8734375 0.22421875 0.0484375 0.059765625
0 0.918359375 0.256640625 0.0578125 0.051171875
0 0.928515625 0.096875 0.066796875 0.04765625
0 0.941015625 0.12890625 0.03984375 0.072265625
0 0.895703125 0.175 0.059765625 0.05546875
0 0.876953125 0.10546875 0.035546875 0.056640625
0 0.816015625 0.105859375 0.0359375 0.06484375
0 0.847265625 0.116015625 0.03984375 0.0609375
0 0.6421875 0.2046875 0.067578125 0.053125
0 0.803125 0.15546875 0.065625 0.05390625
0 0.775390625 0.0921875 0.044921875 0.057421875
0 0.59765625 0.144140625 0.049609375 0.044921875
0 0.754296875 0.14296875 0.040625 0.05859375
0 0.71328125 0.09140625 0.04296875 0.056640625
0 0.7265625 0.112890625 0.05078125 0.060546875
0 0.684765625 0.1296875 0.0609375 0.0421875
0 0.63359375 0.14375 0.03984375 0.064453125
0 0.666015625 0.14453125 0.044921875 0.06640625
0 0.67734375 0.09375 0.049609375 0.0328125
0 0.6375 0.113671875 0.047265625 0.039453125
0 0.6265625 0.090625 0.061328125 0.03828125