0 0.02890625 0.13125 0.0578125 0.0734375
0 0.06640625 0.3421875 0.075 0.058984375
0 0.282421875 0.33046875 0.056640625 0.058984375
0 0.130078125 0.60859375 0.084375 0.059375
0 0.022265625 0.576953125 0.04453125 0.057421875
0 0.06171875 0.560546875 0.070703125 0.07578125
0 0.020703125 0.51640625 0.04140625 0.0609375
0 0.257421875 0.2140625 0.06953125 0.04765625
0 0.1203125 0.1546875 0.077734375 0.066015625
0 0.11015625 0.10234375 0.0890625 0.0578125
0 0.166015625 0.127734375 0.069921875 0.066796875
0 0.276953125 0.12421875 0.0796875 0.06015625
0 0.340234375 0.173046875 0.065234375 0.074609375
0 0.43125 0.18984375 0.0640625 0.058984375
0 0.714453125 0.5265625 0.061328125 0.062890625
0 0.8609375 0.586328125 0.074609375 0.05390625
0 0.912890625 0.41015625 0.08203125 0.043359375
0 0.951953125 0.30546875 0.08046875 0.06640625
0 0.84375 0.198046875 0.080078125 0.0625
0 0.661328125 0.199609375 0.087109375 0.05625
0 0.64140625 0.2640625 0.091015625 0.05390625
0 0.69140625 0.124609375 0.04609375 0.0828125
0 0.772265625 0.115625 0.0703125 0.059765625
0 0.027734375 0.752734375 0.05546875 0.071484375
0 0.010546875 0.84609375 0.02109375 0.053125
0 0.083203125 0.86328125 0.065625 0.0765625
0 0.106640625 0.79140625 0.060546875 0.066796875
0 0.321875 0.794921875 0.081640625 0.076953125
0 0.455859375 0.749609375 0.053515625 0.094140625
0 0.798046875 0.612890625 0.050390625 0.0859375
0 0.908984375 0.658984375 0.05859375 0.076171875
0 0.769140625 0.715234375 0.0734375 0.0578125