0 0.74765625 0.6328125 0.07265625 0.085546875
0 0.971484375 0.71484375 0.05703125 0.078125
0 0.59375 0.710546875 0.10078125 0.072265625
0 0.583203125 0.796484375 0.05 0.091796875
0 0.618359375 0.811328125 0.0625 0.074609375
0 0.51171875 0.863671875 0.100390625 0.0640625
0 0.812890625 0.79140625 0.066796875 0.072265625
0 0.748046875 0.81171875 0.055859375 0.065625
0 0.7171875 0.843359375 0.048828125 0.0796875
0 0.86484375 0.801171875 0.0484375 0.069140625
0 0.858984375 0.907421875 0.046484375 0.05546875
0 0.775390625 0.901953125 0.066796875 0.06015625
0 0.72734375 0.903515625 0.066015625 0.06015625
0 0.774609375 0.860546875 0.084765625 0.034765625
0 0.7890625 0.83046875 0.04765625 0.030859375
0 0.830078125 0.855078125 0.048046875 0.076171875
0 0.81171875 0.89375 0.0625 0.059375
0 0.90078125 0.858984375 0.054296875 0.0546875
0 0.902734375 0.906640625 0.050390625 0.051953125
0 0.952734375 0.915234375 0.04921875 0.049609375
0 0.940625 0.870703125 0.040234375 0.058203125
0 0.9734375 0.872265625 0.052734375 0.06640625
0 0.986328125 0.83359375 0.026953125 0.045703125
0 0.58671875 0.90234375 0.08046875 0.0515625
0 0.4234375 0.88515625 0.080078125 0.068359375
0 0.683203125 0.983984375 0.02578125 0.03203125
0 0.46640625 0.90234375 0.066796875 0.044140625
0 0.380859375 0.80078125 0.09296875 0.062890625
0 0.3859375 0.86953125 0.055078125 0.08671875
0 0.3359375 0.89140625 0.067578125 0.06484375
0 0.293359375 0.89609375 0.061328125 0.04765625
0 0.482421875 0.598828125 0.06015625 0.077734375
0 0.426171875 0.625390625 0.0875 0.05546875
0 0.4421875 0.670703125 0.105859375 0.05
0 0.49140625 0.69921875 0.088671875 0.064453125
0 0.39609375 0.737109375 0.058984375 0.081640625
0 0.33515625 0.68125 0.08359375 0.064453125
0 0.101171875 0.093359375 0.0265625 0.056640625
0 0.12109375 0.094140625 0.0375 0.0640625
0 0.2296875 0.07578125 0.05234375 0.07578125
0 0.2765625 0.069140625 0.059765625 0.0625
0 0.262109375 0.121875 0.05546875 0.0546875
0 0.30390625 0.138671875 0.0671875 0.0875
0 0.3328125 0.10546875 0.052734375 0.069140625
0 0.343359375 0.06328125 0.04296875 0.0515625
0 0.3796875 0.075 0.054296875 0.07109375
0 0.38984375 0.138671875 0.090234375 0.064453125
0 0.4828125 0.119140625 0.0984375 0.0625
0 0.42421875 0.073828125 0.057421875 0.07265625
0 0.46171875 0.06171875 0.078515625 0.038671875
0 0.54296875 0.056640625 0.066796875 0.05625
0 0.516796875 0.086328125 0.0671875 0.051171875
0 0.438671875 0.159765625 0.0671875 0.060546875
0 0.31328125 0.230859375 0.08828125 0.08359375
0 0.098828125 0.18203125 0.052734375 0.0703125
0 0.1046875 0.13828125 0.060546875 0.04453125
0 0.14375 0.201171875 0.0640625 0.058984375
0 0.103515625 0.271484375 0.07734375 0.079296875
0 0.13046875 0.290234375 0.04765625 0.083984375
0 0.16796875 0.280078125 0.065625 0.07265625
0 0.441796875 0.287890625 0.0953125 0.06171875
0 0.373046875 0.31484375 0.087890625 0.072265625
0 0.423046875 0.348828125 0.06796875 0.061328125
0 0.1203125 0.355859375 0.070703125 0.048828125
0 0.2 0.355078125 0.08359375 0.0609375
0 0.13984375 0.3953125 0.08671875 0.057421875
0 0.255078125 0.47265625 0.06640625 0.087890625
0 0.288671875 0.394921875 0.09296875 0.06875
0 0.34609375 0.398828125 0.044921875 0.06875
0 0.393359375 0.408984375 0.062890625 0.069140625
0 0.45234375 0.4015625 0.079296875 0.0484375
0 0.4640625 0.364453125 0.0765625 0.045703125
0 0.337109375 0.567578125 0.059375 0.09296875
0 0.375390625 0.485546875 0.080859375 0.065625
0 0.433984375 0.503125 0.08125 0.05703125
0 0.45390625 0.546484375 0.090234375 0.05546875
0 0.286328125 0.622265625 0.0890625 0.0546875
0 0.27109375 0.866796875 0.05234375 0.09140625
0 0.312890625 0.766796875 0.0765625 0.057421875
0 0.355078125 0.7359375 0.048828125 0.078125
0 0.208203125 0.832421875 0.066796875 0.03515625
0 0.234765625 0.894140625 0.048828125 0.038671875
0 0.2234375 0.864453125 0.062109375 0.0453125
0 0.200390625 0.897265625 0.04375 0.035546875
0 0.25859375 0.586328125 0.083984375 0.067578125
0 0.068359375 0.48125 0.044140625 0.0546875
0 0.1109375 0.447265625 0.080859375 0.064453125
0 0.184765625 0.4328125 0.07265625 0.066015625
0 0.091796875 0.589453125 0.047265625 0.05234375
0 0.225390625 0.555859375 0.094921875 0.066015625
0 0.179296875 0.63203125 0.0640625 0.0421875
0 0.103515625 0.675390625 0.091796875 0.076171875
0 0.265625 0.733203125 0.084765625 0.04375
0 0.276171875 0.70234375 0.065625 0.04765625
0 0.263671875 0.797265625 0.06796875 0.06484375
0 0.101171875 0.7203125 0.066015625 0.0515625
0 0.09140625 0.75859375 0.041796875 0.046875
0 0.18671875 0.4875 0.07265625 0.037109375
0 0.2171875 0.525390625 0.07421875 0.059375
0 0.153515625 0.546484375 0.064453125 0.042578125
0 0.187890625 0.700390625 0.07109375 0.046875
0 0.182421875 0.67265625 0.053125 0.03203125
0 0.229296875 0.649609375 0.054296875 0.059375
0 0.271484375 0.65625 0.072265625 0.04609375
0 0.15703125 0.891796875 0.052734375 0.03125
0 0.107421875 0.854296875 0.04140625 0.062890625
0 0.09921875 0.805078125 0.0375 0.03359375
0 0.13671875 0.799609375 0.0375 0.040625
0 0.113671875 0.774609375 0.03125 0.04765625
0 0.843359375 0.38515625 0.052734375 0.07890625
0 0.890625 0.389453125 0.05546875 0.080859375
0 0.8421875 0.23671875 0.075390625 0.080859375
0 0.88984375 0.290234375 0.056640625 0.075390625
0 0.94375 0.272265625 0.0546875 0.073046875
0 0.9828125 0.249609375 0.034375 0.06953125
0 0.622265625 0.3375 0.070703125 0.07109375
0 0.65234375 0.21796875 0.08671875 0.05625
0 0.726953125 0.238671875 0.080859375 0.0609375
0 0.67109375 0.274609375 0.05 0.078125
0 0.76796875 0.274609375 0.0734375 0.059765625
0 0.773828125 0.31875 0.0875 0.053515625
0 0.691015625 0.3359375 0.075 0.055078125
0 0.66640625 0.380078125 0.059765625 0.081640625
0 0.738671875 0.380859375 0.073828125 0.067578125
0 0.841796875 0.5109375 0.05546875 0.073828125
0 0.792578125 0.49140625 0.058984375 0.051953125
0 0.813671875 0.456640625 0.076953125 0.048046875
0 0.750390625 0.442578125 0.058203125 0.06796875
0 0.743359375 0.51328125 0.08125 0.0640625
0 0.7234375 0.484765625 0.06796875 0.05
0 0.93046875 0.095703125 0.081640625 0.08515625
0 0.83828125 0.094140625 0.076953125 0.109765625
0 0.878515625 0.066015625 0.078125 0.063671875
0 0.783203125 0.05234375 0.069140625 0.05078125
0 0.784765625 0.095703125 0.06171875 0.06015625
0 0.803515625 0.15859375 0.0609375 0.08125
0 0.66015625 0.06328125 0.05390625 0.061328125
0 0.71015625 0.069140625 0.040625 0.06484375
0 0.741015625 0.07109375 0.0390625 0.056640625
0 0.74921875 0.12734375 0.06640625 0.06328125
0 0.687109375 0.10859375 0.051953125 0.079296875
0 0.569921875 0.10234375 0.062109375 0.0921875
0 0.61484375 0.071875 0.047265625 0.0484375
0 0.63046875 0.14453125 0.0734375 0.060546875
0 0.616796875 0.11328125 0.07265625 0.05
0 0.503125 0.20546875 0.0921875 0.06640625
0 0.574609375 0.207421875 0.063671875 0.063671875
0 0.56171875 0.26171875 0.084765625 0.075
0 0.315234375 0.448828125 0.06640625 0.0625
0 0.08125 0.54609375 0.037890625 0.05546875
0 0.08515625 0.50703125 0.05859375 0.043359375
0 0.131640625 0.5125 0.03984375 0.044921875
0 0.11484375 0.53828125 0.041015625 0.03515625
0 0.1609375 0.516015625 0.039453125 0.02421875
0 0.18046875 0.4953125 0.05546875 0.023828125
0 0.199609375 0.480078125 0.051171875 0.0234375
0 0.15390625 0.5953125 0.06640625 0.056640625
0 0.128125 0.61796875 0.0453125 0.0359375
0 0.2359375 0.69375 0.04296875 0.037109375
0 0.22578125 0.77421875 0.0671875 0.058203125
0 0.215234375 0.801171875 0.042578125 0.0296875
0 0.173046875 0.869140625 0.04921875 0.033203125
0 0.144921875 0.86171875 0.034375 0.032421875
0 0.15390625 0.822265625 0.02578125 0.05625
0 0.18203125 0.825 0.035546875 0.0546875
0 0.134765625 0.8328125 0.03828125 0.033984375
0 0.1609375 0.751171875 0.06015625 0.037890625
0 0.1703125 0.783984375 0.053515625 0.031640625
0 0.207421875 0.7390625 0.05 0.033203125
0 0.203125 0.598828125 0.05859375 0.04453125
0 0.4734375 0.44921875 0.0609375 0.06953125
0 0.195703125 0.09140625 0.0484375 0.06328125
0 0.1578125 0.119140625 0.051953125 0.07421875
0 0.15546875 0.082421875 0.0453125 0.03125
0 0.903515625 0.139453125 0.064453125 0.071484375
0 0.8640625 0.855078125 0.036328125 0.04765625