0 0.018359375 0.239453125 0.03515625 0.05546875
0 0.1515625 0.289453125 0.0765625 0.05546875
0 0.315234375 0.138671875 0.07890625 0.05078125
0 0.49296875 0.194921875 0.0703125 0.05078125
0 0.528515625 0.134765625 0.06328125 0.06015625
0 0.565234375 0.19296875 0.06015625 0.05
0 0.74140625 0.10546875 0.065625 0.0484375
0 0.842578125 0.14296875 0.05703125 0.0453125
0 0.926171875 0.21171875 0.05078125 0.0671875
0 0.962890625 0.2796875 0.07265625 0.059375
0 0.585546875 0.31640625 0.07421875 0.0625
0 0.66015625 0.366015625 0.075 0.04921875
0 0.928515625 0.405859375 0.08359375 0.05546875
0 0.81640625 0.48203125 0.0515625 0.078125
0 0.95390625 0.601171875 0.071875 0.05859375
0 0.7546875 0.54140625 0.05625 0.0703125
0 0.683984375 0.574609375 0.05703125 0.07578125
0 0.620703125 0.5140625 0.07109375 0.0484375
0 0.484375 0.423046875 0.0609375 0.04765625
0 0.391796875 0.3875 0.05078125 0.0640625
0 0.329296875 0.433984375 0.06484375 0.06015625
0 0.288671875 0.4703125 0.06328125 0.046875
0 0.112890625 0.401171875 0.06328125 0.07109375
0 0.16875 0.403125 0.0625 0.05
0 0.140234375 0.6171875 0.06328125 0.0640625
0 0.259765625 0.629296875 0.07109375 0.04453125
0 0.398046875 0.60234375 0.04765625 0.0671875
0 0.31640625 0.68671875 0.0453125 0.0703125
0 0.359375 0.73828125 0.0640625 0.0703125
0 0.50390625 0.805078125 0.065625 0.05703125
0 0.624609375 0.726171875 0.06484375 0.05546875
0 0.715625 0.753125 0.0640625 0.0484375
0 0.762109375 0.73125 0.04453125 0.0671875
0 0.821875 0.740234375 0.071875 0.04921875
0 0.9046875 0.744140625 0.053125 0.07578125
0 0.9625 0.81171875 0.075 0.059375
0 0.8328125 0.819140625 0.0671875 0.05390625
0 0.8375 0.8703125 0.0578125 0.0625
0 0.88359375 0.870703125 0.0453125 0.07890625
0 0.35703125 0.88359375 0.0734375 0.0734375
0 0.277734375 0.8734375 0.06796875 0.084375
0 0.235546875 0.848828125 0.04140625 0.05703125
0 0.1890625 0.8796875 0.053125 0.0484375
0 0.0890625 0.7484375 0.0453125 0.0796875
0 0.10390625 0.955078125 0.05625 0.08046875
0 0.748046875 0.21640625 0.08203125 0.0671875
0 0.02734375 0.78515625 0.0546875 0.05859375
0 0.687109375 0.828125 0.090625 0.064453125
0 0.874609375 0.97734375 0.090625 0.044921875
0 0.026953125 0.621875 0.05390625 0.0546875
0 0.0171875 0.535546875 0.034375 0.03828125