0 0.960546875 0.08671875 0.041796875 0.082421875
0 0.982421875 0.122265625 0.03515625 0.0796875
0 0.8953125 0.062109375 0.046484375 0.08046875
0 0.921875 0.09609375 0.045703125 0.090234375
0 0.8734375 0.1109375 0.051171875 0.10234375
0 0.96640625 0.190234375 0.066796875 0.092578125
0 0.9609375 0.253515625 0.078125 0.062109375
0 0.783984375 0.06328125 0.05859375 0.059375
0 0.83671875 0.063671875 0.0578125 0.06640625
0 0.7875 0.10859375 0.062890625 0.065625
0 0.70390625 0.045703125 0.07421875 0.051171875
0 0.72578125 0.09375 0.08203125 0.064453125
0 0.642578125 0.149609375 0.07578125 0.0671875
0 0.46796875 0.080078125 0.05 0.060546875
0 0.496484375 0.064453125 0.083984375 0.06796875
0 0.539453125 0.071875 0.0515625 0.074609375
0 0.5703125 0.073046875 0.05625 0.0671875
0 0.617578125 0.06796875 0.059765625 0.075390625
0 0.666015625 0.065625 0.062109375 0.058984375
0 0.43125 0.166796875 0.076171875 0.059765625
0 0.508203125 0.11171875 0.0625 0.083984375
0 0.46171875 0.1328125 0.078125 0.05703125
0 0.487890625 0.219140625 0.0546875 0.084765625
0 0.5515625 0.216796875 0.06796875 0.084765625
0 0.574609375 0.1421875 0.080078125 0.076171875
0 0.7546875 0.61640625 0.0875 0.0609375
0 0.979296875 0.65546875 0.04140625 0.080078125
0 0.79609375 0.740234375 0.052734375 0.08359375
0 0.69140625 0.76328125 0.066015625 0.09921875
0 0.62265625 0.7703125 0.073828125 0.053515625
0 0.6296875 0.813671875 0.0828125 0.06953125
0 0.626171875 0.65234375 0.079296875 0.093359375
0 0.49453125 0.647265625 0.069921875 0.081640625
0 0.541796875 0.620703125 0.071875 0.070703125
0 0.49609375 0.539453125 0.07265625 0.06328125
0 0.441015625 0.812109375 0.058984375 0.058203125
0 0.48046875 0.908984375 0.056640625 0.04375
0 0.59609375 0.862109375 0.061328125 0.063671875
0 0.537109375 0.8875 0.065625 0.065234375
0 0.563671875 0.88046875 0.003125 0.000390625
0 0.8703125 0.8390625 0.068359375 0.058984375
0 0.84375 0.90625 0.0875 0.062109375
0 0.699609375 0.94140625 0.065234375 0.069921875
0 0.110546875 0.849609375 0.05234375 0.07890625
0 0.128125 0.640625 0.068359375 0.06875
0 0.28359375 0.696484375 0.08359375 0.05234375
0 0.275390625 0.76171875 0.082421875 0.066015625
0 0.146484375 0.736328125 0.075390625 0.059375
0 0.274609375 0.873046875 0.073828125 0.060546875
0 0.326171875 0.8015625 0.083203125 0.080078125
0 0.28203125 0.64375 0.07109375 0.06640625
0 0.3125 0.60703125 0.0703125 0.06953125
0 0.09609375 0.453515625 0.0875 0.067578125
0 0.344921875 0.292578125 0.065625 0.076953125
0 0.091015625 0.110546875 0.052734375 0.06796875
0 0.117578125 0.094921875 0.05234375 0.0609375
0 0.096875 0.1671875 0.04765625 0.067578125
0 0.36953125 0.068359375 0.075 0.076953125
0 0.3359375 0.092578125 0.08359375 0.104296875
0 0.22421875 0.07890625 0.066796875 0.0640625
0 0.265234375 0.0671875 0.0546875 0.06796875
0 0.30390625 0.08046875 0.039453125 0.083984375
0 0.288671875 0.07109375 0.02421875 0.05703125
0 0.162890625 0.09375 0.046484375 0.0703125
0 0.198046875 0.10390625 0.05390625 0.0875
0 0.21328125 0.170703125 0.08359375 0.059765625
0 0.812890625 0.870703125 0.090234375 0.058203125
0 0.398828125 0.459375 0.0671875 0.08046875
0 0.14765625 0.144921875 0.067578125 0.0484375
0 0.33046875 0.166796875 0.08203125 0.06640625
0 0.908203125 0.172265625 0.0765625 0.07109375