0 0.692578125 0.97265625 0.04765625 0.054296875
0 0.109765625 0.850390625 0.07890625 0.0546875
0 0.130859375 0.88515625 0.064453125 0.04921875
0 0.171484375 0.885546875 0.06015625 0.06484375
0 0.211328125 0.884765625 0.056640625 0.067578125
0 0.25703125 0.883984375 0.0625 0.078125
0 0.22578125 0.8390625 0.07578125 0.0578125
0 0.297265625 0.887890625 0.051953125 0.078125
0 0.35 0.9109375 0.0546875 0.04296875
0 0.333203125 0.884375 0.041015625 0.06484375
0 0.39609375 0.90390625 0.06484375 0.05859375
0 0.44296875 0.900390625 0.05 0.05703125
0 0.481640625 0.90234375 0.0609375 0.055078125
0 0.52578125 0.8859375 0.040625 0.080078125
0 0.551171875 0.860546875 0.0578125 0.08203125
0 0.51796875 0.844140625 0.051953125 0.059765625
0 0.473828125 0.848828125 0.06875 0.06015625
0 0.434765625 0.864453125 0.0453125 0.068359375
0 0.40234375 0.84609375 0.051171875 0.060546875
0 0.365625 0.868359375 0.044140625 0.06640625
0 0.33671875 0.837890625 0.04375 0.062890625
0 0.36953125 0.81875 0.037890625 0.062109375
0 0.30703125 0.826171875 0.04609375 0.080078125
0 0.2796875 0.833203125 0.047265625 0.07421875
0 0.241796875 0.792578125 0.0640625 0.057421875
0 0.289453125 0.7859375 0.072265625 0.05078125
0 0.315625 0.7609375 0.067578125 0.0640625
0 0.35859375 0.77421875 0.074609375 0.070703125
0 0.098046875 0.79375 0.036328125 0.074609375
0 0.1515625 0.80703125 0.069140625 0.0625
0 0.128515625 0.788671875 0.048828125 0.07734375
0 0.10625 0.724609375 0.053125 0.06328125
0 0.144140625 0.73984375 0.058984375 0.072265625
0 0.18046875 0.7703125 0.06640625 0.063671875
0 0.2078125 0.72421875 0.065625 0.06015625
0 0.255859375 0.743359375 0.075390625 0.052734375
0 0.405859375 0.804296875 0.055859375 0.062890625
0 0.448828125 0.802734375 0.04609375 0.059375
0 0.510546875 0.804296875 0.07734375 0.046875
0 0.55625 0.784375 0.06328125 0.05703125
0 0.594140625 0.83359375 0.051953125 0.07734375
0 0.596875 0.8953125 0.049609375 0.06640625
0 0.641796875 0.88671875 0.05 0.06015625
0 0.6453125 0.92109375 0.057421875 0.0234375
0 0.678515625 0.91640625 0.04921875 0.06171875
0 0.721484375 0.907421875 0.059765625 0.05546875
0 0.72109375 0.91484375 0.059765625 0.049609375
0 0.697265625 0.869140625 0.07890625 0.057421875
0 0.62890625 0.84921875 0.071484375 0.061328125
0 0.762890625 0.9015625 0.0609375 0.069140625
0 0.811328125 0.90234375 0.058203125 0.06015625
0 0.79375 0.86015625 0.06640625 0.065234375
0 0.85859375 0.905859375 0.065234375 0.065625
0 0.89609375 0.905859375 0.089453125 0.053515625
0 0.876953125 0.859375 0.084375 0.05859375
0 0.942578125 0.879296875 0.0671875 0.072265625
0 0.95078125 0.8125 0.062890625 0.0796875
0 0.8640625 0.81484375 0.076171875 0.0640625
0 0.806640625 0.761328125 0.05703125 0.08203125
0 0.8453125 0.765625 0.048828125 0.07109375
0 0.89296875 0.755859375 0.073828125 0.06640625
0 0.94140625 0.74140625 0.085546875 0.059765625
0 0.946484375 0.676953125 0.082421875 0.06796875
0 0.908203125 0.7015625 0.080078125 0.05859375
0 0.837890625 0.694140625 0.07109375 0.074609375
0 0.75703125 0.783203125 0.057421875 0.069921875
0 0.71484375 0.80078125 0.046484375 0.0671875
0 0.6421875 0.80859375 0.074609375 0.062109375
0 0.678515625 0.783203125 0.046875 0.084375
0 0.7265625 0.748828125 0.0828125 0.051953125
0 0.640625 0.755859375 0.0484375 0.072265625
0 0.6140625 0.738671875 0.05703125 0.0765625
0 0.59296875 0.70625 0.06796875 0.0796875
0 0.55390625 0.66875 0.05703125 0.084765625
0 0.634765625 0.64921875 0.0625 0.08984375
0 0.673828125 0.69921875 0.075390625 0.05625
0 0.724609375 0.698046875 0.065625 0.05546875
0 0.765625 0.65390625 0.05078125 0.081640625
0 0.71640625 0.65390625 0.073828125 0.081640625
0 0.46796875 0.771484375 0.0578125 0.052734375
0 0.4125 0.7671875 0.045703125 0.0609375
0 0.512890625 0.744921875 0.056640625 0.090625
0 0.4734375 0.711328125 0.06875 0.084765625
0 0.41875 0.7328125 0.0671875 0.08671875
0 0.350390625 0.71640625 0.083203125 0.062109375
0 0.277734375 0.6953125 0.053515625 0.0875
0 0.323828125 0.6625 0.05859375 0.079296875
0 0.374609375 0.659375 0.066015625 0.100390625
0 0.238671875 0.67109375 0.068359375 0.075390625
0 0.18359375 0.65546875 0.08125 0.05703125
0 0.11640625 0.6765625 0.0625 0.062109375
0 0.098046875 0.64765625 0.05390625 0.08125
0 0.153125 0.618359375 0.065234375 0.078515625
0 0.118359375 0.573828125 0.067578125 0.0765625
0 0.110546875 0.509765625 0.075 0.064453125
0 0.090234375 0.44765625 0.058984375 0.080859375
0 0.12890625 0.405859375 0.068359375 0.07421875
0 0.08359375 0.375 0.05625 0.070703125
0 0.08515625 0.275 0.0671875 0.0640625
0 0.09921875 0.3265625 0.069140625 0.06875
0 0.159375 0.33203125 0.074609375 0.06171875
0 0.225 0.287109375 0.0765625 0.076953125
0 0.2859375 0.324609375 0.08359375 0.066796875
0 0.38671875 0.3203125 0.088671875 0.06015625
0 0.488671875 0.316015625 0.094921875 0.053515625
0 0.199609375 0.4140625 0.076171875 0.056640625
0 0.209375 0.451171875 0.093359375 0.05859375
0 0.25859375 0.4640625 0.067578125 0.0765625
0 0.212890625 0.50390625 0.07265625 0.052734375
0 0.164453125 0.545703125 0.075390625 0.059765625
0 0.221484375 0.548828125 0.07109375 0.078125
0 0.262109375 0.580078125 0.06796875 0.073046875
0 0.269140625 0.6265625 0.085546875 0.058203125
0 0.3484375 0.58515625 0.055078125 0.07890625
0 0.395703125 0.566015625 0.08125 0.05859375
0 0.44453125 0.629296875 0.058203125 0.090625
0 0.457421875 0.540234375 0.069140625 0.063671875
0 0.46640625 0.4859375 0.076953125 0.075390625
0 0.511328125 0.404296875 0.101953125 0.062890625
0 0.525 0.46875 0.061328125 0.080078125
0 0.59296875 0.4796875 0.076171875 0.07421875
0 0.659765625 0.46640625 0.075 0.0890625
0 0.581640625 0.563671875 0.085546875 0.075390625
0 0.534765625 0.56875 0.05390625 0.089453125
0 0.507421875 0.625 0.062890625 0.090625
0 0.4640625 0.652734375 0.07109375 0.078515625
0 0.376953125 0.432421875 0.051953125 0.096875
0 0.415234375 0.395703125 0.057421875 0.09296875
0 0.3609375 0.358203125 0.0875 0.04921875
0 0.33984375 0.395703125 0.058984375 0.07265625
0 0.29296875 0.41015625 0.0765625 0.0875
0 0.246484375 0.39453125 0.0546875 0.103125
0 0.915234375 0.5484375 0.058203125 0.080859375
0 0.897265625 0.58046875 0.05078125 0.08515625
0 0.8515625 0.570703125 0.058203125 0.08828125
0 0.8125 0.630078125 0.061328125 0.091015625
0 0.853125 0.64296875 0.06796875 0.067578125
0 0.804296875 0.54921875 0.055078125 0.0796875
0 0.74453125 0.559765625 0.06328125 0.087890625
0 0.69140625 0.569921875 0.058984375 0.067578125
0 0.76484375 0.49921875 0.068359375 0.06328125
0 0.7359375 0.455078125 0.073828125 0.062890625
0 0.825390625 0.490234375 0.082421875 0.056640625
0 0.8890625 0.488671875 0.058203125 0.08203125
0 0.833203125 0.442578125 0.07109375 0.0796875
0 0.919921875 0.3265625 0.069921875 0.060546875
0 0.872265625 0.27890625 0.0703125 0.08203125
0 0.760546875 0.386328125 0.069140625 0.06953125
0 0.650390625 0.4140625 0.09375 0.082421875
0 0.62421875 0.36015625 0.062109375 0.071875
0 0.584375 0.34140625 0.089453125 0.08828125
0 0.717578125 0.3390625 0.0515625 0.080078125
0 0.910546875 0.219140625 0.083203125 0.081640625
0 0.965234375 0.12890625 0.060546875 0.095703125
0 0.880859375 0.13203125 0.0609375 0.091796875
0 0.8015625 0.147265625 0.08125 0.068359375
0 0.740234375 0.15234375 0.058984375 0.08984375
0 0.803125 0.090234375 0.082421875 0.06796875
0 0.709375 0.078125 0.076953125 0.075390625
0 0.666796875 0.061328125 0.076171875 0.051953125
0 0.7421875 0.24609375 0.06015625 0.09453125
0 0.74140625 0.284765625 0.086328125 0.05859375
0 0.689453125 0.238671875 0.05859375 0.075
0 0.643359375 0.2375 0.05703125 0.091796875
0 0.585546875 0.262109375 0.0625 0.0828125
0 0.61796875 0.17578125 0.06796875 0.062890625
0 0.62890625 0.13046875 0.0828125 0.066796875
0 0.576171875 0.075390625 0.083984375 0.06328125
0 0.54453125 0.09765625 0.0671875 0.096484375
0 0.478515625 0.0984375 0.085546875 0.066796875
0 0.425 0.1203125 0.073828125 0.072265625
0 0.37109375 0.08984375 0.078515625 0.08515625
0 0.2921875 0.080078125 0.07734375 0.066796875
0 0.23203125 0.093359375 0.05703125 0.08125
0 0.16171875 0.124609375 0.058984375 0.059375
0 0.1046875 0.107421875 0.050390625 0.063671875
0 0.10703125 0.160546875 0.0640625 0.05625
0 0.14921875 0.18671875 0.063671875 0.073046875
0 0.096484375 0.215234375 0.05859375 0.0671875
0 0.253515625 0.2421875 0.102734375 0.068359375
0 0.33515625 0.25859375 0.088671875 0.06328125
0 0.27890625 0.196484375 0.078515625 0.0765625
0 0.353515625 0.201953125 0.085546875 0.057421875
0 0.4421875 0.219140625 0.06328125 0.07890625
0 0.50859375 0.237890625 0.0796875 0.081640625
0 0.4671875 0.269140625 0.069921875 0.06484375
0 0.98125 0.205078125 0.0375 0.06171875
0 0.96875 0.3671875 0.062109375 0.097265625
0 0.9765625 0.487890625 0.046875 0.07734375
0 0.96953125 0.631640625 0.058203125 0.069140625
0 0.98984375 0.655078125 0.0203125 0.061328125