0 0.02890625 0.87109375 0.0578125 0.078125
0 0.052734375 0.82890625 0.07109375 0.08828125
0 0.153515625 0.801171875 0.067578125 0.074609375
0 0.1203125 0.85703125 0.073046875 0.0671875
0 0.359765625 0.785546875 0.063671875 0.0703125
0 0.461328125 0.853515625 0.0578125 0.07421875
0 0.209375 0.494140625 0.07734375 0.068359375
0 0.226171875 0.415625 0.057421875 0.073828125
0 0.351171875 0.49453125 0.070703125 0.06171875
0 0.4609375 0.541015625 0.06953125 0.0609375
0 0.40234375 0.587890625 0.0484375 0.0703125
0 0.41015625 0.51015625 0.046875 0.084375
0 0.33359375 0.33125 0.06875 0.068359375
0 0.080078125 0.2625 0.069140625 0.0671875
0 0.012890625 0.11640625 0.02578125 0.0578125
0 0.158203125 0.12890625 0.066015625 0.05625
0 0.205859375 0.13671875 0.07421875 0.066015625
0 0.31640625 0.11953125 0.06171875 0.078125
0 0.509375 0.132421875 0.063671875 0.0734375
0 0.685546875 0.1796875 0.084765625 0.066796875
0 0.855078125 0.71796875 0.06484375 0.0640625
0 0.676953125 0.7046875 0.050390625 0.08515625
0 0.639453125 0.5921875 0.06015625 0.06953125
0 0.528515625 0.586328125 0.07265625 0.066015625
0 0.511328125 0.701953125 0.052734375 0.078515625
0 0.65703125 0.820703125 0.05390625 0.07265625
0 0.55 0.838671875 0.080078125 0.065234375
0 0.52421875 0.871484375 0.054296875 0.0734375