0 0.325390625 0.705859375 0.079296875 0.059375
0 0.523046875 0.5921875 0.051171875 0.06875
0 0.4484375 0.673828125 0.0625 0.061328125
0 0.500390625 0.67265625 0.059765625 0.06953125
0 0.4515625 0.819921875 0.058984375 0.0765625
0 0.392578125 0.89609375 0.060546875 0.0703125
0 0.344140625 0.7546875 0.06328125 0.05234375
0 0.2703125 0.740234375 0.051953125 0.073828125
0 0.34453125 0.821875 0.07265625 0.07890625
0 0.29375 0.80625 0.06640625 0.058984375
0 0.231640625 0.81015625 0.0546875 0.05703125
0 0.1671875 0.8828125 0.043359375 0.05546875
0 0.12734375 0.8859375 0.040625 0.044140625
0 0.137890625 0.846484375 0.0546875 0.04140625
0 0.134375 0.809375 0.070703125 0.03125
0 0.483984375 0.910546875 0.0609375 0.032421875
0 0.534765625 0.90390625 0.0515625 0.046484375
0 0.60390625 0.862109375 0.088671875 0.048828125
0 0.1140625 0.77265625 0.0546875 0.048046875
0 0.16796875 0.7578125 0.04140625 0.051953125
0 0.2 0.7234375 0.059765625 0.0546875
0 0.14609375 0.71640625 0.05234375 0.0453125
0 0.09375 0.71875 0.033984375 0.04453125
0 0.105859375 0.68515625 0.0515625 0.06328125
0 0.230859375 0.6921875 0.0765625 0.049609375
0 0.200390625 0.6546875 0.073828125 0.048046875
0 0.300390625 0.648046875 0.07578125 0.059765625
0 0.11015625 0.62421875 0.065625 0.039453125
0 0.210546875 0.583203125 0.04765625 0.05859375
0 0.258203125 0.596484375 0.05625 0.059765625
0 0.093359375 0.5828125 0.041015625 0.05546875
0 0.1328125 0.571484375 0.063671875 0.062109375
0 0.073046875 0.52109375 0.071484375 0.04296875
0 0.281640625 0.525390625 0.0734375 0.04609375
0 0.15859375 0.494921875 0.0671875 0.051171875
0 0.059765625 0.446875 0.091796875 0.05625
0 0.15859375 0.438671875 0.101171875 0.062890625
0 0.236328125 0.41953125 0.084375 0.049609375
0 0.403515625 0.48515625 0.04921875 0.07265625
0 0.3625 0.4140625 0.069140625 0.05859375
0 0.462109375 0.428515625 0.074609375 0.061328125
0 0.50234375 0.391015625 0.059375 0.0546875
0 0.49453125 0.347265625 0.06953125 0.044140625
0 0.447265625 0.342578125 0.040625 0.063671875
0 0.405859375 0.31484375 0.07734375 0.04921875
0 0.46875 0.3 0.05078125 0.053515625
0 0.51875 0.275390625 0.076953125 0.04921875
0 0.5453125 0.328515625 0.069140625 0.049609375
0 0.585546875 0.27890625 0.055859375 0.074609375
0 0.65078125 0.273046875 0.05390625 0.067578125
0 0.790625 0.2640625 0.064453125 0.06796875
0 0.43359375 0.25703125 0.0640625 0.06796875
0 0.406640625 0.2046875 0.083203125 0.084765625
0 0.6234375 0.16796875 0.059765625 0.073046875
0 0.730078125 0.495703125 0.073046875 0.071484375
0 0.641796875 0.59453125 0.06953125 0.0625
0 0.65390625 0.65859375 0.07890625 0.06484375
0 0.735546875 0.653515625 0.0484375 0.06484375
0 0.800390625 0.696484375 0.071484375 0.060546875
0 0.722265625 0.882421875 0.071484375 0.053125
0 0.66484375 0.8921875 0.05625 0.054296875
0 0.08359375 0.39921875 0.05625 0.05390625
0 0.24453125 0.36328125 0.085546875 0.05078125
0 0.182421875 0.3046875 0.059375 0.07109375
0 0.230859375 0.285546875 0.063671875 0.0671875
0 0.142578125 0.338671875 0.050390625 0.05703125
0 0.113671875 0.36015625 0.04375 0.06796875
0 0.086328125 0.340625 0.04921875 0.055859375
0 0.087890625 0.29296875 0.03984375 0.066015625
0 0.08984375 0.251171875 0.0625 0.053515625
0 0.101953125 0.194140625 0.04765625 0.055078125
0 0.1390625 0.2390625 0.05546875 0.076953125
0 0.2328125 0.204296875 0.075 0.058203125
0 0.278125 0.24375 0.07890625 0.048046875
0 0.3703125 0.165234375 0.06484375 0.071484375
0 0.101171875 0.115234375 0.04296875 0.04765625
0 0.126171875 0.093359375 0.05625 0.04140625
0 0.136328125 0.13515625 0.062109375 0.04453125
0 0.4640625 0.1296875 0.07109375 0.058984375
0 0.887890625 0.241015625 0.054296875 0.0765625
0 0.940234375 0.22421875 0.057421875 0.08671875
0 0.948828125 0.164453125 0.060546875 0.063671875
0 0.834765625 0.07734375 0.063671875 0.065625
0 0.86484375 0.07265625 0.05625 0.070703125
0 0.915625 0.06875 0.07109375 0.059765625
0 0.949609375 0.082421875 0.053515625 0.07578125
0 0.683984375 0.088671875 0.0640625 0.0625
0 0.726171875 0.103125 0.037890625 0.06171875
0 0.76171875 0.107421875 0.05234375 0.0859375
0 0.823828125 0.862109375 0.066796875 0.0515625
0 0.80859375 0.90703125 0.065234375 0.048046875
0 0.85390625 0.90546875 0.04375 0.060546875
0 0.884765625 0.896875 0.043359375 0.08125
0 0.92265625 0.899609375 0.045703125 0.058984375
0 0.963671875 0.88671875 0.046875 0.069921875
0 0.990625 0.5609375 0.01875 0.065625
0 0.589453125 0.137109375 0.06328125 0.058984375
0 0.626171875 0.071484375 0.05703125 0.059375
0 0.596875 0.079296875 0.05703125 0.067578125
0 0.5546875 0.062890625 0.0609375 0.04453125
0 0.52421875 0.090625 0.04609375 0.058984375
0 0.204296875 0.118359375 0.047265625 0.084375
0 0.2375 0.1234375 0.035546875 0.061328125
0 0.270703125 0.08203125 0.04140625 0.0703125
0 0.2671875 0.149609375 0.046484375 0.058984375
0 0.30703125 0.153125 0.053515625 0.0734375
0 0.314453125 0.08515625 0.052734375 0.0671875
0 0.394921875 0.10390625 0.04765625 0.077734375
0 0.3546875 0.0734375 0.055078125 0.07109375