0 0.137109375 0.535546875 0.058984375 0.0875
0 0.095703125 0.66953125 0.05234375 0.079296875
0 0.047265625 0.75703125 0.065625 0.084765625
0 0.039453125 0.68125 0.055078125 0.071875
0 0.121875 0.72421875 0.074609375 0.078125
0 0.207421875 0.672265625 0.065625 0.064453125
0 0.232421875 0.62421875 0.065234375 0.0625
0 0.327734375 0.851171875 0.05546875 0.09765625
0 0.37890625 0.901171875 0.061328125 0.061328125
0 0.489453125 0.90390625 0.080859375 0.0671875
0 0.68984375 0.8953125 0.049609375 0.09140625
0 0.6078125 0.833984375 0.056640625 0.071875
0 0.6578125 0.621875 0.11328125 0.0625
0 0.537890625 0.840625 0.0703125 0.05859375
0 0.55 0.871875 0.062109375 0.067578125
0 0.591015625 0.873828125 0.051953125 0.06171875
0 0.522265625 0.753125 0.056640625 0.087890625
0 0.561328125 0.77890625 0.0515625 0.071484375
0 0.598828125 0.731640625 0.04921875 0.08203125
0 0.64453125 0.736328125 0.055859375 0.09375
0 0.862890625 0.601953125 0.090234375 0.06015625
0 0.826171875 0.5578125 0.070703125 0.06171875
0 0.78125 0.537109375 0.056640625 0.058203125