0 0.96953125 0.131640625 0.0609375 0.0703125
0 0.98671875 0.280859375 0.0265625 0.08984375
0 0.982421875 0.339453125 0.034765625 0.046484375
0 0.886328125 0.3125 0.06796875 0.073046875
0 0.91328125 0.38203125 0.066015625 0.059765625
0 0.903125 0.44921875 0.071875 0.071875
0 0.795703125 0.405859375 0.065625 0.066796875
0 0.51953125 0.433984375 0.051953125 0.08046875
0 0.481640625 0.4453125 0.062890625 0.09609375
0 0.389453125 0.459375 0.085546875 0.0578125
0 0.3515625 0.4265625 0.103515625 0.087109375
0 0.287109375 0.346875 0.05625 0.07890625
0 0.3375 0.327734375 0.055859375 0.0703125
0 0.293359375 0.291796875 0.08515625 0.0453125
0 0.273828125 0.24765625 0.08671875 0.057421875
0 0.26640625 0.199609375 0.078125 0.064453125
0 0.266796875 0.15546875 0.069921875 0.055859375
0 0.271484375 0.114453125 0.089453125 0.051171875
0 0.373046875 0.11015625 0.071484375 0.0703125
0 0.456640625 0.105078125 0.079296875 0.057421875
0 0.411328125 0.1609375 0.060546875 0.081640625
0 0.428515625 0.2046875 0.07265625 0.06953125
0 0.436328125 0.292578125 0.075 0.07734375
0 0.40234375 0.331640625 0.0765625 0.059375
0 0.5453125 0.387890625 0.071484375 0.06328125
0 0.658984375 0.34609375 0.0578125 0.071875
0 0.72578125 0.340234375 0.07421875 0.062890625
0 0.8015625 0.307421875 0.083984375 0.0609375
0 0.783203125 0.21953125 0.062109375 0.06953125
0 0.90859375 0.19765625 0.06796875 0.0703125
0 0.91875 0.26171875 0.074609375 0.06484375
0 0.890625 0.136328125 0.066796875 0.07109375
0 0.816796875 0.11328125 0.070703125 0.076953125
0 0.755078125 0.1171875 0.07734375 0.07265625
0 0.534765625 0.11875 0.071875 0.084765625
0 0.46953125 0.14453125 0.0796875 0.05078125
0 0.514453125 0.201953125 0.08359375 0.07421875
0 0.520703125 0.23828125 0.06640625 0.05546875
0 0.52734375 0.2953125 0.0765625 0.0734375
0 0.697265625 0.27265625 0.070703125 0.0671875
0 0.725 0.2203125 0.06484375 0.0671875
0 0.728515625 0.169140625 0.069921875 0.066796875
0 0.676171875 0.181640625 0.060546875 0.076171875
0 0.6265625 0.183203125 0.065234375 0.05703125
0 0.5875 0.145703125 0.0640625 0.0734375
0 0.57109375 0.47578125 0.076171875 0.091796875
0 0.824609375 0.50859375 0.07890625 0.053125
0 0.950390625 0.52734375 0.054296875 0.075390625
0 0.9828125 0.52109375 0.034375 0.06171875
0 0.9828125 0.583984375 0.034375 0.080078125
0 0.914453125 0.60234375 0.083203125 0.05234375
0 0.836328125 0.58359375 0.07890625 0.091015625
0 0.622265625 0.541015625 0.055078125 0.074609375
0 0.5359375 0.537890625 0.073828125 0.0703125
0 0.46328125 0.54296875 0.08515625 0.051953125
0 0.42890625 0.5171875 0.0609375 0.07265625
0 0.366015625 0.58359375 0.083203125 0.086328125
0 0.441015625 0.59609375 0.081640625 0.076953125
0 0.541796875 0.633203125 0.062109375 0.063671875
0 0.587109375 0.651171875 0.07734375 0.05703125
0 0.599609375 0.601171875 0.06953125 0.051171875
0 0.652734375 0.59921875 0.05390625 0.07265625
0 0.70234375 0.6140625 0.07265625 0.06328125
0 0.75 0.626953125 0.065625 0.05234375
0 0.801953125 0.665234375 0.0765625 0.0484375
0 0.908984375 0.72265625 0.073046875 0.062890625
0 0.839453125 0.73828125 0.06484375 0.057421875
0 0.791015625 0.71640625 0.066015625 0.094921875
0 0.64296875 0.684375 0.065625 0.059765625
0 0.67265625 0.741015625 0.06796875 0.08984375
0 0.71015625 0.7484375 0.061328125 0.097265625
0 0.693359375 0.815234375 0.106640625 0.060546875
0 0.285546875 0.598046875 0.060546875 0.082421875
0 0.285546875 0.658984375 0.07578125 0.061328125
0 0.34453125 0.638671875 0.07109375 0.048828125
0 0.377734375 0.673828125 0.0765625 0.052734375
0 0.38359375 0.72109375 0.090625 0.0703125
0 0.439453125 0.653515625 0.06328125 0.066015625
0 0.450390625 0.717578125 0.058984375 0.080859375
0 0.5109375 0.691015625 0.0703125 0.086328125
0 0.329296875 0.730859375 0.059375 0.0734375
0 0.278515625 0.734375 0.055859375 0.081640625
0 0.570703125 0.701171875 0.074609375 0.063671875
0 0.621484375 0.730859375 0.058984375 0.073046875
0 0.572265625 0.7484375 0.074609375 0.059765625
0 0.51796875 0.75625 0.0578125 0.091796875
0 0.278125 0.82265625 0.0765625 0.055859375
0 0.242578125 0.866015625 0.04765625 0.06484375
0 0.289453125 0.9015625 0.05390625 0.04765625
0 0.283203125 0.86640625 0.062890625 0.06640625
0 0.341796875 0.870703125 0.089453125 0.04765625
0 0.33515625 0.83046875 0.075390625 0.067578125
0 0.384765625 0.825390625 0.069921875 0.067578125
0 0.35234375 0.773828125 0.05 0.0640625
0 0.315625 0.78046875 0.05234375 0.06953125
0 0.4171875 0.77265625 0.06328125 0.06484375
0 0.4328125 0.8140625 0.06484375 0.05234375
0 0.46328125 0.848046875 0.079296875 0.0515625
0 0.538671875 0.90703125 0.05390625 0.0421875
0 0.725 0.96484375 0.036328125 0.064453125
0 0.58671875 0.8640625 0.076171875 0.0703125
0 0.623828125 0.78828125 0.072265625 0.0609375
0 0.575390625 0.798828125 0.053515625 0.07734375
0 0.53125 0.8171875 0.07890625 0.0640625
0 0.466796875 0.800390625 0.073828125 0.06171875
0 0.9875 0.87109375 0.024609375 0.06875
0 0.940234375 0.848046875 0.092578125 0.075
0 0.8859375 0.88125 0.083203125 0.0625
0 0.8375 0.86640625 0.067578125 0.06015625
0 0.7921875 0.885546875 0.06875 0.05078125
0 0.7734375 0.853515625 0.059765625 0.08125
0 0.218359375 0.1484375 0.06015625 0.07109375
0 0.21484375 0.21484375 0.06015625 0.07421875
0 0.186328125 0.276953125 0.056640625 0.073828125
0 0.16953125 0.205859375 0.069921875 0.07109375
0 0.21953125 0.346875 0.07421875 0.06328125
0 0.1703125 0.41796875 0.058984375 0.07734375
0 0.203515625 0.43671875 0.07890625 0.055859375
0 0.219921875 0.39375 0.080859375 0.051953125
0 0.24453125 0.48984375 0.092578125 0.0640625
0 0.1640625 0.494921875 0.073046875 0.0640625
0 0.154296875 0.531640625 0.0890625 0.05390625
0 0.15859375 0.56796875 0.07265625 0.06640625
0 0.205078125 0.56953125 0.085546875 0.061328125
0 0.251171875 0.5484375 0.07109375 0.065234375
0 0.169921875 0.613671875 0.069921875 0.0546875
0 0.157421875 0.657421875 0.069921875 0.05625
0 0.205078125 0.694921875 0.045703125 0.07578125
0 0.237890625 0.72890625 0.06015625 0.07265625
0 0.173046875 0.74921875 0.076171875 0.058984375
0 0.1828125 0.848828125 0.067578125 0.054296875
0 0.212109375 0.86171875 0.059765625 0.06953125
0 0.239453125 0.7953125 0.093359375 0.06484375