0 0.03671875 0.176953125 0.0734375 0.07578125
0 0.145703125 0.177734375 0.07890625 0.0734375
0 0.307421875 0.141796875 0.0578125 0.08671875
0 0.240625 0.13046875 0.0796875 0.05625
0 0.241015625 0.171484375 0.072265625 0.05625
0 0.23515625 0.209765625 0.062109375 0.0875
0 0.308203125 0.366796875 0.066796875 0.076171875
0 0.1828125 0.372265625 0.074609375 0.0921875
0 0.96953125 0.1015625 0.0609375 0.0671875
0 0.703125 0.06328125 0.06640625 0.07421875
0 0.79375 0.062890625 0.059375 0.08671875
0 0.873046875 0.09140625 0.06640625 0.0859375
0 0.835546875 0.077734375 0.060546875 0.09296875
0 0.7515625 0.082421875 0.052734375 0.073046875
0 0.738671875 0.194921875 0.1015625 0.068359375
0 0.68359375 0.298828125 0.078125 0.086328125
0 0.57734375 0.276953125 0.093359375 0.068359375
0 0.93984375 0.333984375 0.07109375 0.073046875
0 0.52734375 0.4578125 0.08203125 0.07578125
0 0.626171875 0.4140625 0.0640625 0.07890625
0 0.65859375 0.437890625 0.061328125 0.083203125
0 0.9859375 0.3671875 0.027734375 0.050390625
0 0.8828125 0.387890625 0.0921875 0.058984375
0 0.905859375 0.455859375 0.0875 0.066796875
0 0.732421875 0.567578125 0.092578125 0.059375
0 0.908203125 0.701953125 0.08828125 0.066015625
0 0.94375 0.852734375 0.0625 0.077734375
0 0.98203125 0.87421875 0.035546875 0.08046875
0 0.86484375 0.869140625 0.044140625 0.08359375
0 0.82421875 0.86796875 0.061328125 0.073046875
0 0.8078125 0.8828125 0.06328125 0.0671875
0 0.7796875 0.8953125 0.065234375 0.06953125
0 0.940625 0.89296875 0.06484375 0.053515625
0 0.9125 0.896484375 0.0734375 0.075
0 0.635546875 0.8859375 0.06328125 0.072265625
0 0.3328125 0.7421875 0.069140625 0.0734375
0 0.4296875 0.771484375 0.083203125 0.075390625
0 0.556640625 0.8453125 0.069140625 0.07421875
0 0.58515625 0.68203125 0.054296875 0.079296875
0 0.567578125 0.7484375 0.068359375 0.082421875
0 0.396875 0.83359375 0.06640625 0.08671875
0 0.503125 0.876171875 0.088671875 0.06171875
0 0.09609375 0.54296875 0.05703125 0.084375
0 0.134375 0.66328125 0.066015625 0.0953125