0 0.104296875 0.856640625 0.0796875 0.05390625
0 0.228125 0.73828125 0.05859375 0.080078125
0 0.23671875 0.8296875 0.080859375 0.078515625
0 0.395703125 0.7 0.059765625 0.0859375
0 0.401171875 0.7796875 0.082421875 0.066015625
0 0.316796875 0.88125 0.06875 0.065625
0 0.363671875 0.875390625 0.048828125 0.08125
0 0.398046875 0.89296875 0.059765625 0.075
0 0.108203125 0.656640625 0.10390625 0.07109375
0 0.03359375 0.640234375 0.0671875 0.073046875
0 0.149609375 0.5765625 0.08359375 0.07734375
0 0.284375 0.605078125 0.073828125 0.0765625
0 0.36875 0.55078125 0.0828125 0.06171875
0 0.228125 0.650390625 0.083984375 0.060546875
0 0.09609375 0.474609375 0.066015625 0.083984375
0 0.30390625 0.42265625 0.102734375 0.06953125
0 0.04375 0.273828125 0.0875 0.06796875
0 0.18984375 0.33125 0.096484375 0.057421875
0 0.3546875 0.200390625 0.064453125 0.0953125
0 0.293359375 0.12109375 0.088671875 0.075
0 0.98984375 0.1109375 0.019921875 0.04140625
0 0.951171875 0.190625 0.09609375 0.08203125
0 0.838671875 0.055078125 0.097265625 0.0640625
0 0.74765625 0.07421875 0.088671875 0.068359375
0 0.709375 0.118359375 0.078515625 0.07265625
0 0.625390625 0.0859375 0.09609375 0.067578125
0 0.512890625 0.133203125 0.07265625 0.08125
0 0.60859375 0.258984375 0.09140625 0.079296875
0 0.72421875 0.349609375 0.05703125 0.1015625
0 0.776171875 0.20703125 0.069140625 0.09140625
0 0.8265625 0.24375 0.089453125 0.062890625
0 0.434375 0.309765625 0.0796875 0.05859375
0 0.53125 0.71640625 0.068359375 0.07578125
0 0.453125 0.697265625 0.064453125 0.07265625
0 0.640625 0.730078125 0.08515625 0.062109375
0 0.463671875 0.805078125 0.07734375 0.079296875
0 0.433984375 0.84765625 0.05546875 0.069140625
0 0.480078125 0.85390625 0.05234375 0.05546875
0 0.544921875 0.76796875 0.077734375 0.0453125
0 0.630078125 0.785546875 0.08046875 0.064453125
0 0.70859375 0.79375 0.071484375 0.103515625
0 0.641796875 0.84453125 0.072265625 0.06875
0 0.62421875 0.89609375 0.046875 0.05625
0 0.539453125 0.821484375 0.053125 0.07265625
0 0.58984375 0.8296875 0.059765625 0.072265625
0 0.556640625 0.859765625 0.0578125 0.05078125
0 0.515234375 0.85625 0.041015625 0.09765625
0 0.52890625 0.901953125 0.071875 0.033203125
0 0.466796875 0.89453125 0.0703125 0.051171875
0 0.5796875 0.89375 0.05234375 0.072265625
0 0.6703125 0.8828125 0.08828125 0.0640625
0 0.98203125 0.87734375 0.0359375 0.053125
0 0.91796875 0.8609375 0.085546875 0.087890625
0 0.734375 0.89921875 0.05625 0.0890625
0 0.78203125 0.890625 0.070703125 0.096875
0 0.84296875 0.852734375 0.0734375 0.076171875
0 0.85234375 0.89765625 0.082421875 0.056640625
0 0.76796875 0.77734375 0.064453125 0.077734375
0 0.81875 0.778515625 0.054296875 0.091015625
0 0.9515625 0.765625 0.096875 0.0640625
0 0.97421875 0.665625 0.0515625 0.05625
0 0.922265625 0.619140625 0.062109375 0.087109375
0 0.759765625 0.6453125 0.0765625 0.071875
0 0.724609375 0.7125 0.08203125 0.0578125
0 0.80546875 0.706640625 0.085546875 0.058203125
0 0.9671875 0.5546875 0.065625 0.0765625
0 0.987109375 0.4703125 0.025390625 0.05703125
0 0.65 0.137109375 0.079296875 0.07265625
0 0.4296875 0.137109375 0.076171875 0.0890625