0 0.954296875 0.765234375 0.068359375 0.092578125
0 0.97265625 0.707421875 0.0546875 0.07578125
0 0.90546875 0.676953125 0.084375 0.08984375
0 0.750390625 0.70078125 0.07734375 0.0734375
0 0.601953125 0.712890625 0.06171875 0.08671875
0 0.675 0.774609375 0.06484375 0.094921875
0 0.671875 0.873828125 0.069921875 0.08046875
0 0.771484375 0.873828125 0.078515625 0.079296875
0 0.83046875 0.8828125 0.069140625 0.07578125
0 0.86171875 0.8515625 0.077734375 0.06484375
0 0.955859375 0.8296875 0.066796875 0.08359375
0 0.97109375 0.89453125 0.051953125 0.066015625
0 0.929296875 0.86953125 0.061328125 0.09296875
0 0.894140625 0.878125 0.06953125 0.06640625
0 0.987890625 0.8765625 0.02421875 0.078515625
0 0.220703125 0.82109375 0.091796875 0.093359375
0 0.492578125 0.854296875 0.06015625 0.09453125
0 0.442578125 0.8828125 0.06796875 0.061328125
0 0.20625 0.734375 0.0765625 0.0875
0 0.298828125 0.62109375 0.064453125 0.086328125
0 0.506640625 0.64921875 0.082421875 0.0640625
0 0.0375 0.58515625 0.075 0.078125
0 0.520703125 0.49140625 0.087109375 0.06953125
0 0.326953125 0.339453125 0.0875 0.065234375
0 0.026953125 0.309765625 0.05390625 0.08359375
0 0.016015625 0.21953125 0.03203125 0.0578125
0 0.03203125 0.055078125 0.0640625 0.05390625
0 0.029296875 0.096875 0.05859375 0.0609375
0 0.078125 0.103515625 0.059765625 0.064453125
0 0.087890625 0.065625 0.078515625 0.07890625
0 0.140234375 0.066796875 0.08203125 0.069921875
0 0.130859375 0.12578125 0.073828125 0.065625
0 0.046875 0.1484375 0.071484375 0.055859375
0 0.098828125 0.177734375 0.075390625 0.09375
0 0.15625 0.16484375 0.07421875 0.06953125
0 0.215234375 0.16484375 0.0609375 0.09140625
0 0.236328125 0.130078125 0.057421875 0.0890625
0 0.24140625 0.072265625 0.053125 0.063671875
0 0.2734375 0.058984375 0.049609375 0.057421875
0 0.31796875 0.053515625 0.06171875 0.053125
0 0.3609375 0.0953125 0.08203125 0.0640625
0 0.338671875 0.114453125 0.06171875 0.083203125
0 0.308203125 0.127734375 0.06015625 0.07421875
0 0.28125 0.148828125 0.052734375 0.08515625
0 0.266015625 0.094921875 0.043359375 0.04140625
0 0.3390625 0.1859375 0.0796875 0.071875
0 0.380859375 0.16796875 0.08046875 0.066015625
0 0.4390625 0.155859375 0.093359375 0.085546875
0 0.428515625 0.105859375 0.062890625 0.064453125
0 0.473046875 0.123828125 0.0734375 0.067578125
0 0.58359375 0.0828125 0.08828125 0.07109375
0 0.572265625 0.130859375 0.08203125 0.0734375
0 0.733984375 0.07109375 0.0671875 0.087109375
0 0.81015625 0.089453125 0.059375 0.109765625
0 0.873046875 0.06328125 0.090234375 0.065625
0 0.885546875 0.12265625 0.098828125 0.075
0 0.805859375 0.28515625 0.076953125 0.0734375
0 0.7109375 0.233203125 0.07734375 0.06875
0 0.629296875 0.305859375 0.066796875 0.085546875
0 0.66640625 0.437109375 0.0640625 0.07734375
0 0.917578125 0.357421875 0.076171875 0.073828125
0 0.788671875 0.4453125 0.081640625 0.05859375
0 0.970703125 0.575 0.05859375 0.069140625
0 0.807421875 0.603515625 0.1078125 0.06328125