0 0.820703125 0.1046875 0.069140625 0.10625
0 0.426171875 0.246875 0.083984375 0.06875
0 0.476953125 0.2796875 0.08515625 0.058984375
0 0.58046875 0.595703125 0.093359375 0.071484375
0 0.740625 0.702734375 0.095703125 0.069921875
0 0.751171875 0.74140625 0.09140625 0.073828125
0 0.815234375 0.85078125 0.07578125 0.065625
0 0.301171875 0.816796875 0.06640625 0.0984375
0 0.421484375 0.87265625 0.062890625 0.08046875
0 0.15625 0.212890625 0.063671875 0.08828125
0 0.0515625 0.0921875 0.06640625 0.09140625