0 0.969921875 0.6875 0.06015625 0.0484375
0 0.986328125 0.195703125 0.01796875 0.05546875
0 0.980078125 0.1234375 0.03984375 0.0421875
0 0.84921875 0.234765625 0.053125 0.05859375
0 0.828515625 0.19453125 0.05546875 0.0453125
0 0.89921875 0.158203125 0.0578125 0.05390625
0 0.889453125 0.1 0.05859375 0.0484375
0 0.848046875 0.057421875 0.03359375 0.07265625
0 0.794140625 0.08828125 0.08203125 0.04375
0 0.7296875 0.1 0.065625 0.05625
0 0.751171875 0.04921875 0.05859375 0.0375
0 0.689453125 0.069140625 0.07265625 0.03203125
0 0.63671875 0.148828125 0.071875 0.04921875
0 0.66640625 0.25078125 0.04375 0.0671875
0 0.762890625 0.32890625 0.05234375 0.059375
0 0.583984375 0.50859375 0.04921875 0.05625
0 0.5734375 0.31640625 0.05 0.0515625
0 0.421484375 0.07421875 0.07421875 0.0359375
0 0.39765625 0.1484375 0.0640625 0.053125
0 0.3375 0.07734375 0.0734375 0.0484375
0 0.309765625 0.12265625 0.06015625 0.0546875
0 0.236328125 0.18671875 0.08046875 0.0375
0 0.145703125 0.216796875 0.06640625 0.05234375
0 0.219140625 0.229296875 0.08203125 0.05078125
0 0.240625 0.296875 0.0625 0.059375
0 0.174609375 0.285546875 0.06953125 0.04921875
0 0.173828125 0.351171875 0.06796875 0.04140625
0 0.362109375 0.4359375 0.06171875 0.05625
0 0.126171875 0.40234375 0.04765625 0.0625
0 0.09140625 0.40546875 0.0453125 0.0453125
0 0.080859375 0.44453125 0.05546875 0.0546875
0 0.132421875 0.49375 0.05859375 0.0734375
0 0.130078125 0.594921875 0.05390625 0.05078125
0 0.241796875 0.606640625 0.05234375 0.05390625
0 0.1015625 0.64296875 0.071875 0.0421875
0 0.151953125 0.687890625 0.07578125 0.04765625
0 0.25 0.730859375 0.0515625 0.07109375
0 0.305078125 0.6890625 0.07421875 0.0734375
0 0.813671875 0.80546875 0.06015625 0.046875
0 0.737890625 0.830078125 0.07109375 0.05234375
0 0.65546875 0.9203125 0.0234375 0.0234375
0 0.55390625 0.893359375 0.0609375 0.06484375
0 0.46875 0.886328125 0.0671875 0.05703125
0 0.380859375 0.882421875 0.08046875 0.07578125
0 0.2765625 0.841796875 0.0734375 0.06015625
0 0.16875 0.774609375 0.0609375 0.04453125
0 0.104296875 0.7578125 0.05078125 0.04375
0 0.168359375 0.80078125 0.04921875 0.04375
0 0.121484375 0.800390625 0.04296875 0.04921875
0 0.1578125 0.869921875 0.040625 0.06015625
0 0.126953125 0.89140625 0.03203125 0.01875
0 0.108984375 0.85390625 0.06796875 0.0515625
0 0.59765625 0.753125 0.044921875 0.068359375
0 0.55859375 0.7265625 0.056640625 0.05859375
0 0.53515625 0.777734375 0.080078125 0.03984375