0 0.18671875 0.23203125 0.062890625 0.07421875
0 0.284375 0.29765625 0.050390625 0.071875
0 0.011328125 0.562890625 0.02265625 0.05546875
0 0.0234375 0.6046875 0.046484375 0.068359375
0 0.030078125 0.67890625 0.06015625 0.0640625
0 0.189453125 0.572265625 0.083203125 0.05625
0 0.241796875 0.643359375 0.05078125 0.073828125
0 0.2921875 0.655078125 0.0671875 0.063671875
0 0.613671875 0.715234375 0.088671875 0.0515625
0 0.544921875 0.794921875 0.06875 0.055859375
0 0.5609375 0.832421875 0.053515625 0.065625
0 0.787890625 0.778515625 0.0640625 0.0796875
0 0.846484375 0.69140625 0.058203125 0.06640625
0 0.864453125 0.648046875 0.057421875 0.056640625
0 0.896484375 0.615234375 0.0609375 0.058984375
0 0.923828125 0.646484375 0.067578125 0.07421875
0 0.92578125 0.5828125 0.07578125 0.05234375
0 0.884765625 0.53515625 0.06328125 0.06640625
0 0.63359375 0.4828125 0.041796875 0.06484375
0 0.65859375 0.45625 0.043359375 0.062890625
0 0.623828125 0.43984375 0.054296875 0.06328125
0 0.617578125 0.40234375 0.0546875 0.06328125
0 0.6609375 0.405859375 0.054296875 0.066796875
0 0.501953125 0.892578125 0.07109375 0.05390625
0 0.45703125 0.891796875 0.05078125 0.055078125
0 0.422265625 0.886328125 0.055859375 0.04140625
0 0.44765625 0.846875 0.063671875 0.050390625
0 0.398828125 0.85625 0.07265625 0.053515625