0 0.1703125 0.830078125 0.053125 0.07578125
0 0.2609375 0.838671875 0.04375 0.07578125
0 0.22578125 0.79140625 0.059375 0.04375
0 0.180078125 0.778515625 0.03359375 0.05234375
0 0.10625 0.8140625 0.06875 0.040625
0 0.0640625 0.7875 0.046875 0.0265625
0 0.040234375 0.812890625 0.07421875 0.03203125
0 0.0140625 0.851953125 0.0265625 0.05078125
0 0.026171875 0.77421875 0.05078125 0.0359375
0 0.08359375 0.741796875 0.05625 0.05546875
0 0.137109375 0.743359375 0.04453125 0.05546875
0 0.049609375 0.715234375 0.03515625 0.05234375
0 0.069140625 0.662109375 0.06328125 0.03046875
0 0.475390625 0.59140625 0.06015625 0.0421875
0 0.31015625 0.525390625 0.040625 0.04140625
0 0.2640625 0.54140625 0.0515625 0.0453125
0 0.309375 0.564453125 0.0546875 0.04609375
0 0.2609375 0.591015625 0.04375 0.03828125
0 0.31015625 0.633984375 0.059375 0.05234375
0 0.33671875 0.615234375 0.053125 0.04765625
0 0.393359375 0.65859375 0.04765625 0.0609375
0 0.359765625 0.6703125 0.04921875 0.04375
0 0.304296875 0.683984375 0.06953125 0.03984375
0 0.223046875 0.633984375 0.04765625 0.04921875
0 0.23671875 0.71484375 0.046875 0.053125
0 0.195703125 0.700390625 0.04765625 0.04921875
0 0.163671875 0.648828125 0.06953125 0.04296875
0 0.10546875 0.685546875 0.0453125 0.04921875
0 0.272265625 0.74296875 0.05546875 0.04375
0 0.32421875 0.756640625 0.05625 0.04765625
0 0.353125 0.7953125 0.0375 0.0453125
0 0.353515625 0.84765625 0.04453125 0.0546875
0 0.404296875 0.835546875 0.05078125 0.03984375