0 0.028515625 0.249609375 0.05703125 0.08046875
0 0.38046875 0.191015625 0.04453125 0.077734375
0 0.44921875 0.1984375 0.051953125 0.078125
0 0.6015625 0.220703125 0.083984375 0.0703125
0 0.959765625 0.53359375 0.066015625 0.067578125
0 0.381640625 0.34296875 0.069921875 0.067578125
0 0.1765625 0.451171875 0.08984375 0.06484375
0 0.040234375 0.526953125 0.08046875 0.05390625
0 0.012890625 0.584765625 0.02578125 0.065625
0 0.0390625 0.625390625 0.061328125 0.075
0 0.116015625 0.58984375 0.065234375 0.0578125
0 0.018359375 0.859375 0.036328125 0.089453125
0 0.0671875 0.833203125 0.058203125 0.072265625
0 0.1234375 0.837109375 0.053515625 0.077734375
0 0.212109375 0.6625 0.068359375 0.06875
0 0.297265625 0.784765625 0.05859375 0.075
0 0.3078125 0.708984375 0.051171875 0.083984375
0 0.335546875 0.596484375 0.0796875 0.047265625
0 0.37421875 0.462109375 0.0453125 0.086328125
0 0.49296875 0.526171875 0.055078125 0.073828125
0 0.4625 0.5859375 0.080859375 0.046484375
0 0.605078125 0.674609375 0.05625 0.060546875
0 0.4125 0.651953125 0.080859375 0.058984375
0 0.436328125 0.701171875 0.0515625 0.070703125
0 0.465234375 0.732421875 0.0671875 0.050390625
0 0.4625 0.787109375 0.075 0.04921875
0 0.530078125 0.86953125 0.069921875 0.055859375
0 0.59140625 0.8625 0.07109375 0.052734375
0 0.6796875 0.853515625 0.075 0.0515625