0 0.92890625 0.08046875 0.085546875 0.078125
0 0.90546875 0.158984375 0.0828125 0.0640625
0 0.880859375 0.1890625 0.090234375 0.05703125
0 0.656640625 0.165625 0.075390625 0.07578125
0 0.961328125 0.11953125 0.076953125 0.06953125
0 0.971484375 0.165234375 0.05703125 0.083203125
0 0.983984375 0.209375 0.03203125 0.0671875
0 0.891015625 0.858984375 0.071875 0.067578125
0 0.806640625 0.771484375 0.083203125 0.0640625
0 0.655078125 0.827734375 0.06875 0.0890625
0 0.635546875 0.881640625 0.07421875 0.061328125
0 0.598828125 0.808984375 0.0546875 0.080859375
0 0.51796875 0.794921875 0.0640625 0.0859375
0 0.559765625 0.7984375 0.04296875 0.076171875
0 0.59921875 0.85390625 0.068359375 0.052734375
0 0.58203125 0.8890625 0.044921875 0.0625
0 0.522265625 0.846484375 0.096484375 0.067578125
0 0.4609375 0.874609375 0.05859375 0.078125
0 0.359375 0.83828125 0.0703125 0.06953125
0 0.13046875 0.805078125 0.065234375 0.09375
0 0.111328125 0.71875 0.09765625 0.076171875
0 0.22890625 0.71328125 0.08046875 0.064453125
0 0.253125 0.76171875 0.08984375 0.074609375
0 0.073828125 0.5484375 0.072265625 0.069921875
0 0.133203125 0.5796875 0.05703125 0.078125
0 0.08828125 0.60234375 0.065234375 0.068359375
0 0.025390625 0.530859375 0.05078125 0.07890625
0 0.042578125 0.348828125 0.08515625 0.0578125
0 0.014453125 0.392578125 0.02890625 0.06484375
0 0.300390625 0.26875 0.06171875 0.087109375
0 0.039453125 0.0859375 0.077734375 0.064453125
0 0.119140625 0.0828125 0.0953125 0.062109375
0 0.221484375 0.1390625 0.064453125 0.076953125
0 0.161328125 0.210546875 0.059765625 0.09296875
0 0.212109375 0.202734375 0.048046875 0.08359375
0 0.1640625 0.151953125 0.0734375 0.053125
0 0.355078125 0.16875 0.0828125 0.06171875
0 0.446484375 0.10546875 0.0734375 0.13515625
0 0.366015625 0.109375 0.07734375 0.059765625
0 0.334375 0.09609375 0.0578125 0.089453125
0 0.284765625 0.075390625 0.081640625 0.06953125
0 0.26875 0.10078125 0.077734375 0.07734375
0 0.551953125 0.074609375 0.07734375 0.076953125
0 0.01171875 0.66953125 0.0234375 0.0609375