0 0.915234375 0.676171875 0.054296875 0.085546875
0 0.8609375 0.7078125 0.0859375 0.065234375
0 0.7484375 0.743359375 0.0671875 0.073046875
0 0.900390625 0.84375 0.066015625 0.079296875
0 0.9515625 0.8734375 0.062890625 0.070703125
0 0.992578125 0.864453125 0.01484375 0.06640625
0 0.515234375 0.7671875 0.080078125 0.082421875
0 0.640234375 0.75703125 0.075390625 0.07890625
0 0.981640625 0.46875 0.03671875 0.0796875
0 0.933203125 0.46015625 0.065234375 0.06796875
0 0.841015625 0.418359375 0.0625 0.102734375
0 0.63984375 0.648828125 0.0890625 0.052734375
0 0.626171875 0.61015625 0.07578125 0.03984375
0 0.73359375 0.605859375 0.070703125 0.0703125
0 0.70078125 0.6421875 0.08359375 0.04765625
0 0.58671875 0.694921875 0.0828125 0.08828125
0 0.459765625 0.67578125 0.08359375 0.09296875
0 0.973046875 0.336328125 0.05390625 0.080078125
0 0.936328125 0.400390625 0.076953125 0.07265625
0 0.948828125 0.35390625 0.053515625 0.073828125
0 0.38515625 0.778125 0.058984375 0.08359375
0 0.346484375 0.90703125 0.07734375 0.03515625
0 0.421875 0.815625 0.0671875 0.075390625
0 0.390625 0.85703125 0.05859375 0.08046875
0 0.468359375 0.878515625 0.04453125 0.103515625
0 0.52578125 0.8515625 0.066796875 0.07109375
0 0.43828125 0.88125 0.04453125 0.087890625
0 0.727734375 0.85390625 0.061328125 0.074609375
0 0.807421875 0.825 0.058203125 0.05625
0 0.814453125 0.866015625 0.07265625 0.05078125
0 0.64375 0.818359375 0.06953125 0.045703125
0 0.599609375 0.845703125 0.04375 0.0703125
0 0.637890625 0.86484375 0.059375 0.063671875
0 0.5875 0.90703125 0.06640625 0.03828125
0 0.494921875 0.56875 0.0734375 0.055859375
0 0.509375 0.50546875 0.0703125 0.077734375
0 0.518359375 0.4609375 0.071484375 0.050390625
0 0.580078125 0.429296875 0.07109375 0.056640625
0 0.70078125 0.52734375 0.071484375 0.07890625
0 0.840234375 0.509765625 0.074609375 0.0625
0 0.76796875 0.474609375 0.083984375 0.083203125
0 0.690625 0.434765625 0.070703125 0.062890625
0 0.648828125 0.482421875 0.06015625 0.057421875
0 0.4296875 0.503125 0.056640625 0.08515625
0 0.807421875 0.112890625 0.07578125 0.045703125
0 0.8484375 0.1015625 0.06953125 0.0578125
0 0.904296875 0.09609375 0.031640625 0.06015625
0 0.737109375 0.1140625 0.053125 0.06796875
0 0.94921875 0.096875 0.06796875 0.05234375
0 0.957421875 0.125 0.054296875 0.089453125
0 0.9890625 0.135546875 0.021875 0.080078125
0 0.826953125 0.16328125 0.0671875 0.08515625
0 0.869140625 0.1453125 0.059375 0.04921875
0 0.917578125 0.144140625 0.04453125 0.067578125
0 0.866015625 0.28671875 0.07578125 0.084375
0 0.779296875 0.38359375 0.062109375 0.05859375
0 0.863671875 0.341796875 0.05625 0.0671875
0 0.80625 0.36484375 0.068359375 0.053125
0 0.78046875 0.187109375 0.06875 0.077734375
0 0.744921875 0.241015625 0.0625 0.06796875
0 0.844140625 0.225 0.087109375 0.05
0 0.442578125 0.729296875 0.06484375 0.08671875
0 0.298046875 0.78515625 0.063671875 0.07578125
0 0.32421875 0.737109375 0.060546875 0.069140625
0 0.336328125 0.696484375 0.08671875 0.0484375
0 0.34609375 0.659765625 0.064453125 0.066015625
0 0.393359375 0.559375 0.062109375 0.06640625
0 0.27421875 0.553515625 0.08203125 0.062890625
0 0.341015625 0.424609375 0.067578125 0.060546875
0 0.237890625 0.880859375 0.07578125 0.06640625
0 0.29453125 0.84609375 0.079296875 0.05546875
0 0.257421875 0.81875 0.05390625 0.076953125
0 0.196484375 0.80625 0.050390625 0.046875
0 0.16640625 0.79765625 0.052734375 0.062890625
0 0.16953125 0.870703125 0.053125 0.034765625
0 0.19375 0.8703125 0.03515625 0.038671875
0 0.178515625 0.842578125 0.080859375 0.03359375
0 0.177734375 0.74921875 0.070703125 0.071484375
0 0.2609375 0.7375 0.079296875 0.059765625
0 0.281640625 0.71015625 0.048046875 0.0765625
0 0.219921875 0.698828125 0.058984375 0.07734375
0 0.247265625 0.4921875 0.101953125 0.077734375
0 0.187109375 0.569921875 0.083203125 0.047265625
0 0.15625 0.547265625 0.07265625 0.05234375
0 0.161328125 0.70234375 0.055859375 0.04375
0 0.1640625 0.66875 0.053125 0.042578125
0 0.19609375 0.6703125 0.063671875 0.05078125
0 0.153515625 0.63203125 0.05859375 0.044140625
0 0.202734375 0.6125 0.06796875 0.059375
0 0.266796875 0.6140625 0.091796875 0.07578125
0 0.161328125 0.505078125 0.090625 0.04296875
0 0.1625 0.47578125 0.083203125 0.03828125
0 0.15078125 0.352734375 0.075 0.06015625
0 0.16796875 0.141015625 0.058203125 0.05703125
0 0.1734375 0.1140625 0.069140625 0.060546875
0 0.2109375 0.105859375 0.05 0.051171875
0 0.265234375 0.1 0.0609375 0.044921875
0 0.275390625 0.184375 0.068359375 0.0734375
0 0.3125 0.1765625 0.05234375 0.053515625
0 0.35078125 0.2125 0.06796875 0.06796875
0 0.403515625 0.190234375 0.06015625 0.082421875
0 0.440234375 0.20234375 0.075 0.063671875
0 0.15 0.184765625 0.042578125 0.05390625
0 0.326171875 0.278515625 0.07109375 0.071875
0 0.225 0.431640625 0.047265625 0.06640625
0 0.269140625 0.424609375 0.049609375 0.074609375
0 0.2109375 0.357421875 0.073828125 0.053125
0 0.1390625 0.30390625 0.04765625 0.05
0 0.152734375 0.2609375 0.044140625 0.0640625
0 0.172265625 0.215234375 0.061328125 0.05546875
0 0.199609375 0.242578125 0.0578125 0.06484375
0 0.18515625 0.3 0.055078125 0.054296875
0 0.246484375 0.283984375 0.077734375 0.048046875
0 0.245703125 0.250390625 0.065234375 0.046875
0 0.450390625 0.108984375 0.104296875 0.076171875
0 0.37421875 0.13125 0.073046875 0.046875
0 0.386328125 0.099609375 0.04609375 0.04921875
0 0.332421875 0.140234375 0.091015625 0.069921875
0 0.317578125 0.089453125 0.0390625 0.042578125
0 0.471875 0.282421875 0.066796875 0.062890625
0 0.51875 0.27734375 0.052734375 0.065625
0 0.26640625 0.3125 0.080859375 0.05
0 0.346875 0.3390625 0.046484375 0.0703125
0 0.3859375 0.323828125 0.052734375 0.0890625
0 0.42265625 0.36015625 0.0703125 0.081640625
0 0.42734375 0.31328125 0.061328125 0.05078125
0 0.26953125 0.375390625 0.0859375 0.06875
0 0.31953125 0.377734375 0.062109375 0.070703125
0 0.48046875 0.430859375 0.090234375 0.0453125
0 0.5265625 0.37734375 0.068359375 0.05234375
0 0.49453125 0.3890625 0.064453125 0.046875
0 0.5359375 0.323046875 0.066796875 0.053125
0 0.480078125 0.33671875 0.04609375 0.046875
0 0.4578125 0.36953125 0.048828125 0.058203125
0 0.663671875 0.3734375 0.073046875 0.09375
0 0.728125 0.323046875 0.0484375 0.0828125
0 0.59921875 0.225390625 0.058984375 0.064453125
0 0.55625 0.20390625 0.06015625 0.07109375
0 0.606640625 0.267578125 0.092578125 0.0578125
0 0.657421875 0.28671875 0.0875 0.068359375
0 0.630859375 0.326953125 0.06484375 0.0578125
0 0.64765625 0.098828125 0.073828125 0.059375
0 0.580078125 0.146875 0.059375 0.0796875
0 0.585546875 0.10546875 0.065625 0.059375
0 0.540625 0.09609375 0.06875 0.04453125
0 0.63203125 0.159375 0.054296875 0.072265625
0 0.675390625 0.15390625 0.074609375 0.055078125
0 0.5296875 0.14140625 0.066015625 0.0625
0 0.669140625 0.22109375 0.08125 0.0640625
0 0.22421875 0.170703125 0.05234375 0.046484375
0 0.238671875 0.13359375 0.08046875 0.033984375
0 0.170703125 0.4203125 0.07578125 0.0625
0 0.14375 0.434375 0.04140625 0.03515625
0 0.390234375 0.61484375 0.066796875 0.06328125
0 0.225390625 0.8171875 0.03984375 0.06953125