0 0.98046875 0.18671875 0.038671875 0.05625
0 0.872265625 0.1796875 0.054296875 0.069921875
0 0.855859375 0.0875 0.073828125 0.0640625
0 0.848828125 0.1390625 0.058203125 0.07578125
0 0.8140625 0.15 0.053125 0.07578125
0 0.810546875 0.09921875 0.0578125 0.057421875
0 0.7609375 0.099609375 0.09296875 0.05859375
0 0.647265625 0.095703125 0.06328125 0.067578125
0 0.684375 0.15234375 0.06796875 0.061328125
0 0.599609375 0.09921875 0.064453125 0.0875
0 0.591015625 0.15 0.059765625 0.087109375
0 0.7796875 0.27109375 0.073828125 0.057421875
0 0.7265625 0.36640625 0.055859375 0.08828125
0 0.561328125 0.28828125 0.06484375 0.061328125
0 0.503515625 0.28359375 0.0625 0.05625
0 0.44375 0.234375 0.0515625 0.062890625
0 0.2671875 0.14375 0.056640625 0.04375
0 0.271875 0.12421875 0.058203125 0.042578125
0 0.196875 0.1390625 0.076953125 0.050390625
0 0.16015625 0.18984375 0.0515625 0.06875
0 0.2 0.1859375 0.058203125 0.071484375
0 0.26953125 0.251171875 0.070703125 0.076953125
0 0.193359375 0.24921875 0.06171875 0.081640625
0 0.151171875 0.26171875 0.053125 0.059765625
0 0.15 0.3296875 0.04453125 0.066796875
0 0.178515625 0.305078125 0.071484375 0.046484375
0 0.19609375 0.33984375 0.077734375 0.046484375
0 0.255859375 0.357421875 0.076171875 0.046484375
0 0.164453125 0.393359375 0.0796875 0.043359375
0 0.218359375 0.415234375 0.099609375 0.05390625
0 0.146875 0.43984375 0.087890625 0.0640625
0 0.22421875 0.494921875 0.080859375 0.059765625
0 0.1703125 0.484765625 0.06328125 0.04765625
0 0.153515625 0.552734375 0.08359375 0.053125
0 0.15859375 0.58828125 0.09453125 0.048828125
0 0.155859375 0.637890625 0.082421875 0.046484375
0 0.18125 0.673046875 0.11484375 0.051171875
0 0.164453125 0.7109375 0.08046875 0.047265625
0 0.3203125 0.641796875 0.066796875 0.04921875
0 0.488671875 0.6375 0.07578125 0.045703125
0 0.214453125 0.714453125 0.090234375 0.047265625
0 0.1890625 0.736328125 0.07734375 0.046875
0 0.150390625 0.77421875 0.079296875 0.058984375
0 0.198828125 0.7828125 0.078515625 0.04296875
0 0.225390625 0.748046875 0.081640625 0.056640625
0 0.25234375 0.7625 0.051953125 0.069921875
0 0.28125 0.765234375 0.059765625 0.08125
0 0.1703125 0.809765625 0.07421875 0.037890625
0 0.193359375 0.818359375 0.0671875 0.059375
0 0.174609375 0.864453125 0.0578125 0.05390625
0 0.205078125 0.863671875 0.06640625 0.053515625
0 0.245703125 0.8796875 0.08203125 0.049609375
0 0.268359375 0.837109375 0.071875 0.04765625
0 0.227734375 0.82421875 0.091796875 0.04921875
0 0.32109375 0.815625 0.080078125 0.05078125
0 0.31953125 0.859765625 0.078515625 0.05625
0 0.284765625 0.92421875 0.055078125 0.06953125
0 0.332421875 0.7078125 0.068359375 0.05
0 0.330859375 0.734765625 0.083984375 0.043359375
0 0.3390625 0.765234375 0.05625 0.058203125
0 0.371484375 0.7125 0.048046875 0.0765625
0 0.374609375 0.751953125 0.083203125 0.037890625
0 0.378515625 0.7921875 0.053515625 0.0609375
0 0.4265625 0.793359375 0.062109375 0.06796875
0 0.43203125 0.746875 0.06171875 0.069921875
0 0.426171875 0.694140625 0.065625 0.075
0 0.494921875 0.723046875 0.06640625 0.08515625
0 0.469140625 0.7359375 0.05234375 0.06640625
0 0.471875 0.80546875 0.064453125 0.07734375
0 0.4171875 0.871875 0.06328125 0.074609375
0 0.36328125 0.854296875 0.09921875 0.075390625
0 0.3796875 0.9109375 0.057421875 0.071484375
0 0.448828125 0.926171875 0.083203125 0.0609375
0 0.533203125 0.751171875 0.04453125 0.08671875
0 0.502734375 0.83125 0.062109375 0.072265625
0 0.49296875 0.891015625 0.055078125 0.064453125
0 0.552734375 0.882421875 0.08671875 0.05078125
0 0.54765625 0.92265625 0.066796875 0.0484375
0 0.55859375 0.834765625 0.0421875 0.07578125
0 0.53515625 0.8328125 0.058203125 0.066796875
0 0.56796875 0.75078125 0.050390625 0.08046875
0 0.54453125 0.78359375 0.051171875 0.084765625
0 0.612109375 0.733984375 0.04921875 0.07421875
0 0.605859375 0.80703125 0.0484375 0.08671875
0 0.59921875 0.885546875 0.048828125 0.0734375
0 0.646875 0.85078125 0.06796875 0.044140625
0 0.6640625 0.79609375 0.077734375 0.044140625
0 0.67265625 0.773046875 0.062109375 0.046484375
0 0.6328125 0.77109375 0.04453125 0.074609375
0 0.68359375 0.82734375 0.059765625 0.05546875
0 0.682421875 0.875 0.058984375 0.054296875
0 0.639453125 0.8796875 0.04765625 0.039453125
0 0.673046875 0.91953125 0.05625 0.062109375
0 0.712109375 0.8921875 0.05390625 0.0640625
0 0.762890625 0.8859375 0.0640625 0.065625
0 0.728125 0.848046875 0.044921875 0.073828125
0 0.71796875 0.783984375 0.04296875 0.064453125
0 0.7390625 0.817578125 0.047265625 0.0703125
0 0.765234375 0.8265625 0.04765625 0.064453125
0 0.756640625 0.7796875 0.046484375 0.06640625
0 0.74140625 0.7453125 0.048046875 0.068359375
0 0.79921875 0.872265625 0.051171875 0.08203125
0 0.84296875 0.884375 0.0671875 0.056640625
0 0.8015625 0.77890625 0.05078125 0.081640625
0 0.815625 0.84921875 0.05390625 0.069921875
0 0.80859375 0.8171875 0.064453125 0.04296875
0 0.86328125 0.8078125 0.055859375 0.076171875
0 0.866796875 0.862890625 0.060546875 0.072265625
0 0.898828125 0.84765625 0.054296875 0.083203125
0 0.927734375 0.89140625 0.07109375 0.059375
0 0.969921875 0.886328125 0.059765625 0.07109375
0 0.919921875 0.815234375 0.06640625 0.05390625
0 0.970703125 0.82890625 0.0578125 0.0609375
0 0.9515625 0.78359375 0.065234375 0.048046875
0 0.98828125 0.791796875 0.0234375 0.04765625
0 0.96328125 0.741796875 0.0734375 0.05859375
0 0.98359375 0.701171875 0.0328125 0.0796875
0 0.897265625 0.7734375 0.047265625 0.053515625
0 0.84609375 0.75078125 0.057421875 0.0625
0 0.876953125 0.735546875 0.081640625 0.044921875
0 0.912109375 0.6890625 0.062890625 0.0703125
0 0.8765625 0.69921875 0.05390625 0.069140625
0 0.846875 0.69921875 0.046484375 0.068359375
0 0.796484375 0.712890625 0.07578125 0.051171875
0 0.80234375 0.676171875 0.057421875 0.071875
0 0.73828125 0.69375 0.088671875 0.05234375
0 0.708984375 0.587890625 0.07734375 0.046484375
0 0.720703125 0.64921875 0.06328125 0.057421875
0 0.698828125 0.7078125 0.051953125 0.07421875