0 0.977734375 0.86796875 0.04453125 0.07109375
0 0.948046875 0.722265625 0.0953125 0.08203125
0 0.648828125 0.8328125 0.05703125 0.075
0 0.71171875 0.88828125 0.0578125 0.05703125
0 0.66953125 0.879296875 0.053125 0.066015625
0 0.4390625 0.8375 0.07265625 0.0546875
0 0.550390625 0.86953125 0.05 0.07890625
0 0.484765625 0.880078125 0.06640625 0.068359375
0 0.6265625 0.880859375 0.053125 0.058203125
0 0.96171875 0.5890625 0.076171875 0.087109375
0 0.884375 0.64140625 0.070703125 0.072265625
0 0.898828125 0.4703125 0.072265625 0.06953125
0 0.22265625 0.237890625 0.071484375 0.067578125
0 0.3046875 0.2328125 0.059765625 0.07890625
0 0.35625 0.15703125 0.065234375 0.0765625
0 0.025390625 0.703125 0.05078125 0.059375