0 0.9859375 0.068359375 0.028125 0.04453125
0 0.872265625 0.12265625 0.0890625 0.066015625
0 0.90859375 0.13359375 0.078515625 0.076171875
0 0.861328125 0.183203125 0.08046875 0.0734375
0 0.900390625 0.08359375 0.06875 0.042578125
0 0.927734375 0.0765625 0.06015625 0.053125
0 0.946875 0.06171875 0.059375 0.05546875
0 0.845703125 0.053125 0.08515625 0.0578125
0 0.816015625 0.118359375 0.05625 0.0890625
0 0.7890625 0.102734375 0.05625 0.09453125
0 0.753125 0.084375 0.080078125 0.066796875
0 0.723828125 0.062109375 0.06328125 0.07265625
0 0.6625 0.073828125 0.054296875 0.071875
0 0.702734375 0.13046875 0.077734375 0.072265625
0 0.718359375 0.172265625 0.073828125 0.058203125
0 0.65625 0.149609375 0.05625 0.083984375
0 0.601171875 0.1625 0.078125 0.05546875
0 0.590625 0.07421875 0.072265625 0.06796875
0 0.589453125 0.2109375 0.07578125 0.06640625
0 0.6484375 0.267578125 0.061328125 0.080078125
0 0.708203125 0.235546875 0.08046875 0.073046875
0 0.73828125 0.2546875 0.060546875 0.10546875
0 0.814453125 0.2484375 0.090234375 0.058203125
0 0.896875 0.2609375 0.058203125 0.07890625
0 0.970703125 0.3890625 0.058203125 0.0625
0 0.77109375 0.342578125 0.061328125 0.071484375
0 0.821484375 0.43984375 0.060546875 0.08046875
0 0.741015625 0.40703125 0.074609375 0.048828125
0 0.7109375 0.331640625 0.078125 0.058984375
0 0.521484375 0.208203125 0.06015625 0.081640625
0 0.54765625 0.266796875 0.065625 0.0890625
0 0.530078125 0.34375 0.057421875 0.074609375
0 0.484375 0.28984375 0.083984375 0.0671875
0 0.6359375 0.442578125 0.079296875 0.0734375
0 0.577734375 0.437890625 0.084765625 0.065625
0 0.582421875 0.503125 0.072265625 0.0765625
0 0.51953125 0.51015625 0.05546875 0.066015625
0 0.509375 0.56171875 0.05078125 0.0734375
0 0.449609375 0.580859375 0.0796875 0.058984375
0 0.46875 0.541796875 0.06484375 0.056640625
0 0.439453125 0.4953125 0.061328125 0.076171875
0 0.486328125 0.496484375 0.063671875 0.069140625
0 0.446484375 0.387890625 0.07890625 0.06015625
0 0.373828125 0.391796875 0.075 0.0640625
0 0.315625 0.41953125 0.062890625 0.07109375
0 0.387109375 0.4375 0.08515625 0.047265625
0 0.3703125 0.48984375 0.09140625 0.05390625
0 0.378125 0.54140625 0.080859375 0.059765625
0 0.368359375 0.609765625 0.0625 0.078515625
0 0.42734375 0.690625 0.0703125 0.06171875
0 0.4125 0.73671875 0.059765625 0.068359375
0 0.273046875 0.5859375 0.076171875 0.059375
0 0.306640625 0.625390625 0.070703125 0.078515625
0 0.341015625 0.6640625 0.0796875 0.050390625
0 0.36953125 0.7453125 0.048046875 0.076171875
0 0.328515625 0.74609375 0.06953125 0.0625
0 0.319140625 0.7109375 0.0703125 0.055859375
0 0.3359375 0.804296875 0.065234375 0.09140625
0 0.229296875 0.62890625 0.07109375 0.04765625
0 0.24921875 0.712109375 0.089453125 0.071484375
0 0.255078125 0.671875 0.06015625 0.074609375
0 0.201171875 0.673046875 0.093359375 0.0578125
0 0.27734375 0.76640625 0.0875 0.05703125
0 0.21953125 0.768359375 0.062109375 0.06953125
0 0.285546875 0.844921875 0.053515625 0.081640625
0 0.13671875 0.72109375 0.058984375 0.077734375
0 0.162109375 0.75859375 0.065625 0.067578125
0 0.208984375 0.807421875 0.06953125 0.053125
0 0.226953125 0.862890625 0.051953125 0.075
0 0.24453125 0.91484375 0.080078125 0.074609375
0 0.18046875 0.887890625 0.078125 0.05234375
0 0.083984375 0.7734375 0.04609375 0.08203125
0 0.1265625 0.791796875 0.05859375 0.07265625
0 0.1609375 0.8375 0.079296875 0.051953125
0 0.143359375 0.868359375 0.060546875 0.067578125
0 0.113671875 0.89765625 0.083203125 0.04609375
0 0.0796875 0.92578125 0.070703125 0.071484375
0 0.09765625 0.829296875 0.078515625 0.06015625
0 0.05234375 0.80546875 0.071875 0.052734375
0 0.020703125 0.82421875 0.04140625 0.0640625
0 0.01796875 0.891796875 0.0359375 0.08671875
0 0.048046875 0.9046875 0.056640625 0.0765625
0 0.07890625 0.86328125 0.084375 0.062890625
0 0.3828125 0.846484375 0.06484375 0.07109375
0 0.34140625 0.894921875 0.070703125 0.055859375
0 0.3921875 0.900390625 0.067578125 0.055859375
0 0.4359375 0.87734375 0.0578125 0.072265625
0 0.553125 0.830078125 0.077734375 0.064453125
0 0.605078125 0.8265625 0.053125 0.087109375
0 0.7078125 0.80390625 0.06328125 0.063671875
0 0.767578125 0.809765625 0.060546875 0.062890625
0 0.78828125 0.87890625 0.065625 0.075
0 0.964453125 0.777734375 0.07109375 0.06796875
0 0.9796875 0.86640625 0.040625 0.069140625
0 0.99296875 0.722265625 0.013671875 0.04765625
0 0.0390625 0.529296875 0.078125 0.06640625
0 0.018359375 0.58984375 0.03671875 0.08125
0 0.104296875 0.6203125 0.08125 0.0890625
0 0.0125 0.430078125 0.025 0.047265625
0 0.134765625 0.394140625 0.072265625 0.0671875
0 0.04765625 0.36171875 0.06015625 0.08046875
0 0.101171875 0.364453125 0.063671875 0.05859375
0 0.09765625 0.36875 0.06328125 0.055859375
0 0.188671875 0.3515625 0.058203125 0.069921875
0 0.23828125 0.348046875 0.071484375 0.065625
0 0.284765625 0.34140625 0.06953125 0.051953125
0 0.13984375 0.314453125 0.06015625 0.052734375
0 0.082421875 0.323046875 0.071875 0.05078125
0 0.144140625 0.35078125 0.062890625 0.04453125
0 0.1125 0.283203125 0.081640625 0.049609375
0 0.170703125 0.267578125 0.06875 0.0671875
0 0.03671875 0.2859375 0.073046875 0.072265625
0 0.018359375 0.233203125 0.036328125 0.0546875
0 0.049609375 0.22265625 0.058203125 0.07421875
0 0.228515625 0.2703125 0.060546875 0.07109375
0 0.016015625 0.137109375 0.03203125 0.064453125
0 0.008984375 0.0546875 0.01796875 0.0546875
0 0.019140625 0.088671875 0.03828125 0.04765625
0 0.034765625 0.065625 0.050390625 0.06875
0 0.049609375 0.149609375 0.0546875 0.074609375
0 0.080078125 0.07421875 0.053515625 0.077734375
0 0.1140625 0.059375 0.0484375 0.07109375
0 0.15859375 0.0671875 0.0609375 0.06640625
0 0.130078125 0.115625 0.06328125 0.0796875
0 0.0953125 0.157421875 0.076171875 0.06171875
0 0.14609375 0.172265625 0.080859375 0.06875
0 0.1703125 0.124609375 0.052734375 0.07421875
0 0.20625 0.1828125 0.044140625 0.05703125
0 0.24140625 0.214453125 0.07421875 0.055078125
0 0.225390625 0.075 0.05390625 0.0859375
0 0.276953125 0.076953125 0.062890625 0.06875
0 0.3875 0.06796875 0.067578125 0.065234375
0 0.33125 0.104296875 0.08046875 0.083203125
0 0.262109375 0.116015625 0.0703125 0.0625
0 0.226953125 0.151953125 0.07890625 0.076953125
0 0.475 0.069140625 0.06484375 0.079296875
0 0.435546875 0.112109375 0.061328125 0.1
0 0.451171875 0.19453125 0.059375 0.075390625
0 0.384375 0.170703125 0.069921875 0.063671875
0 0.33359375 0.155078125 0.062890625 0.06484375
0 0.289453125 0.18671875 0.0625 0.1015625
0 0.33515625 0.2015625 0.073046875 0.07265625
0 0.404296875 0.223046875 0.06640625 0.065234375
0 0.427734375 0.2671875 0.07578125 0.053515625
0 0.390625 0.297265625 0.06328125 0.07734375
0 0.360546875 0.327734375 0.052734375 0.06953125
0 0.3328125 0.263671875 0.0671875 0.070703125
0 0.30390625 0.27890625 0.06875 0.076953125