0 0.91328125 0.855078125 0.06328125 0.0453125
0 0.403515625 0.790234375 0.082421875 0.08125
0 0.56171875 0.554296875 0.078515625 0.071484375
0 0.469140625 0.426171875 0.066015625 0.08046875
0 0.751171875 0.526171875 0.066796875 0.094921875
0 0.579296875 0.249609375 0.088671875 0.06796875
0 0.43125 0.22421875 0.062109375 0.094140625
0 0.1203125 0.401171875 0.097265625 0.0625
0 0.188671875 0.32421875 0.09296875 0.064453125
0 0.043359375 0.28359375 0.073828125 0.0640625
0 0.115625 0.212890625 0.059375 0.103515625
0 0.013671875 0.259375 0.026953125 0.069140625
0 0.01875 0.201953125 0.0375 0.06328125
0 0.07109375 0.180859375 0.051953125 0.094140625
0 0.21171875 0.07265625 0.059765625 0.065234375
0 0.096484375 0.137890625 0.050390625 0.03203125
0 0.193359375 0.12265625 0.09140625 0.069140625
0 0.159765625 0.16953125 0.070703125 0.05234375
0 0.053515625 0.106640625 0.053125 0.075
0 0.09765625 0.10234375 0.0703125 0.05703125
0 0.169921875 0.069140625 0.054296875 0.071875
0 0.128515625 0.061328125 0.0484375 0.06484375
0 0.0859375 0.05234375 0.044921875 0.05859375
0 0.014453125 0.109765625 0.026171875 0.0703125
0 0.012109375 0.05546875 0.02421875 0.046484375
0 0.052734375 0.06171875 0.03984375 0.045703125
0 0.032421875 0.062109375 0.033203125 0.04609375
0 0.033984375 0.158984375 0.0421875 0.053515625
0 0.046484375 0.23359375 0.083203125 0.05546875
0 0.337109375 0.058203125 0.050390625 0.114453125
0 0.298046875 0.04921875 0.059765625 0.073046875
0 0.267578125 0.07265625 0.0859375 0.06640625
0 0.0078125 0.156640625 0.015625 0.03515625
0 0.42890625 0.04921875 0.076171875 0.0984375
0 0.379296875 0.071484375 0.051953125 0.072265625
0 0.378515625 0.13125 0.07265625 0.081640625
0 0.50078125 0.08671875 0.076171875 0.06484375
0 0.372265625 0.1734375 0.0875 0.059375
0 0.44765625 0.124609375 0.051171875 0.096484375
0 0.498828125 0.151953125 0.073046875 0.06328125
0 0.551171875 0.10859375 0.091015625 0.0671875
0 0.584375 0.074609375 0.069140625 0.076953125
0 0.637109375 0.056640625 0.06875 0.0625
0 0.69765625 0.06875 0.051953125 0.090625
0 0.646875 0.08984375 0.07578125 0.078125
0 0.563671875 0.16171875 0.08046875 0.0640625
0 0.628125 0.1421875 0.075 0.05234375
0 0.622265625 0.182421875 0.078515625 0.06171875
0 0.6765625 0.166796875 0.05859375 0.08515625
0 0.70859375 0.127734375 0.06640625 0.0921875
0 0.73359375 0.066015625 0.05859375 0.0671875
0 0.775 0.0671875 0.04296875 0.069921875
0 0.806640625 0.066015625 0.04609375 0.084375
0 0.75625 0.1078125 0.05703125 0.09296875
0 0.815234375 0.13125 0.062109375 0.07734375
0 0.877734375 0.04375 0.047265625 0.044921875
0 0.842578125 0.05625 0.044921875 0.0765625
0 0.85625 0.108203125 0.04453125 0.07109375
0 0.875 0.0796875 0.0359375 0.05546875
0 0.918359375 0.06171875 0.0546875 0.070703125
0 0.953515625 0.065234375 0.0515625 0.096484375
0 0.908984375 0.119140625 0.080859375 0.06015625
0 0.98046875 0.088671875 0.0390625 0.09453125
0 0.96953125 0.17890625 0.060546875 0.088671875
0 0.975390625 0.315234375 0.048828125 0.06953125
0 0.75 0.341015625 0.065625 0.066796875
0 0.141796875 0.112109375 0.047265625 0.056640625