0 0.971875 0.87421875 0.05625 0.0578125
0 0.9453125 0.848046875 0.0515625 0.077734375
0 0.88828125 0.87734375 0.06796875 0.050390625
0 0.8796875 0.831640625 0.05390625 0.055859375
0 0.9125 0.80078125 0.0671875 0.056640625
0 0.845703125 0.81015625 0.052734375 0.065625
0 0.93984375 0.7421875 0.061328125 0.059765625
0 0.99375 0.700390625 0.0125 0.03515625
0 0.793359375 0.7484375 0.06640625 0.0578125
0 0.7234375 0.77421875 0.059375 0.059375
0 0.66796875 0.658203125 0.0609375 0.069921875
0 0.521484375 0.65078125 0.082421875 0.071875
0 0.532421875 0.72890625 0.0625 0.066015625
0 0.5765625 0.84609375 0.057421875 0.07578125
0 0.5234375 0.855859375 0.068359375 0.06171875
0 0.275 0.838671875 0.08828125 0.069140625
0 0.2421875 0.771875 0.11171875 0.06640625
0 0.228515625 0.876171875 0.068359375 0.037109375
0 0.215234375 0.84609375 0.06796875 0.041015625
0 0.177734375 0.871875 0.0484375 0.0296875
0 0.177734375 0.846484375 0.056640625 0.03671875
0 0.246484375 0.80390625 0.066015625 0.037890625
0 0.202734375 0.818359375 0.0625 0.044140625
0 0.166796875 0.8125 0.05390625 0.04140625
0 0.168359375 0.79296875 0.070703125 0.04453125
0 0.210546875 0.720703125 0.08046875 0.052734375
0 0.161328125 0.7671875 0.05625 0.03828125
0 0.1609375 0.738671875 0.0546875 0.043359375
0 0.16953125 0.694921875 0.0671875 0.05078125
0 0.262109375 0.691015625 0.069140625 0.08046875
0 0.338671875 0.6890625 0.058203125 0.06328125
0 0.360546875 0.655859375 0.083984375 0.0453125
0 0.319921875 0.633984375 0.071484375 0.04375
0 0.271875 0.64140625 0.071875 0.0390625
0 0.246484375 0.619921875 0.07734375 0.046875
0 0.1875 0.630859375 0.075 0.045703125
0 0.157421875 0.657421875 0.07890625 0.038671875
0 0.15546875 0.60078125 0.059375 0.046875
0 0.154296875 0.5625 0.05078125 0.039453125
0 0.221875 0.548828125 0.061328125 0.077734375
0 0.254296875 0.493359375 0.072265625 0.0421875
0 0.18359375 0.50390625 0.049609375 0.05859375
0 0.161328125 0.525390625 0.06484375 0.043359375
0 0.158984375 0.490234375 0.066796875 0.0375
0 0.159375 0.46328125 0.075390625 0.034375
0 0.15234375 0.426171875 0.059765625 0.04765625
0 0.3125 0.424609375 0.090625 0.077734375
0 0.2703125 0.389453125 0.069921875 0.067578125
0 0.229296875 0.353125 0.076953125 0.068359375
0 0.21328125 0.40234375 0.05703125 0.055078125
0 0.17421875 0.401171875 0.061328125 0.05390625
0 0.14609375 0.390234375 0.035546875 0.040625
0 0.15390625 0.361328125 0.06171875 0.037890625
0 0.14765625 0.341015625 0.05 0.044921875
0 0.18125 0.315234375 0.06328125 0.045703125
0 0.151953125 0.297265625 0.06015625 0.04375
0 0.174609375 0.277734375 0.073046875 0.03828125
0 0.150390625 0.25859375 0.06171875 0.0484375
0 0.2015625 0.248046875 0.06640625 0.04375
0 0.1546875 0.225 0.062890625 0.043359375
0 0.2125 0.20078125 0.0609375 0.064453125
0 0.163671875 0.195703125 0.049609375 0.03671875
0 0.151953125 0.165625 0.047265625 0.052734375
0 0.194140625 0.155859375 0.053125 0.0578125
0 0.15078125 0.142578125 0.05390625 0.04609375
0 0.16328125 0.09765625 0.05078125 0.079296875
0 0.240625 0.130859375 0.056640625 0.066796875
0 0.208984375 0.1109375 0.054296875 0.05703125
0 0.200390625 0.353515625 0.04140625 0.06796875
0 0.2734375 0.276171875 0.036328125 0.090625
0 0.31875 0.283203125 0.08125 0.08359375
0 0.575390625 0.521484375 0.053125 0.075
0 0.540625 0.451953125 0.0796875 0.057421875
0 0.5140625 0.424609375 0.049609375 0.049609375
0 0.4875 0.373828125 0.079296875 0.051953125
0 0.523046875 0.3296875 0.0515625 0.0671875
0 0.475 0.335546875 0.0765625 0.047265625
0 0.4296875 0.289453125 0.05390625 0.068359375
0 0.38046875 0.290625 0.069140625 0.06171875
0 0.3984375 0.241796875 0.078125 0.042578125
0 0.349609375 0.212109375 0.064453125 0.05703125
0 0.280078125 0.130078125 0.06171875 0.05390625
0 0.25703125 0.09609375 0.062109375 0.03828125
0 0.310546875 0.100390625 0.07265625 0.047265625
0 0.347265625 0.144140625 0.05390625 0.06171875
0 0.367578125 0.105859375 0.06640625 0.062890625
0 0.4 0.159375 0.059765625 0.0859375
0 0.45234375 0.17109375 0.080078125 0.061328125
0 0.51875 0.198828125 0.083203125 0.065625
0 0.60546875 0.151953125 0.08203125 0.06171875
0 0.41484375 0.099609375 0.047265625 0.053515625
0 0.474609375 0.123828125 0.065625 0.056640625
0 0.45390625 0.106640625 0.054296875 0.059765625
0 0.5015625 0.1015625 0.077734375 0.062109375
0 0.551171875 0.1 0.073046875 0.05546875
0 0.590625 0.38203125 0.073828125 0.058203125
0 0.58203125 0.348046875 0.069921875 0.04765625
0 0.60859375 0.44375 0.071875 0.048046875
0 0.613671875 0.398828125 0.074609375 0.048828125
0 0.64453125 0.462890625 0.04765625 0.072265625
0 0.68515625 0.444140625 0.05859375 0.062109375
0 0.72421875 0.433203125 0.055078125 0.07109375
0 0.74453125 0.4015625 0.06015625 0.062109375
0 0.6609375 0.345703125 0.07890625 0.044140625
0 0.699609375 0.301171875 0.083984375 0.06328125
0 0.66875 0.277734375 0.075 0.053125
0 0.66640625 0.204296875 0.06484375 0.087109375
0 0.75078125 0.243359375 0.050390625 0.0796875
0 0.78515625 0.2625 0.044921875 0.066796875
0 0.837109375 0.337109375 0.054296875 0.06875
0 0.82421875 0.2734375 0.055859375 0.066796875
0 0.782421875 0.3375 0.076171875 0.06015625
0 0.92890625 0.269921875 0.067578125 0.06484375
0 0.9484375 0.246484375 0.0640625 0.049609375
0 0.99765625 0.27734375 0.004296875 0.037109375
0 0.971875 0.208203125 0.05625 0.047265625
0 0.924609375 0.201171875 0.050390625 0.073046875
0 0.9 0.166796875 0.07109375 0.05390625
0 0.962109375 0.1640625 0.061328125 0.04765625
0 0.9859375 0.14921875 0.028125 0.054296875
0 0.8 0.159765625 0.0625 0.0515625
0 0.823828125 0.13984375 0.06796875 0.047265625
0 0.851171875 0.08984375 0.050390625 0.059765625
0 0.819921875 0.100390625 0.052734375 0.0625
0 0.786328125 0.105078125 0.045703125 0.066796875
0 0.74765625 0.1015625 0.055859375 0.062109375
0 0.7078125 0.104296875 0.04375 0.069921875
0 0.657421875 0.099609375 0.071484375 0.05078125
0 0.88203125 0.132421875 0.058203125 0.049609375
0 0.9359375 0.121875 0.06640625 0.06953125
0 0.898828125 0.09296875 0.05 0.046484375
0 0.919140625 0.09921875 0.051171875 0.0484375
0 0.95390625 0.091796875 0.0515625 0.064453125
0 0.980859375 0.109375 0.037890625 0.070703125
0 0.98203125 0.08359375 0.0359375 0.034375
0 0.296484375 0.899609375 0.069921875 0.045703125