0 0.079296875 0.328125 0.062109375 0.0578125
0 0.235546875 0.49765625 0.074609375 0.06796875
0 0.2296875 0.7203125 0.06484375 0.080859375
0 0.178515625 0.676171875 0.0703125 0.059765625
0 0.075390625 0.639453125 0.06640625 0.078515625
0 0.60078125 0.7109375 0.0578125 0.058984375
0 0.696875 0.65 0.05625 0.073828125
0 0.834765625 0.34921875 0.06328125 0.073046875
0 0.66953125 0.33984375 0.04765625 0.07578125
0 0.62265625 0.58828125 0.0421875 0.078125
0 0.8453125 0.701171875 0.0734375 0.052734375
0 0.856640625 0.621484375 0.071875 0.0640625
0 0.516015625 0.448828125 0.08671875 0.065625
0 0.453515625 0.3921875 0.0625 0.05234375
0 0.40625 0.35703125 0.042578125 0.065625
0 0.7390625 0.276171875 0.04765625 0.070703125
0 0.9578125 0.63515625 0.074609375 0.059375
0 0.951171875 0.8359375 0.07421875 0.073046875
0 0.816015625 0.8765625 0.0671875 0.0625
0 0.66953125 0.753515625 0.049609375 0.0703125
0 0.6953125 0.784375 0.051953125 0.06640625
0 0.652734375 0.801953125 0.039453125 0.087109375
0 0.433984375 0.81796875 0.078125 0.08203125
0 0.478515625 0.886328125 0.046484375 0.06171875
0 0.51640625 0.880859375 0.044140625 0.058984375
0 0.5453125 0.883203125 0.044140625 0.071875
0 0.56953125 0.8671875 0.042578125 0.0640625
0 0.601953125 0.903125 0.04765625 0.043359375
0 0.612890625 0.858984375 0.07109375 0.069921875