0 0.0109375 0.2125 0.021875 0.059375
0 0.01015625 0.165234375 0.019921875 0.06328125
0 0.03671875 0.106640625 0.0734375 0.068359375
0 0.091796875 0.100390625 0.075 0.07265625
0 0.096875 0.184765625 0.084375 0.06796875
0 0.142578125 0.251953125 0.09765625 0.075390625
0 0.16171875 0.08359375 0.072265625 0.077734375
0 0.223828125 0.086328125 0.062109375 0.126953125
0 0.270703125 0.062890625 0.068359375 0.078515625
0 0.277734375 0.105859375 0.072265625 0.0609375
0 0.3328125 0.08359375 0.057421875 0.08671875
0 0.3890625 0.087109375 0.072265625 0.106640625
0 0.331640625 0.1484375 0.098828125 0.05859375
0 0.366015625 0.206640625 0.0671875 0.073828125
0 0.470703125 0.06640625 0.08671875 0.06640625
0 0.504296875 0.09453125 0.062890625 0.0796875
0 0.569140625 0.09609375 0.076171875 0.069140625
0 0.605859375 0.072265625 0.08046875 0.06484375
0 0.663671875 0.083984375 0.078515625 0.081640625
0 0.743359375 0.066796875 0.087109375 0.075390625
0 0.82578125 0.06640625 0.065234375 0.080859375
0 0.785546875 0.098828125 0.05859375 0.08671875
0 0.877734375 0.09765625 0.054296875 0.08515625
0 0.911328125 0.072265625 0.0578125 0.083203125
0 0.94921875 0.088671875 0.05703125 0.09296875
0 0.980078125 0.066796875 0.03984375 0.076953125
0 0.9703125 0.162890625 0.059375 0.06796875
0 0.98046875 0.12265625 0.038671875 0.053515625
0 0.81015625 0.1484375 0.066796875 0.08359375
0 0.73359375 0.151953125 0.092578125 0.062890625
0 0.841796875 0.204296875 0.087109375 0.061328125
0 0.961328125 0.24921875 0.075390625 0.095703125
0 0.976171875 0.26640625 0.047265625 0.069921875
0 0.943359375 0.286328125 0.073828125 0.0890625
0 0.934765625 0.36875 0.0734375 0.0796875
0 0.96484375 0.3984375 0.0703125 0.05859375
0 0.98671875 0.4875 0.026171875 0.05703125
0 0.98046875 0.54921875 0.038671875 0.066015625
0 0.9265625 0.525 0.080078125 0.058203125
0 0.9109375 0.574609375 0.073046875 0.0796875
0 0.86015625 0.606640625 0.089453125 0.045703125
0 0.876953125 0.64296875 0.091796875 0.053515625
0 0.92578125 0.69609375 0.096875 0.053125
0 0.976171875 0.895703125 0.047265625 0.080859375
0 0.926171875 0.90859375 0.069921875 0.10078125
0 0.8671875 0.88046875 0.061328125 0.08671875
0 0.83828125 0.90625 0.068359375 0.080078125
0 0.778125 0.864453125 0.063671875 0.07890625
0 0.72109375 0.716015625 0.08203125 0.07421875
0 0.751953125 0.731640625 0.065625 0.07109375
0 0.7109375 0.788671875 0.0796875 0.05859375
0 0.71328125 0.87109375 0.057421875 0.088671875
0 0.678125 0.892578125 0.054296875 0.087890625
0 0.64140625 0.873828125 0.0578125 0.0890625
0 0.653515625 0.805078125 0.060546875 0.0875
0 0.593359375 0.827734375 0.06640625 0.100390625
0 0.6 0.9015625 0.05703125 0.06484375
0 0.55625 0.89453125 0.056640625 0.0796875
0 0.526953125 0.79140625 0.075 0.073828125
0 0.51875 0.89609375 0.058203125 0.0828125
0 0.483203125 0.90625 0.06796875 0.06015625
0 0.442578125 0.866796875 0.103515625 0.07578125
0 0.406640625 0.8984375 0.0796875 0.0578125
0 0.34765625 0.8734375 0.08203125 0.10390625
0 0.027734375 0.879296875 0.05546875 0.08203125
0 0.10859375 0.895703125 0.071875 0.06640625
0 0.233984375 0.779296875 0.071484375 0.08828125
0 0.40859375 0.712890625 0.08125 0.0671875
0 0.11328125 0.76875 0.078125 0.055859375
0 0.112890625 0.715625 0.08359375 0.065625
0 0.198828125 0.6734375 0.062890625 0.07734375
0 0.2796875 0.6265625 0.095703125 0.053125
0 0.305078125 0.55 0.05859375 0.07109375
0 0.39453125 0.503125 0.089453125 0.0640625
0 0.176953125 0.514453125 0.087890625 0.048046875
0 0.1171875 0.603125 0.071875 0.09765625
0 0.166796875 0.561328125 0.07421875 0.056640625
0 0.20234375 0.5984375 0.09375 0.05234375
0 0.171875 0.64765625 0.07421875 0.06171875
0 0.011328125 0.445703125 0.02265625 0.05859375
0 0.070703125 0.5046875 0.086328125 0.057421875
0 0.163671875 0.446875 0.105078125 0.058203125
0 0.25546875 0.37109375 0.090625 0.05703125
0 0.344921875 0.3640625 0.075390625 0.08828125
0 0.459765625 0.2359375 0.09296875 0.057421875
0 0.546484375 0.27734375 0.057421875 0.076171875
0 0.50625 0.309375 0.0921875 0.05703125
0 0.521875 0.3703125 0.1 0.050390625
0 0.66171875 0.32578125 0.075 0.05625
0 0.658203125 0.389453125 0.069921875 0.075390625
0 0.522265625 0.195703125 0.072265625 0.071875
0 0.55 0.17109375 0.058203125 0.0921875
0 0.59453125 0.180078125 0.063671875 0.065234375
0 0.605859375 0.230078125 0.079296875 0.0609375
0 0.766015625 0.25234375 0.08515625 0.067578125
0 0.66875 0.451953125 0.097265625 0.060546875
0 0.870703125 0.301171875 0.0609375 0.079296875
0 0.79453125 0.346484375 0.073828125 0.055859375
0 0.87578125 0.431640625 0.112109375 0.0671875
0 0.85703125 0.369921875 0.078125 0.082421875