0 0.01796875 0.102734375 0.03125 0.05234375
0 0.124609375 0.182421875 0.05703125 0.06171875
0 0.2296875 0.19296875 0.065625 0.0359375
0 0.30625 0.158203125 0.05625 0.05859375
0 0.35625 0.1015625 0.0453125 0.0859375
0 0.291796875 0.083203125 0.04296875 0.06640625
0 0.186328125 0.085546875 0.05234375 0.06484375
0 0.217578125 0.13828125 0.04140625 0.078125
0 0.259375 0.1296875 0.05 0.075
0 0.24296875 0.06796875 0.04375 0.046875
0 0.327734375 0.35390625 0.07421875 0.0484375
0 0.18515625 0.338671875 0.0546875 0.07421875
0 0.103515625 0.364453125 0.06484375 0.06015625
0 0.026953125 0.373828125 0.05234375 0.05234375
0 0.1796875 0.6234375 0.0859375 0.0515625
0 0.489453125 0.134375 0.06796875 0.05625
0 0.55703125 0.13515625 0.059375 0.059375
0 0.485546875 0.19296875 0.07265625 0.053125
0 0.43828125 0.25625 0.0515625 0.078125
0 0.555078125 0.21484375 0.05234375 0.078125
0 0.6046875 0.17265625 0.0625 0.053125
0 0.6609375 0.22265625 0.0578125 0.0703125
0 0.720703125 0.290625 0.06328125 0.0703125
0 0.680859375 0.07265625 0.04296875 0.0671875
0 0.71796875 0.065234375 0.0265625 0.06015625
0 0.758203125 0.07421875 0.04140625 0.078125
0 0.7375 0.127734375 0.0421875 0.06953125
0 0.69765625 0.121875 0.0578125 0.065625
0 0.8375 0.155859375 0.06875 0.06640625
0 0.869921875 0.090625 0.05234375 0.0875
0 0.89609375 0.11640625 0.0234375 0.08125
0 0.934375 0.117578125 0.04375 0.04921875
0 0.9109375 0.062890625 0.046875 0.05703125
0 0.9609375 0.05546875 0.046875 0.078125
0 0.993359375 0.06875 0.01328125 0.053125
0 0.9609375 0.1703125 0.0515625 0.0734375
0 0.980859375 0.22421875 0.03828125 0.0828125
0 0.887109375 0.32578125 0.05546875 0.0765625
0 0.562890625 0.5296875 0.06796875 0.0515625
0 0.6359375 0.587109375 0.05 0.04765625
0 0.907421875 0.533203125 0.08515625 0.04765625
0 0.888671875 0.65 0.05859375 0.0734375
0 0.58359375 0.66328125 0.06875 0.05625
0 0.444140625 0.717578125 0.06796875 0.06484375
0 0.373046875 0.76328125 0.05546875 0.0625
0 0.317578125 0.8046875 0.07421875 0.0484375
0 0.21640625 0.8359375 0.06875 0.0625
0 0.11171875 0.88515625 0.065625 0.078125
0 0.06484375 0.902734375 0.0546875 0.04609375
0 0.178125 0.9 0.0734375 0.0546875
0 0.29140625 0.876953125 0.059375 0.06796875
0 0.30234375 0.92109375 0.0640625 0.0671875
0 0.60234375 0.73359375 0.0640625 0.0640625
0 0.608203125 0.79921875 0.07578125 0.04375
0 0.48828125 0.85546875 0.075 0.071875
0 0.55546875 0.894921875 0.0515625 0.07421875
0 0.591796875 0.904296875 0.04765625 0.05390625
0 0.636328125 0.8703125 0.07421875 0.0765625
0 0.678125 0.909375 0.0390625 0.078125
0 0.70859375 0.90234375 0.0421875 0.0734375
0 0.736328125 0.883203125 0.05234375 0.07890625
0 0.80546875 0.931640625 0.0640625 0.05390625
0 0.92734375 0.918359375 0.0625 0.07109375
0 0.9765625 0.930859375 0.046875 0.06640625
0 0.944140625 0.872265625 0.05234375 0.06015625
0 0.970703125 0.86015625 0.05546875 0.065625
0 0.953125 0.810546875 0.065625 0.06171875