0 0.796484375 0.845703125 0.071484375 0.05859375
0 0.936328125 0.59296875 0.08203125 0.053125
0 0.52109375 0.729296875 0.064453125 0.062109375
0 0.573046875 0.866796875 0.040625 0.069921875
0 0.530078125 0.873046875 0.060546875 0.05078125
0 0.40546875 0.747265625 0.072265625 0.05234375
0 0.412890625 0.79296875 0.0609375 0.055859375
0 0.38671875 0.815625 0.046875 0.080078125
0 0.295703125 0.85234375 0.055859375 0.080859375
0 0.15859375 0.851171875 0.053515625 0.083203125
0 0.0640625 0.792578125 0.068359375 0.0578125
0 0.100390625 0.34140625 0.07109375 0.05625
0 0.21015625 0.328515625 0.08125 0.048046875
0 0.21875 0.244921875 0.064453125 0.054296875
0 0.280078125 0.24375 0.075 0.055078125
0 0.26875 0.354296875 0.046875 0.08046875
0 0.39375 0.4125 0.053515625 0.070703125
0 0.34453125 0.337109375 0.062890625 0.049609375
0 0.826953125 0.37421875 0.0546875 0.06640625
0 0.905078125 0.28359375 0.059375 0.0453125
0 0.94453125 0.24375 0.069140625 0.04375
0 0.909375 0.169140625 0.076171875 0.0484375
0 0.890234375 0.108203125 0.059375 0.05
0 0.846484375 0.12734375 0.06015625 0.0484375
0 0.780078125 0.126953125 0.048828125 0.0734375
0 0.7359375 0.180859375 0.05390625 0.075390625
0 0.562890625 0.18671875 0.04453125 0.08359375
0 0.48515625 0.1703125 0.04765625 0.071875