0 0.989453125 0.849609375 0.02109375 0.05546875
0 0.864453125 0.857421875 0.085546875 0.07578125
0 0.8734375 0.80078125 0.07421875 0.07890625
0 0.783984375 0.884765625 0.0640625 0.09296875
0 0.618359375 0.480078125 0.056640625 0.077734375
0 0.2703125 0.473046875 0.066796875 0.08671875
0 0.153515625 0.562890625 0.08046875 0.067578125
0 0.0109375 0.6515625 0.021875 0.05625
0 0.010546875 0.782421875 0.02109375 0.06484375
0 0.0546875 0.6984375 0.0625 0.07890625
0 0.148828125 0.62734375 0.069921875 0.08046875
0 0.135546875 0.70546875 0.062109375 0.06640625
0 0.1234375 0.756640625 0.07421875 0.067578125
0 0.1765625 0.8203125 0.075390625 0.066796875
0 0.206640625 0.712109375 0.0703125 0.084375
0 0.31640625 0.6515625 0.086328125 0.062109375
0 0.39375 0.610546875 0.078125 0.067578125
0 0.55390625 0.515625 0.0640625 0.10703125
0 0.628125 0.615234375 0.062890625 0.08671875
0 0.599609375 0.674609375 0.08984375 0.06171875
0 0.569921875 0.700390625 0.090625 0.05625
0 0.63671875 0.7546875 0.0640625 0.074609375
0 0.67578125 0.840234375 0.048828125 0.07734375
0 0.6203125 0.794921875 0.078515625 0.05390625
0 0.63046875 0.837890625 0.061328125 0.073046875
0 0.618359375 0.8796875 0.0703125 0.043359375
0 0.5921875 0.83359375 0.052734375 0.075390625
0 0.562109375 0.88046875 0.054296875 0.03984375
0 0.5453125 0.85078125 0.050390625 0.0640625
0 0.50234375 0.880078125 0.067578125 0.0421875
0 0.554296875 0.810546875 0.06015625 0.06640625
0 0.56640625 0.757421875 0.065625 0.063671875
0 0.510546875 0.80859375 0.064453125 0.0640625
0 0.500390625 0.84296875 0.0640625 0.0484375
0 0.462109375 0.8171875 0.051171875 0.081640625
0 0.446875 0.85 0.05 0.084375
0 0.41015625 0.860546875 0.05234375 0.07109375
0 0.376953125 0.8546875 0.05625 0.080078125
0 0.989453125 0.113671875 0.02109375 0.07109375
0 0.96875 0.191015625 0.062109375 0.08203125
0 0.8765625 0.266796875 0.097265625 0.06796875
0 0.73125 0.28359375 0.063671875 0.082421875
0 0.58828125 0.306640625 0.075390625 0.062890625
0 0.666015625 0.36171875 0.053515625 0.0796875
0 0.95234375 0.125 0.0546875 0.082421875
0 0.933984375 0.0921875 0.051953125 0.056640625
0 0.890625 0.088671875 0.056640625 0.05
0 0.844140625 0.0890625 0.053125 0.04453125
0 0.823046875 0.093359375 0.045703125 0.0671875
0 0.848828125 0.121484375 0.068359375 0.04296875
0 0.899609375 0.1140625 0.0453125 0.07109375
0 0.9203125 0.166796875 0.054296875 0.090625
0 0.875 0.1546875 0.0625 0.049609375
0 0.8765625 0.198046875 0.06484375 0.062890625
0 0.834765625 0.156640625 0.053125 0.05234375
0 0.794140625 0.13984375 0.060546875 0.0515625
0 0.8328125 0.199609375 0.065625 0.0546875
0 0.822265625 0.2375 0.08203125 0.05625
0 0.79140625 0.1921875 0.051953125 0.078515625
0 0.763671875 0.21875 0.06640625 0.068359375
0 0.71171875 0.225390625 0.054296875 0.101953125
0 0.75234375 0.173046875 0.064453125 0.061328125
0 0.7859375 0.105078125 0.05390625 0.07109375
0 0.770703125 0.08984375 0.04375 0.05234375
0 0.73046875 0.09375 0.054296875 0.053125
0 0.737109375 0.14453125 0.062109375 0.066796875
0 0.70703125 0.133203125 0.056640625 0.05625
0 0.6953125 0.091015625 0.058203125 0.05703125
0 0.647265625 0.09296875 0.042578125 0.055078125
0 0.6140625 0.099609375 0.040625 0.05859375
0 0.580078125 0.09375 0.03671875 0.063671875
0 0.554296875 0.09921875 0.04140625 0.059375
0 0.52109375 0.098828125 0.04140625 0.066015625
0 0.487890625 0.0953125 0.04140625 0.068359375
0 0.453515625 0.0921875 0.04375 0.056640625
0 0.402734375 0.0984375 0.05234375 0.0484375
0 0.390234375 0.129296875 0.037890625 0.052734375
0 0.38828125 0.16796875 0.04375 0.062109375
0 0.375390625 0.2140625 0.04296875 0.0765625
0 0.389453125 0.269921875 0.07265625 0.06171875
0 0.4703125 0.24921875 0.071484375 0.059375
0 0.410546875 0.231640625 0.05390625 0.07421875
0 0.453515625 0.214453125 0.075 0.050390625
0 0.428125 0.133203125 0.04609375 0.05625
0 0.426171875 0.176171875 0.051171875 0.063671875
0 0.455078125 0.171484375 0.06484375 0.06953125
0 0.466015625 0.13828125 0.044921875 0.07421875
0 0.503125 0.15390625 0.05 0.08125
0 0.516015625 0.18359375 0.04375 0.0703125
0 0.555078125 0.14296875 0.0671875 0.058203125
0 0.558203125 0.18203125 0.051171875 0.065234375
0 0.567578125 0.22109375 0.0546875 0.0671875
0 0.601953125 0.191015625 0.058203125 0.075390625
0 0.5890625 0.13828125 0.04921875 0.0609375
0 0.6375 0.122265625 0.059765625 0.087890625
0 0.66875 0.121875 0.036328125 0.050390625
0 0.6375 0.18046875 0.04609375 0.058203125
0 0.671484375 0.166015625 0.044140625 0.07890625
0 0.676171875 0.2328125 0.043359375 0.073828125
0 0.64375 0.23984375 0.05 0.068359375
0 0.216015625 0.305859375 0.08203125 0.053125
0 0.010546875 0.105078125 0.02109375 0.05703125
0 0.023828125 0.0921875 0.04140625 0.044921875
0 0.0609375 0.08984375 0.04609375 0.046875
0 0.0953125 0.09609375 0.040625 0.04609375
0 0.128125 0.092578125 0.0375 0.04609375
0 0.158984375 0.091796875 0.047265625 0.050390625
0 0.194140625 0.099609375 0.059375 0.069140625
0 0.2453125 0.094921875 0.044140625 0.05390625
0 0.286328125 0.08671875 0.053125 0.046484375
0 0.32734375 0.090625 0.05625 0.03984375
0 0.37421875 0.090625 0.0515625 0.046484375
0 0.340625 0.10859375 0.065625 0.05
0 0.35859375 0.155078125 0.043359375 0.075390625
0 0.34140625 0.194921875 0.04453125 0.090234375
0 0.312890625 0.20625 0.047265625 0.085546875
0 0.28515625 0.24296875 0.055078125 0.07265625
0 0.326953125 0.146875 0.053515625 0.06328125
0 0.269140625 0.13125 0.04296875 0.0640625
0 0.29140625 0.1265625 0.052734375 0.044921875
0 0.284375 0.15859375 0.047265625 0.05078125
0 0.271875 0.1921875 0.046875 0.0625
0 0.236328125 0.18203125 0.044921875 0.072265625
0 0.2265625 0.133984375 0.05 0.082421875
0 0.208203125 0.21171875 0.05703125 0.073828125
0 0.171484375 0.2171875 0.055078125 0.0796875
0 0.176953125 0.1171875 0.052734375 0.07109375
0 0.178515625 0.16328125 0.076171875 0.051171875
0 0.128515625 0.129296875 0.047265625 0.0609375
0 0.09296875 0.134375 0.0515625 0.0859375
0 0.123046875 0.169140625 0.070703125 0.058984375
0 0.130078125 0.220703125 0.050390625 0.07890625
0 0.091015625 0.22421875 0.05625 0.085546875
0 0.062890625 0.197265625 0.06484375 0.05546875
0 0.037109375 0.226171875 0.066796875 0.0578125
0 0.01796875 0.267578125 0.0359375 0.05078125
0 0.012890625 0.21953125 0.02578125 0.0578125
0 0.061328125 0.146875 0.0484375 0.062109375
0 0.026953125 0.144140625 0.050390625 0.066015625
0 0.025390625 0.1828125 0.05078125 0.043359375