0 0.180859375 0.86953125 0.055859375 0.0515625
0 0.176171875 0.83515625 0.059375 0.0421875
0 0.225390625 0.830859375 0.0578125 0.04765625
0 0.220703125 0.870703125 0.0546875 0.049609375
0 0.2625 0.863671875 0.045703125 0.0671875
0 0.30546875 0.867578125 0.068359375 0.05625
0 0.372265625 0.911328125 0.05234375 0.030859375
0 0.576953125 0.913671875 0.05546875 0.028515625
0 0.51875 0.87578125 0.066015625 0.048828125
0 0.497265625 0.843359375 0.064453125 0.07109375
0 0.401171875 0.858203125 0.041015625 0.071875
0 0.373828125 0.84375 0.055859375 0.07109375
0 0.425390625 0.854296875 0.071484375 0.06796875
0 0.403515625 0.798046875 0.09453125 0.0671875
0 0.494921875 0.7796875 0.05859375 0.056640625
0 0.554296875 0.841796875 0.0703125 0.072265625
0 0.614453125 0.855078125 0.066796875 0.069140625
0 0.6734375 0.8703125 0.0796875 0.0546875
0 0.62890625 0.7921875 0.084375 0.062109375
0 0.5828125 0.776953125 0.04921875 0.06640625
0 0.580859375 0.718359375 0.047265625 0.073828125
0 0.533984375 0.749609375 0.0609375 0.058203125
0 0.619921875 0.728515625 0.053125 0.076171875
0 0.625390625 0.677734375 0.04453125 0.05703125
0 0.654296875 0.652734375 0.05390625 0.08359375
0 0.606640625 0.64453125 0.05703125 0.101171875
0 0.53828125 0.6359375 0.08046875 0.04921875
0 0.5453125 0.69609375 0.04609375 0.077734375
0 0.50703125 0.69375 0.058984375 0.07265625
0 0.453125 0.72421875 0.06171875 0.06484375
0 0.403515625 0.66875 0.07890625 0.052734375
0 0.37109375 0.699609375 0.076953125 0.053515625
0 0.387890625 0.762109375 0.07421875 0.05859375
0 0.33828125 0.798046875 0.065234375 0.059375
0 0.2859375 0.81015625 0.0734375 0.053125
0 0.230859375 0.795703125 0.082421875 0.046875
0 0.31640625 0.743359375 0.08828125 0.067578125
0 0.2921875 0.742578125 0.057421875 0.078125
0 0.23203125 0.747265625 0.073828125 0.054296875
0 0.191015625 0.76953125 0.051953125 0.050390625
0 0.17421875 0.7828125 0.050390625 0.06640625
0 0.178125 0.730859375 0.06796875 0.04375
0 0.260546875 0.69453125 0.070703125 0.061328125
0 0.66796875 0.541015625 0.077734375 0.0609375
0 0.613671875 0.4984375 0.058984375 0.06640625
0 0.55703125 0.547265625 0.0609375 0.073828125
0 0.51328125 0.576171875 0.07265625 0.0625
0 0.441796875 0.5484375 0.075390625 0.059765625
0 0.49375 0.512109375 0.07265625 0.07578125
0 0.408203125 0.583203125 0.053125 0.079296875
0 0.350390625 0.628515625 0.048828125 0.07890625
0 0.30390625 0.6375 0.055078125 0.05859375
0 0.29453125 0.590234375 0.078125 0.053515625
0 0.3453125 0.551953125 0.062109375 0.090234375
0 0.31796875 0.534765625 0.06796875 0.070703125
0 0.601171875 0.45625 0.0625 0.065234375
0 0.55703125 0.430859375 0.051953125 0.062890625
0 0.687109375 0.455078125 0.06171875 0.055859375
0 0.2953125 0.480859375 0.07578125 0.066796875
0 0.245703125 0.51640625 0.06484375 0.073828125
0 0.165625 0.688671875 0.060546875 0.048828125
0 0.215625 0.684375 0.054296875 0.06640625
0 0.195703125 0.645703125 0.05234375 0.0703125
0 0.233203125 0.634765625 0.071484375 0.075
0 0.20078125 0.5984375 0.05234375 0.05546875
0 0.147265625 0.635546875 0.063671875 0.068359375
0 0.16484375 0.573828125 0.055078125 0.0671875
0 0.15390625 0.52265625 0.081640625 0.0546875
0 0.155859375 0.4890625 0.0734375 0.0359375
0 0.15078125 0.45859375 0.094140625 0.049609375
0 0.16328125 0.41484375 0.05234375 0.06171875
0 0.209765625 0.433984375 0.05546875 0.072265625
0 0.247265625 0.435546875 0.075390625 0.062109375
0 0.3609375 0.44609375 0.078515625 0.067578125
0 0.656640625 0.400390625 0.06796875 0.065625
0 0.65 0.3609375 0.082421875 0.051171875
0 0.6484375 0.297265625 0.075 0.053515625
0 0.655859375 0.250390625 0.08203125 0.056640625
0 0.525390625 0.226953125 0.08515625 0.098046875
0 0.628515625 0.15859375 0.062109375 0.084765625
0 0.513671875 0.1796875 0.08828125 0.074609375
0 0.454296875 0.15 0.0671875 0.05390625
0 0.4171875 0.385546875 0.055859375 0.06796875
0 0.341015625 0.4 0.08828125 0.044921875
0 0.186328125 0.337109375 0.047265625 0.078515625
0 0.22109375 0.33984375 0.0625 0.08671875
0 0.27578125 0.344921875 0.058203125 0.069921875
0 0.333203125 0.344921875 0.079296875 0.05703125
0 0.357421875 0.325390625 0.050390625 0.058203125
0 0.400390625 0.33203125 0.084375 0.065625
0 0.2203125 0.245703125 0.07109375 0.07421875
0 0.162109375 0.268359375 0.08984375 0.061328125
0 0.16875 0.223828125 0.06171875 0.05390625
0 0.204296875 0.165625 0.0609375 0.077734375
0 0.27421875 0.123828125 0.060546875 0.066796875
0 0.223046875 0.11640625 0.040234375 0.05234375
0 0.1828125 0.137109375 0.048046875 0.051953125
0 0.162109375 0.15078125 0.05 0.0671875
0 0.52890625 0.124609375 0.05234375 0.075
0 0.582421875 0.112890625 0.08671875 0.05703125
0 0.675390625 0.1140625 0.061328125 0.052734375
0 0.712890625 0.097265625 0.055078125 0.0859375
0 0.777734375 0.205078125 0.0921875 0.05078125
0 0.757421875 0.144140625 0.04921875 0.0828125
0 0.801171875 0.1109375 0.0625 0.079296875
0 0.853125 0.12421875 0.06328125 0.066796875
0 0.933984375 0.109765625 0.065625 0.045703125
0 0.89375 0.15625 0.044140625 0.087890625
0 0.960546875 0.148046875 0.07421875 0.05078125
0 0.974609375 0.19765625 0.05078125 0.059375
0 0.96328125 0.253515625 0.06484375 0.0765625
0 0.92890625 0.187890625 0.05546875 0.0796875
0 0.891015625 0.21875 0.0515625 0.070703125
0 0.85546875 0.187109375 0.083203125 0.048828125
0 0.79765625 0.2546875 0.058203125 0.067578125
0 0.866015625 0.3015625 0.06171875 0.065234375
0 0.818359375 0.376171875 0.06953125 0.065234375
0 0.776953125 0.429296875 0.0796875 0.054296875
0 0.9328125 0.3453125 0.078125 0.055078125
0 0.954296875 0.405078125 0.062890625 0.06875
0 0.894921875 0.41171875 0.04609375 0.073046875
0 0.850390625 0.44765625 0.069140625 0.06953125
0 0.9765625 0.451171875 0.046875 0.07890625
0 0.97109375 0.5171875 0.0578125 0.065234375
0 0.94140625 0.49140625 0.04609375 0.083203125
0 0.902734375 0.525390625 0.076953125 0.05546875
0 0.741796875 0.508984375 0.051171875 0.08046875
0 0.706640625 0.617578125 0.05859375 0.07578125
0 0.8265625 0.59609375 0.051171875 0.081640625
0 0.910546875 0.625 0.061328125 0.060546875
0 0.95546875 0.653515625 0.058203125 0.06796875
0 0.987890625 0.655078125 0.02421875 0.08515625
0 0.98984375 0.79296875 0.0203125 0.053515625
0 0.966015625 0.842578125 0.06796875 0.059375
0 0.87734375 0.69609375 0.07734375 0.051171875
0 0.734375 0.70390625 0.073046875 0.065234375
0 0.8203125 0.753125 0.058203125 0.07578125
0 0.72109375 0.785546875 0.06484375 0.058984375
0 0.758203125 0.809765625 0.076953125 0.07265625
0 0.759375 0.871875 0.069140625 0.07421875
0 0.72421875 0.94296875 0.049609375 0.0890625
0 0.79375 0.88125 0.0515625 0.066796875
0 0.830078125 0.883203125 0.077734375 0.056640625
0 0.831640625 0.83984375 0.061328125 0.06640625
0 0.89609375 0.86015625 0.067578125 0.07265625