0 0.4375 0.766015625 0.069921875 0.06796875
0 0.672265625 0.905859375 0.050390625 0.05078125
0 0.725 0.959375 0.040625 0.08125
0 0.665625 0.69375 0.076953125 0.045703125
0 0.77890625 0.663671875 0.05546875 0.0609375
0 0.8375 0.6546875 0.05625 0.059765625
0 0.86875 0.878515625 0.062109375 0.04765625
0 0.9265625 0.880859375 0.051171875 0.05703125
0 0.985546875 0.885546875 0.02890625 0.05546875
0 0.959765625 0.88125 0.04453125 0.06484375
0 0.988671875 0.85703125 0.02265625 0.06875
0 0.960546875 0.83515625 0.055859375 0.062109375
0 0.97578125 0.8046875 0.0484375 0.05078125
0 0.468359375 0.547265625 0.053515625 0.058984375
0 0.45625 0.509375 0.06484375 0.051953125
0 0.419140625 0.472265625 0.085546875 0.05390625
0 0.469921875 0.4390625 0.074609375 0.048828125
0 0.563671875 0.444921875 0.05390625 0.065234375
0 0.600390625 0.583984375 0.05703125 0.053515625
0 0.84375 0.53828125 0.0546875 0.070703125
0 0.967578125 0.375390625 0.06484375 0.05390625
0 0.88984375 0.36875 0.05234375 0.064453125
0 0.798046875 0.405859375 0.05 0.073046875
0 0.726953125 0.36640625 0.066015625 0.048046875
0 0.715625 0.407421875 0.063671875 0.05234375
0 0.680078125 0.4265625 0.0640625 0.048046875
0 0.70234375 0.463671875 0.0703125 0.049609375
0 0.723046875 0.489453125 0.073828125 0.0484375
0 0.510546875 0.373828125 0.043359375 0.06640625
0 0.476953125 0.365625 0.03828125 0.0578125
0 0.540625 0.378515625 0.05546875 0.05625
0 0.577734375 0.373828125 0.04921875 0.06015625
0 0.619921875 0.382421875 0.044921875 0.06875
0 0.6296875 0.326953125 0.05703125 0.043359375
0 0.683984375 0.306640625 0.060546875 0.047265625
0 0.580859375 0.33515625 0.047265625 0.049609375
0 0.530859375 0.33984375 0.055859375 0.040625
0 0.543359375 0.30703125 0.06171875 0.050390625
0 0.58515625 0.298828125 0.046484375 0.046875
0 0.630078125 0.27890625 0.042578125 0.0734375
0 0.5953125 0.26328125 0.0421875 0.056640625
0 0.509375 0.3125 0.040625 0.058984375
0 0.469921875 0.31640625 0.048046875 0.0484375
0 0.502734375 0.276171875 0.064453125 0.041796875
0 0.43671875 0.3265625 0.0703125 0.043359375
0 0.43125 0.362890625 0.073046875 0.038671875
0 0.426171875 0.39765625 0.07109375 0.051171875
0 0.830859375 0.314453125 0.048046875 0.069140625
0 0.849609375 0.29765625 0.047265625 0.073046875
0 0.91640625 0.314453125 0.06796875 0.045703125
0 0.90390625 0.27578125 0.06796875 0.0515625
0 0.817578125 0.258203125 0.0421875 0.05234375
0 0.99140625 0.221875 0.0171875 0.05390625
0 0.986328125 0.134375 0.02734375 0.0609375
0 0.960546875 0.15546875 0.05859375 0.050390625
0 0.942578125 0.128125 0.05859375 0.044140625
0 0.975 0.081640625 0.0453125 0.050390625
0 0.923046875 0.08984375 0.068359375 0.0375
0 0.928515625 0.10390625 0.041015625 0.030078125
0 0.88515625 0.1078125 0.05546875 0.05
0 0.9046875 0.150390625 0.05 0.055859375
0 0.857421875 0.155078125 0.0578125 0.04921875
0 0.8640625 0.194921875 0.053515625 0.059375
0 0.828125 0.209765625 0.058984375 0.0515625
0 0.893359375 0.234375 0.06640625 0.04765625
0 0.905859375 0.18984375 0.03828125 0.06171875
0 0.9328125 0.227734375 0.048046875 0.068359375
0 0.9421875 0.184375 0.0609375 0.05703125
0 0.77890625 0.230078125 0.046875 0.05703125
0 0.734765625 0.23671875 0.04609375 0.067578125
0 0.704296875 0.2546875 0.03828125 0.06015625
0 0.66328125 0.28203125 0.05 0.040234375
0 0.65625 0.248828125 0.059765625 0.03984375
0 0.672265625 0.221875 0.0453125 0.054296875
0 0.64921875 0.1921875 0.037109375 0.061328125
0 0.68046875 0.179296875 0.052734375 0.0484375
0 0.7171875 0.194921875 0.058984375 0.0515625
0 0.780078125 0.173828125 0.053125 0.058203125
0 0.66953125 0.113671875 0.042578125 0.0765625
0 0.69453125 0.130078125 0.04453125 0.057421875
0 0.709375 0.099609375 0.04375 0.055859375
0 0.754296875 0.1265625 0.059375 0.069921875
0 0.748046875 0.1015625 0.0578125 0.058984375
0 0.798828125 0.11796875 0.059765625 0.07109375
0 0.83046875 0.1171875 0.055859375 0.053515625
0 0.834375 0.089453125 0.069921875 0.043359375
0 0.644140625 0.10078125 0.050390625 0.062890625
0 0.6078125 0.10625 0.0515625 0.074609375
0 0.595703125 0.140625 0.06640625 0.0515625
0 0.57578125 0.103125 0.040234375 0.06171875
0 0.548828125 0.09609375 0.05625 0.048828125
0 0.49921875 0.090625 0.05859375 0.065234375
0 0.512890625 0.14609375 0.048046875 0.074609375
0 0.54140625 0.152734375 0.059375 0.0453125
0 0.612890625 0.217578125 0.04609375 0.07890625
0 0.616015625 0.18203125 0.04375 0.044921875
0 0.5765625 0.230078125 0.0453125 0.05390625
0 0.580078125 0.190234375 0.040625 0.05859375
0 0.542578125 0.186328125 0.062890625 0.039453125
0 0.544921875 0.2203125 0.042578125 0.07109375
0 0.51015625 0.221875 0.0453125 0.069921875
0 0.4734375 0.246484375 0.06796875 0.03828125
0 0.45859375 0.219921875 0.0625 0.050390625
0 0.41640625 0.178125 0.051171875 0.0515625
0 0.4609375 0.1609375 0.07578125 0.056640625
0 0.475390625 0.190625 0.05859375 0.038671875
0 0.4546875 0.109375 0.0390625 0.05546875
0 0.405859375 0.142578125 0.07109375 0.05078125
0 0.429296875 0.2875 0.059765625 0.048828125
0 0.429296875 0.26171875 0.053125 0.04609375
0 0.401171875 0.23359375 0.051953125 0.04375
0 0.408203125 0.0859375 0.065625 0.0765625
0 0.3890625 0.1078125 0.036328125 0.059375
0 0.36796875 0.11015625 0.043359375 0.068359375
0 0.323828125 0.10234375 0.065234375 0.0515625
0 0.338671875 0.12890625 0.049609375 0.066015625
0 0.34296875 0.165234375 0.070703125 0.03515625
0 0.337109375 0.198828125 0.061328125 0.051953125
0 0.381640625 0.252734375 0.040625 0.053515625
0 0.3734375 0.28828125 0.0484375 0.04296875
0 0.39765625 0.308984375 0.062109375 0.037109375
0 0.383984375 0.330078125 0.05390625 0.055859375
0 0.330078125 0.289453125 0.051953125 0.07421875
0 0.283984375 0.278515625 0.0609375 0.04296875
0 0.240625 0.28125 0.046875 0.071875
0 0.19140625 0.268359375 0.073828125 0.05234375
0 0.151953125 0.284765625 0.05546875 0.047265625
0 0.284375 0.11328125 0.0578125 0.08125
0 0.165625 0.1015625 0.067578125 0.039453125
0 0.14140625 0.13984375 0.059375 0.05625
0 0.2796875 0.2390625 0.074609375 0.0484375
0 0.267578125 0.188671875 0.0609375 0.05234375
0 0.209765625 0.133984375 0.0515625 0.0578125
0 0.248046875 0.117578125 0.072265625 0.053125
0 0.16015625 0.17578125 0.084375 0.03828125
0 0.212109375 0.214453125 0.06171875 0.057421875
0 0.15703125 0.225 0.047265625 0.065234375
0 0.193359375 0.308203125 0.083984375 0.054296875
0 0.17734375 0.348046875 0.06875 0.0390625
0 0.163671875 0.32109375 0.05546875 0.03359375
0 0.148828125 0.360546875 0.056640625 0.058984375
0 0.1421875 0.390234375 0.04765625 0.054296875
0 0.188671875 0.3953125 0.06875 0.05703125
0 0.2296875 0.36484375 0.051953125 0.0703125
0 0.272265625 0.3703125 0.0578125 0.058203125
0 0.285546875 0.327734375 0.08515625 0.05859375
0 0.347265625 0.3734375 0.083203125 0.0640625
0 0.343359375 0.41171875 0.06171875 0.066015625
0 0.408203125 0.421484375 0.070703125 0.045703125
0 0.384765625 0.461328125 0.047265625 0.059375
0 0.164453125 0.4109375 0.055078125 0.040234375
0 0.145703125 0.430859375 0.052734375 0.0546875
0 0.195703125 0.437109375 0.058203125 0.049609375
0 0.237890625 0.41953125 0.090625 0.055078125
0 0.15625 0.469921875 0.0671875 0.04765625
0 0.21875 0.49609375 0.07109375 0.063671875
0 0.16484375 0.499609375 0.06953125 0.04140625
0 0.15234375 0.5328125 0.053515625 0.059765625
0 0.16015625 0.5765625 0.064453125 0.048046875
0 0.188671875 0.536328125 0.053125 0.05703125
0 0.227734375 0.54609375 0.074609375 0.046484375
0 0.261328125 0.47890625 0.053515625 0.0484375
0 0.303125 0.43203125 0.046484375 0.062109375
0 0.268359375 0.446484375 0.046875 0.063671875
0 0.337890625 0.499609375 0.057421875 0.0390625
0 0.39375 0.507421875 0.064453125 0.0484375
0 0.4125 0.5453125 0.0609375 0.04609375
0 0.361328125 0.55390625 0.06015625 0.048828125
0 0.306640625 0.534765625 0.08203125 0.05546875
0 0.39375 0.5828125 0.1 0.03828125
0 0.357421875 0.62890625 0.05078125 0.066796875
0 0.41171875 0.62421875 0.073046875 0.05390625
0 0.421875 0.67734375 0.075390625 0.0609375
0 0.1625 0.61484375 0.06484375 0.053515625
0 0.210546875 0.609765625 0.057421875 0.044140625
0 0.22578125 0.650390625 0.0671875 0.044140625
0 0.1515625 0.65 0.037109375 0.046484375
0 0.187890625 0.65546875 0.04375 0.061328125
0 0.158203125 0.68046875 0.065625 0.044140625
0 0.1484375 0.712890625 0.03515625 0.0515625
0 0.187890625 0.7171875 0.057421875 0.059765625
0 0.217578125 0.701171875 0.04921875 0.058203125
0 0.26875 0.669921875 0.05390625 0.0625
0 0.36015625 0.671484375 0.05703125 0.076171875
0 0.332421875 0.71640625 0.0640625 0.046875
0 0.289453125 0.701953125 0.0625 0.0546875
0 0.31484375 0.6125 0.048046875 0.05546875
0 0.334765625 0.665625 0.04453125 0.062109375
0 0.305859375 0.758203125 0.070703125 0.059765625
0 0.33828125 0.7828125 0.062109375 0.04765625
0 0.261328125 0.81875 0.06640625 0.0578125
0 0.26796875 0.7828125 0.066796875 0.049609375
0 0.238671875 0.730078125 0.0546875 0.063671875
0 0.15859375 0.782421875 0.04765625 0.051953125
0 0.183984375 0.743359375 0.059375 0.040234375
0 0.158203125 0.748046875 0.044140625 0.0484375
0 0.18203125 0.80546875 0.044140625 0.049609375
0 0.163671875 0.8375 0.0375 0.043359375
0 0.2171875 0.806640625 0.053515625 0.049609375
0 0.233984375 0.84296875 0.059375 0.044921875
0 0.240234375 0.87578125 0.062890625 0.03984375
0 0.19140625 0.843359375 0.044140625 0.035546875
0 0.165625 0.869140625 0.045703125 0.036328125
0 0.19765625 0.873828125 0.0484375 0.03984375