0 0.012890625 0.140625 0.025390625 0.087890625
0 0.04453125 0.116015625 0.0875 0.08203125
0 0.0515625 0.16796875 0.082421875 0.06796875
0 0.1171875 0.11875 0.071875 0.063671875
0 0.026171875 0.248046875 0.05234375 0.078125
0 0.121484375 0.2234375 0.07109375 0.058984375
0 0.37734375 0.205859375 0.051953125 0.073046875
0 0.479296875 0.133203125 0.047265625 0.069921875
0 0.2578125 0.331640625 0.087109375 0.056640625
0 0.540234375 0.3171875 0.051953125 0.068359375
0 0.5125 0.38359375 0.084375 0.04921875
0 0.267578125 0.45390625 0.0765625 0.056640625
0 0.339453125 0.476171875 0.087109375 0.049609375
0 0.6296875 0.54296875 0.052734375 0.066015625
0 0.391015625 0.653125 0.048828125 0.077734375
0 0.244921875 0.705078125 0.06484375 0.076171875
0 0.136328125 0.773046875 0.05546875 0.073828125
0 0.419921875 0.782421875 0.069140625 0.04609375
0 0.4734375 0.825 0.049609375 0.07421875
0 0.419140625 0.844140625 0.06015625 0.0625
0 0.38046875 0.87890625 0.069140625 0.05703125
0 0.4296875 0.880078125 0.05234375 0.059375
0 0.46171875 0.882421875 0.054296875 0.0640625
0 0.49453125 0.873828125 0.04921875 0.070703125
0 0.524609375 0.8671875 0.040625 0.08515625
0 0.562890625 0.862890625 0.0484375 0.0875
0 0.724609375 0.816015625 0.06796875 0.054296875
0 0.88984375 0.87109375 0.05859375 0.063671875
0 0.9625 0.846875 0.05546875 0.0640625
0 0.9796875 0.87265625 0.040234375 0.07109375