0 0.03828125 0.102734375 0.076171875 0.07578125
0 0.03359375 0.10859375 0.0671875 0.065625
0 0.12578125 0.404296875 0.0609375 0.083984375
0 0.187890625 0.337890625 0.08359375 0.07109375
0 0.447265625 0.175 0.05703125 0.06953125
0 0.557421875 0.178515625 0.0609375 0.083203125
0 0.39140625 0.279296875 0.075390625 0.053515625
0 0.44765625 0.253125 0.0546875 0.0703125
0 0.48671875 0.2828125 0.0640625 0.087890625
0 0.300390625 0.445703125 0.06171875 0.0796875
0 0.15 0.572265625 0.08515625 0.059765625
0 0.519140625 0.47109375 0.08671875 0.058203125
0 0.798828125 0.490625 0.0625 0.091015625
0 0.980859375 0.1546875 0.03828125 0.0734375
0 0.869921875 0.512890625 0.079296875 0.059765625
0 0.88359375 0.596484375 0.096875 0.055859375
0 0.684375 0.642578125 0.065625 0.066015625
0 0.680078125 0.709765625 0.076953125 0.060546875
0 0.863671875 0.766015625 0.0828125 0.06875
0 0.94765625 0.843359375 0.06640625 0.093359375
0 0.971875 0.870703125 0.05546875 0.085546875
0 0.9375 0.89375 0.0953125 0.059765625
0 0.877734375 0.86953125 0.0578125 0.07734375
0 0.62578125 0.88125 0.0671875 0.058984375
0 0.574609375 0.877734375 0.05390625 0.07578125
0 0.5453125 0.879296875 0.048046875 0.07421875
0 0.511328125 0.875390625 0.05546875 0.07421875
0 0.494140625 0.87578125 0.0625 0.0796875
0 0.449609375 0.88203125 0.073046875 0.055859375
0 0.418359375 0.8671875 0.048828125 0.090234375
0 0.381640625 0.878125 0.076953125 0.054296875
0 0.34296875 0.80234375 0.051953125 0.08046875
0 0.30859375 0.79921875 0.06171875 0.058203125
0 0.276171875 0.770703125 0.06484375 0.078125
0 0.2609375 0.838671875 0.05703125 0.0796875
0 0.04921875 0.86015625 0.068359375 0.085546875
0 0.021484375 0.741796875 0.04296875 0.06640625
0 0.153125 0.7328125 0.070703125 0.06875
0 0.216796875 0.7140625 0.06015625 0.085546875
0 0.19296875 0.7703125 0.05859375 0.07421875
0 0.99375 0.216015625 0.0125 0.03984375