0 0.14140625 0.58046875 0.0515625 0.0703125
0 0.23046875 0.6265625 0.0515625 0.059375
0 0.171875 0.703125 0.059375 0.05
0 0.25390625 0.690625 0.0421875 0.078125
0 0.3546875 0.74609375 0.06875 0.0578125
0 0.67109375 0.88828125 0.0515625 0.0609375
0 0.74375 0.83125 0.059375 0.0625
0 0.80625 0.9140625 0.06875 0.0625
0 0.8296875 0.89453125 0.059375 0.0828125
0 0.88515625 0.8953125 0.0609375 0.053125
0 0.31640625 0.42421875 0.0578125 0.0609375
0 0.425 0.43671875 0.075 0.0484375
0 0.61171875 0.5328125 0.0515625 0.065625
0 0.934375 0.57421875 0.075 0.0421875