0 0.03828125 0.893359375 0.076171875 0.070703125
0 0.01796875 0.77578125 0.035546875 0.07578125
0 0.335546875 0.762890625 0.079296875 0.061328125
0 0.423046875 0.88046875 0.08125 0.061328125
0 0.067578125 0.36015625 0.066015625 0.087890625
0 0.201171875 0.3734375 0.079296875 0.065625
0 0.1109375 0.312890625 0.093359375 0.0828125
0 0.045703125 0.159375 0.085546875 0.070703125
0 0.058203125 0.069921875 0.073046875 0.065625
0 0.073046875 0.128515625 0.08671875 0.06015625
0 0.74921875 0.2640625 0.0546875 0.085546875
0 0.25234375 0.18671875 0.06953125 0.071484375
0 0.21328125 0.180859375 0.073046875 0.078515625
0 0.197265625 0.128125 0.0703125 0.072265625
0 0.222265625 0.102734375 0.073046875 0.061328125
0 0.27578125 0.1171875 0.0625 0.06640625
0 0.133984375 0.11640625 0.065234375 0.087109375
0 0.383203125 0.133984375 0.0703125 0.078515625
0 0.422265625 0.191796875 0.0859375 0.054296875
0 0.423046875 0.24296875 0.080859375 0.064453125
0 0.533203125 0.128515625 0.075390625 0.071484375
0 0.624609375 0.16171875 0.074609375 0.064453125
0 0.690234375 0.17578125 0.059765625 0.101953125
0 0.75078125 0.119140625 0.075390625 0.064453125
0 0.76796875 0.169140625 0.060546875 0.08125
0 0.8109375 0.130078125 0.05625 0.093359375