0 0.725 0.819140625 0.07421875 0.084375
0 0.852734375 0.853515625 0.065234375 0.066796875
0 0.49296875 0.7296875 0.048828125 0.07890625
0 0.594921875 0.753125 0.0859375 0.062890625
0 0.653125 0.58984375 0.0765625 0.0578125
0 0.858203125 0.621484375 0.0875 0.0515625
0 0.84296875 0.675 0.06328125 0.07734375
0 0.60703125 0.684765625 0.0578125 0.07578125
0 0.577734375 0.830859375 0.089453125 0.05703125
0 0.4515625 0.790234375 0.078515625 0.06484375
0 0.40859375 0.878515625 0.058984375 0.08046875
0 0.465234375 0.86796875 0.06875 0.089453125
0 0.54765625 0.9015625 0.07265625 0.062890625
0 0.513671875 0.878125 0.05390625 0.09921875
0 0.45 0.89765625 0.056640625 0.059765625
0 0.298046875 0.82734375 0.062890625 0.087109375
0 0.04453125 0.86328125 0.0625 0.045703125
0 0.04453125 0.79453125 0.0796875 0.08671875
0 0.09453125 0.83359375 0.059375 0.0890625
0 0.3171875 0.667578125 0.078515625 0.054296875
0 0.234375 0.685546875 0.08671875 0.052734375
0 0.01328125 0.67890625 0.0265625 0.075
0 0.11796875 0.589453125 0.0671875 0.06328125
0 0.20234375 0.46953125 0.068359375 0.064453125
0 0.1171875 0.441796875 0.070703125 0.071875
0 0.137109375 0.510546875 0.0671875 0.056640625
0 0.20078125 0.544921875 0.072265625 0.0625
0 0.23125 0.569140625 0.096484375 0.05703125
0 0.3703125 0.452734375 0.050390625 0.074609375
0 0.517578125 0.4328125 0.063671875 0.071875
0 0.2390625 0.34296875 0.088671875 0.0625
0 0.266015625 0.092578125 0.071875 0.0671875
0 0.167578125 0.086328125 0.091796875 0.06953125
0 0.23203125 0.20703125 0.066015625 0.09453125
0 0.39375 0.132421875 0.0828125 0.071484375
0 0.444921875 0.228125 0.068359375 0.0609375
0 0.35859375 0.221484375 0.08984375 0.069921875
0 0.955078125 0.226953125 0.073828125 0.071875
0 0.93203125 0.2828125 0.077734375 0.06875
0 0.973046875 0.4265625 0.05390625 0.065234375
0 0.775390625 0.071484375 0.087109375 0.069140625
0 0.636328125 0.168359375 0.0703125 0.062890625
0 0.791796875 0.138671875 0.083203125 0.077734375
0 0.7390625 0.52578125 0.065234375 0.06171875
0 0.871484375 0.533984375 0.06875 0.08515625
0 0.95703125 0.678125 0.0765625 0.062890625
0 0.98515625 0.625390625 0.029296875 0.069921875
0 0.910546875 0.712109375 0.075 0.074609375