0 0.026171875 0.062890625 0.05234375 0.06328125
0 0.018359375 0.1125 0.03671875 0.06875
0 0.012890625 0.16796875 0.02578125 0.0734375
0 0.040625 0.1921875 0.055859375 0.09609375
0 0.07578125 0.181640625 0.05078125 0.0796875
0 0.142578125 0.18515625 0.07421875 0.0640625
0 0.0984375 0.16171875 0.04453125 0.080078125
0 0.15 0.143359375 0.08203125 0.058984375
0 0.25078125 0.15234375 0.05859375 0.091796875
0 0.053515625 0.0546875 0.052734375 0.044140625
0 0.048046875 0.0953125 0.059765625 0.03984375
0 0.0484375 0.138671875 0.063671875 0.051171875
0 0.092578125 0.106640625 0.053515625 0.0671875
0 0.1296875 0.09609375 0.073046875 0.055859375
0 0.08203125 0.1015625 0.042578125 0.0734375
0 0.096875 0.058203125 0.04453125 0.045703125
0 0.130859375 0.057421875 0.046875 0.073046875
0 0.17109375 0.079296875 0.050390625 0.091015625
0 0.2046875 0.121875 0.073828125 0.057421875
0 0.21484375 0.0765625 0.049609375 0.06875
0 0.25625 0.08046875 0.058203125 0.08203125
0 0.299609375 0.072265625 0.071484375 0.065625
0 0.325 0.112890625 0.0765625 0.0734375
0 0.365234375 0.1328125 0.062109375 0.0765625
0 0.36875 0.191796875 0.062890625 0.06953125
0 0.425390625 0.115625 0.075 0.064453125
0 0.383203125 0.08203125 0.057421875 0.07734375
0 0.472265625 0.056640625 0.0765625 0.03515625
0 0.471875 0.0828125 0.0546875 0.044140625
0 0.52421875 0.087890625 0.05703125 0.05703125
0 0.52734375 0.064453125 0.05859375 0.04375
0 0.578125 0.0875 0.0609375 0.064453125
0 0.97734375 0.176171875 0.0453125 0.081640625
0 0.987890625 0.090234375 0.023828125 0.0890625
0 0.9625 0.129296875 0.051171875 0.074609375
0 0.9515625 0.082421875 0.080859375 0.049609375
0 0.94296875 0.052734375 0.067578125 0.04609375
0 0.894921875 0.06640625 0.045703125 0.052734375
0 0.85703125 0.06640625 0.05078125 0.0609375
0 0.91875 0.11328125 0.054296875 0.073828125
0 0.8953125 0.14921875 0.055859375 0.087890625
0 0.875 0.110546875 0.06875 0.060546875
0 0.80546875 0.06796875 0.082421875 0.06875
0 0.8265625 0.128515625 0.07109375 0.079296875
0 0.83828125 0.165234375 0.075390625 0.084765625
0 0.768359375 0.1609375 0.059375 0.093359375
0 0.75078125 0.082421875 0.061328125 0.089453125
0 0.71640625 0.07109375 0.056640625 0.073046875
0 0.697265625 0.103515625 0.076171875 0.064453125
0 0.65234375 0.1203125 0.0515625 0.092578125
0 0.624609375 0.09140625 0.05078125 0.090234375
0 0.666796875 0.064453125 0.05859375 0.046875
0 0.735546875 0.276171875 0.076953125 0.07734375
0 0.74921875 0.43671875 0.087109375 0.05859375
0 0.501171875 0.48125 0.054296875 0.09296875
0 0.435546875 0.51171875 0.070703125 0.0625
0 0.547265625 0.805859375 0.059765625 0.0859375
0 0.55078125 0.881640625 0.081640625 0.069140625
0 0.266015625 0.705859375 0.0671875 0.080078125
0 0.305078125 0.53046875 0.069921875 0.090234375
0 0.144921875 0.367578125 0.080078125 0.082421875
0 0.046484375 0.403125 0.06875 0.069921875
0 0.20078125 0.42265625 0.08359375 0.064453125
0 0.01953125 0.41875 0.0390625 0.053515625
0 0.12734375 0.4640625 0.074609375 0.0828125
0 0.12265625 0.583984375 0.101171875 0.059375
0 0.084375 0.66953125 0.09609375 0.066796875
0 0.078515625 0.86796875 0.069140625 0.040625
0 0.189453125 0.862109375 0.07734375 0.05390625