0 0.965234375 0.334375 0.06171875 0.078125
0 0.9296875 0.565234375 0.08125 0.06015625
0 0.62890625 0.564453125 0.0578125 0.07890625
0 0.5390625 0.50078125 0.05625 0.0546875
0 0.284765625 0.2421875 0.08203125 0.0578125
0 0.14375 0.3171875 0.075 0.0640625
0 0.33203125 0.487890625 0.065625 0.07421875
0 0.122265625 0.591015625 0.06640625 0.05078125
0 0.355859375 0.65078125 0.08203125 0.0546875
0 0.287890625 0.66953125 0.06953125 0.0578125
0 0.1203125 0.759765625 0.0921875 0.05859375
0 0.01953125 0.787109375 0.0375 0.08515625
0 0.042578125 0.9171875 0.06484375 0.08125