0 0.03984375 0.096875 0.0796875 0.09375
0 0.095703125 0.08203125 0.062109375 0.073828125
0 0.144921875 0.07890625 0.073828125 0.076171875
0 0.22578125 0.10234375 0.094140625 0.0671875
0 0.1578125 0.128515625 0.07421875 0.06328125
0 0.34296875 0.092578125 0.056640625 0.087890625
0 0.30390625 0.10625 0.05625 0.08046875
0 0.467578125 0.112890625 0.073828125 0.071484375
0 0.26796875 0.16640625 0.116015625 0.06171875
0 0.518359375 0.1953125 0.075 0.06875
0 0.3359375 0.322265625 0.055078125 0.082421875
0 0.46875 0.290625 0.065234375 0.066015625
0 0.421875 0.32578125 0.059375 0.065625
0 0.5421875 0.401953125 0.083984375 0.05625
0 0.024609375 0.414453125 0.04921875 0.06015625
0 0.069140625 0.416015625 0.073828125 0.0546875
0 0.11796875 0.46875 0.073046875 0.076953125
0 0.01796875 0.664453125 0.035546875 0.061328125
0 0.01875 0.780078125 0.0375 0.07421875
0 0.264453125 0.7671875 0.07265625 0.083984375
0 0.2796875 0.84921875 0.060546875 0.079296875
0 0.353515625 0.881640625 0.0875 0.06015625
0 0.422265625 0.86796875 0.083984375 0.06640625
0 0.421484375 0.70234375 0.084765625 0.07578125
0 0.507421875 0.76953125 0.09140625 0.08359375
0 0.427734375 0.608984375 0.06015625 0.09375
0 0.530859375 0.622265625 0.054296875 0.081640625
0 0.659765625 0.8703125 0.0625 0.06953125
0 0.5453125 0.8484375 0.078515625 0.06171875
0 0.683203125 0.74921875 0.07578125 0.07109375
0 0.659375 0.795703125 0.05546875 0.0734375
0 0.5375 0.8890625 0.087109375 0.053515625
0 0.943359375 0.521484375 0.09375 0.059765625
0 0.975390625 0.562109375 0.048828125 0.059375
0 0.770703125 0.528125 0.076171875 0.083203125
0 0.6953125 0.542578125 0.085546875 0.090234375
0 0.82578125 0.63828125 0.057421875 0.091015625
0 0.788671875 0.597265625 0.085546875 0.0484375
0 0.766015625 0.6390625 0.085546875 0.06015625