0 0.0203125 0.100390625 0.040625 0.076171875
0 0.01796875 0.16171875 0.0359375 0.053125
0 0.02578125 0.219921875 0.0515625 0.05703125
0 0.045703125 0.278515625 0.09140625 0.063671875
0 0.007421875 0.426953125 0.014453125 0.0359375
0 0.076953125 0.416796875 0.061328125 0.0875
0 0.113671875 0.37109375 0.063671875 0.07265625
0 0.23046875 0.43671875 0.074609375 0.055078125
0 0.544140625 0.5125 0.0625 0.083984375
0 0.34140625 0.359375 0.055078125 0.079296875
0 0.3765625 0.3296875 0.065234375 0.058984375
0 0.30546875 0.328515625 0.08125 0.05625
0 0.05 0.101171875 0.074609375 0.07890625
0 0.06875 0.126953125 0.046875 0.05703125
0 0.08046875 0.14609375 0.06328125 0.065234375
0 0.097265625 0.19375 0.078125 0.075390625
0 0.1453125 0.1796875 0.071875 0.0734375
0 0.126171875 0.125 0.041796875 0.055078125
0 0.108984375 0.08984375 0.055078125 0.05390625
0 0.148828125 0.092578125 0.04453125 0.045703125
0 0.18984375 0.090234375 0.0421875 0.045703125
0 0.165234375 0.130859375 0.05390625 0.051171875
0 0.2 0.18125 0.055859375 0.073046875
0 0.266015625 0.2484375 0.06953125 0.069140625
0 0.304296875 0.26953125 0.05234375 0.06796875
0 0.35234375 0.26953125 0.052734375 0.0828125
0 0.223046875 0.094921875 0.04921875 0.04921875
0 0.19765625 0.11875 0.04140625 0.068359375
0 0.2421875 0.12734375 0.0453125 0.059375
0 0.25 0.18515625 0.05 0.073828125
0 0.287109375 0.19140625 0.07265625 0.053125
0 0.295703125 0.141796875 0.053125 0.06640625
0 0.267578125 0.111328125 0.048828125 0.077734375
0 0.30234375 0.095703125 0.04765625 0.057421875
0 0.33125 0.125390625 0.073828125 0.043359375
0 0.3515625 0.097265625 0.068359375 0.050390625
0 0.323046875 0.174609375 0.05 0.054296875
0 0.326953125 0.22421875 0.05078125 0.055859375
0 0.371875 0.230859375 0.04453125 0.068359375
0 0.403125 0.257421875 0.0453125 0.070703125
0 0.43984375 0.25390625 0.0390625 0.075
0 0.4703125 0.253515625 0.046875 0.067578125
0 0.478125 0.277734375 0.06484375 0.065625
0 0.52265625 0.280859375 0.046875 0.067578125
0 0.541015625 0.253515625 0.049609375 0.062890625
0 0.583203125 0.274609375 0.051171875 0.078125
0 0.50390625 0.23125 0.03828125 0.056640625
0 0.540234375 0.21953125 0.059765625 0.048046875
0 0.53671875 0.201953125 0.05390625 0.031640625
0 0.46171875 0.212109375 0.0734375 0.034765625
0 0.487890625 0.185546875 0.08046875 0.041796875
0 0.426171875 0.212890625 0.04453125 0.055078125
0 0.39453125 0.199609375 0.04609375 0.055859375
0 0.3625 0.183203125 0.039453125 0.05390625
0 0.36484375 0.141796875 0.066015625 0.045703125
0 0.382421875 0.113671875 0.06640625 0.040625
0 0.403515625 0.091796875 0.049609375 0.04609375
0 0.446484375 0.09296875 0.05234375 0.053125
0 0.434765625 0.14296875 0.042578125 0.073046875
0 0.42734375 0.177734375 0.0671875 0.033203125
0 0.399609375 0.1484375 0.044140625 0.0546875
0 0.459765625 0.157421875 0.06484375 0.042578125
0 0.51171875 0.151171875 0.069921875 0.048046875
0 0.476953125 0.121484375 0.065625 0.046484375
0 0.48828125 0.0921875 0.05234375 0.044921875
0 0.51953125 0.101953125 0.0484375 0.0640625
0 0.553515625 0.102734375 0.041015625 0.05703125
0 0.578515625 0.133984375 0.05390625 0.046875
0 0.567578125 0.16953125 0.065234375 0.06640625
0 0.5765625 0.213671875 0.05703125 0.053125
0 0.622265625 0.2203125 0.051953125 0.0703125
0 0.674609375 0.238671875 0.06484375 0.04140625
0 0.655859375 0.27578125 0.071875 0.0484375
0 0.6953125 0.28984375 0.05390625 0.0828125
0 0.66640625 0.204296875 0.059375 0.043359375
0 0.603515625 0.172265625 0.047265625 0.059375
0 0.64140625 0.169140625 0.048046875 0.0546875
0 0.662890625 0.165625 0.051953125 0.0703125
0 0.619140625 0.133203125 0.04453125 0.06484375
0 0.653515625 0.12421875 0.055859375 0.0453125
0 0.580859375 0.09609375 0.064453125 0.05234375
0 0.622265625 0.08984375 0.058984375 0.04140625
0 0.6765625 0.08671875 0.078125 0.053125
0 0.699609375 0.134765625 0.051953125 0.08203125
0 0.713671875 0.20078125 0.05390625 0.06953125
0 0.72890625 0.2640625 0.054296875 0.069140625
0 0.725 0.153515625 0.043359375 0.065625
0 0.725 0.09765625 0.05859375 0.0546875
0 0.76796875 0.103515625 0.03984375 0.073046875
0 0.79375 0.106640625 0.043359375 0.073828125
0 0.748828125 0.130859375 0.051953125 0.052734375
0 0.761328125 0.170703125 0.058203125 0.037890625
0 0.79453125 0.149609375 0.04296875 0.0578125
0 0.745703125 0.208984375 0.05234375 0.064453125
0 0.75625 0.24375 0.065625 0.04140625
0 0.7875 0.269921875 0.074609375 0.048046875
0 0.980078125 0.29296875 0.03984375 0.05859375
0 0.7828125 0.21484375 0.04375 0.07265625
0 0.8234375 0.227734375 0.057421875 0.064453125
0 0.809375 0.18125 0.069140625 0.053125
0 0.82421875 0.141796875 0.04609375 0.078125
0 0.820703125 0.0984375 0.04609375 0.058984375
0 0.851953125 0.097265625 0.038671875 0.05859375
0 0.85078125 0.14765625 0.038671875 0.063671875
0 0.881640625 0.141015625 0.040234375 0.093359375
0 0.890625 0.101953125 0.04296875 0.0453125
0 0.927734375 0.11015625 0.05234375 0.066015625
0 0.919921875 0.141015625 0.04609375 0.06796875
0 0.911328125 0.181640625 0.071484375 0.046484375
0 0.8515625 0.201953125 0.070703125 0.055859375
0 0.873828125 0.23203125 0.05390625 0.075
0 0.915234375 0.2265625 0.049609375 0.075390625
0 0.953125 0.2234375 0.047265625 0.0828125
0 0.98203125 0.215234375 0.0359375 0.0796875
0 0.963671875 0.170703125 0.0640625 0.046484375
0 0.9578125 0.115234375 0.045703125 0.083203125
0 0.982421875 0.122265625 0.03515625 0.10390625
0 0.925 0.566015625 0.071484375 0.069140625
0 0.97421875 0.716796875 0.051171875 0.077734375
0 0.915234375 0.628515625 0.06015625 0.07890625
0 0.903515625 0.711328125 0.060546875 0.078125
0 0.883203125 0.7578125 0.068359375 0.0609375
0 0.753125 0.66171875 0.055859375 0.062109375
0 0.619921875 0.678515625 0.068359375 0.07890625
0 0.703125 0.733203125 0.055859375 0.1
0 0.75625 0.791796875 0.0578125 0.07890625
0 0.81796875 0.7 0.05859375 0.0703125
0 0.945703125 0.824609375 0.0875 0.06875
0 0.555078125 0.730859375 0.05546875 0.067578125
0 0.386328125 0.5859375 0.053515625 0.087109375
0 0.367578125 0.76484375 0.072265625 0.08203125
0 0.682421875 0.865234375 0.0546875 0.084765625
0 0.6390625 0.862109375 0.042578125 0.078515625
0 0.60703125 0.8734375 0.04140625 0.05859375
0 0.570703125 0.884375 0.045703125 0.0421875
0 0.6015625 0.83671875 0.05 0.059375
0 0.57421875 0.8421875 0.04609375 0.059375
0 0.55 0.840234375 0.04375 0.05390625
0 0.5046875 0.758203125 0.08046875 0.055859375
0 0.5890625 0.791015625 0.0765625 0.053125
0 0.4765625 0.802734375 0.06015625 0.068359375
0 0.50859375 0.8390625 0.051171875 0.051953125
0 0.528515625 0.883984375 0.055078125 0.046875
0 0.490234375 0.87890625 0.03984375 0.04921875
0 0.462890625 0.8390625 0.062890625 0.057421875
0 0.452734375 0.87421875 0.0515625 0.065234375
0 0.409765625 0.875 0.050390625 0.061328125
0 0.381640625 0.8453125 0.059375 0.0640625
0 0.36171875 0.873046875 0.052734375 0.063671875
0 0.32265625 0.8671875 0.050390625 0.08203125
0 0.271875 0.802734375 0.084375 0.05703125
0 0.2828125 0.41484375 0.05546875 0.083203125
0 0.06015625 0.59765625 0.080859375 0.0703125
0 0.033984375 0.637890625 0.06796875 0.06328125
0 0.058984375 0.7765625 0.10078125 0.08359375
0 0.176953125 0.76484375 0.06953125 0.076953125
0 0.24375 0.759765625 0.073828125 0.060546875
0 0.2890625 0.69140625 0.103515625 0.072265625
0 0.1796875 0.70546875 0.07890625 0.055078125
0 0.290625 0.9578125 0.039453125 0.0671875
0 0.05390625 0.903125 0.071875 0.054296875