0 0.14296875 0.15703125 0.0640625 0.0453125
0 0.14296875 0.21015625 0.0640625 0.0609375
0 0.2890625 0.1234375 0.0625 0.053125
0 0.39609375 0.1234375 0.0390625 0.0875
0 0.44140625 0.121875 0.0453125 0.071875
0 0.634375 0.14609375 0.071875 0.0515625
0 0.165625 0.6140625 0.078125 0.040625
0 0.2703125 0.65 0.05 0.053125
0 0.3640625 0.68125 0.034375 0.075
0 0.046875 0.85 0.0875 0.0625
0 0.34453125 0.853125 0.0640625 0.053125
0 0.4328125 0.86875 0.04375 0.06875
0 0.68125 0.87890625 0.06875 0.0484375
0 0.7453125 0.86875 0.065625 0.046875
0 0.7453125 0.82265625 0.0625 0.0390625
0 0.80078125 0.8828125 0.0546875 0.05625
0 0.8453125 0.88046875 0.059375 0.0515625
0 0.35078125 0.21953125 0.0640625 0.0453125
0 0.29609375 0.2296875 0.0609375 0.065625