0 0.066796875 0.29453125 0.093359375 0.05390625
0 0.03515625 0.50390625 0.0703125 0.05
0 0.277734375 0.4453125 0.066796875 0.07109375
0 0.4671875 0.5984375 0.080859375 0.0578125
0 0.515625 0.5078125 0.046875 0.06640625
0 0.094921875 0.80390625 0.06796875 0.065625
0 0.203515625 0.750390625 0.0671875 0.069140625
0 0.262109375 0.734765625 0.071484375 0.05703125
0 0.591796875 0.79453125 0.05625 0.075
0 0.908984375 0.818359375 0.05625 0.079296875
0 0.91015625 0.7453125 0.075 0.06171875
0 0.869140625 0.695703125 0.069921875 0.06015625
0 0.8390625 0.740234375 0.079296875 0.053125
0 0.87578125 0.573046875 0.062109375 0.078515625
0 0.840625 0.53359375 0.076953125 0.048828125
0 0.69375 0.48203125 0.06875 0.045703125