0 0.733203125 0.887890625 0.040234375 0.062890625
0 0.71875 0.84453125 0.0625 0.0484375
0 0.6625 0.835546875 0.06640625 0.0578125
0 0.60859375 0.84609375 0.051953125 0.083984375
0 0.649609375 0.887109375 0.058984375 0.064453125
0 0.6953125 0.882421875 0.0484375 0.06015625
0 0.51328125 0.76484375 0.06640625 0.06640625
0 0.3859375 0.78125 0.064453125 0.0875
0 0.37109375 0.87421875 0.053125 0.0734375
0 0.407421875 0.873046875 0.05234375 0.08515625
0 0.4375 0.83984375 0.041015625 0.0859375
0 0.477734375 0.8328125 0.05546875 0.071484375
0 0.510546875 0.830078125 0.071875 0.058984375
0 0.5546875 0.82578125 0.046875 0.080078125
0 0.5890625 0.87890625 0.059375 0.066796875
0 0.5546875 0.890234375 0.053125 0.0703125
0 0.512109375 0.887890625 0.042578125 0.0671875
0 0.4765625 0.87734375 0.049609375 0.055078125
0 0.271484375 0.754296875 0.0703125 0.06875
0 0.337890625 0.79140625 0.052734375 0.075390625
0 0.300390625 0.82109375 0.084765625 0.059765625
0 0.276171875 0.6828125 0.059375 0.0859375
0 0.338671875 0.642578125 0.048828125 0.096484375
0 0.3828125 0.675390625 0.056640625 0.09765625
0 0.4125 0.5390625 0.072265625 0.069140625
0 0.54609375 0.534765625 0.058203125 0.071484375
0 0.60078125 0.566796875 0.059375 0.06796875
0 0.309375 0.40703125 0.067578125 0.08671875
0 0.277734375 0.31640625 0.0625 0.094140625
0 0.298828125 0.190234375 0.05390625 0.09765625
0 0.383203125 0.18359375 0.08984375 0.07734375
0 0.385546875 0.11640625 0.076171875 0.060546875
0 0.461328125 0.118359375 0.078515625 0.069140625
0 0.5328125 0.128515625 0.076171875 0.100390625
0 0.569921875 0.110546875 0.055859375 0.071484375
0 0.623046875 0.11875 0.055859375 0.06796875
0 0.598828125 0.148828125 0.053515625 0.08515625
0 0.673046875 0.18828125 0.065625 0.0796875
0 0.728515625 0.254296875 0.071875 0.075390625
0 0.6453125 0.251171875 0.063671875 0.0921875
0 0.642578125 0.334375 0.074609375 0.08203125
0 0.746484375 0.36171875 0.08203125 0.068359375
0 0.50390625 0.453515625 0.069921875 0.07265625
0 0.26484375 0.471484375 0.098828125 0.05859375
0 0.934375 0.55 0.079296875 0.05703125
0 0.017578125 0.88046875 0.03515625 0.08046875
0 0.167578125 0.71640625 0.0796875 0.0703125
0 0.097265625 0.798828125 0.063671875 0.086328125
0 0.173046875 0.803515625 0.094921875 0.05703125
0 0.223828125 0.86015625 0.062890625 0.082421875
0 0.058984375 0.685546875 0.06484375 0.0859375
0 0.0265625 0.71796875 0.053125 0.084375
0 0.148828125 0.537890625 0.0671875 0.0765625
0 0.0609375 0.60703125 0.093359375 0.062890625
0 0.148828125 0.600390625 0.074609375 0.062109375
0 0.183984375 0.569921875 0.055859375 0.078515625
0 0.118359375 0.40390625 0.060546875 0.076953125
0 0.192578125 0.409375 0.0921875 0.061328125
0 0.166796875 0.131640625 0.062890625 0.0890625
0 0.0421875 0.112109375 0.084375 0.060546875
0 0.029296875 0.156640625 0.05859375 0.059375
0 0.064453125 0.2078125 0.07265625 0.0875
0 0.021875 0.209765625 0.04375 0.05546875
0 0.040625 0.262890625 0.08125 0.05859375
0 0.571875 0.746484375 0.0640625 0.070703125