0 0.968359375 0.064453125 0.06328125 0.07890625
0 0.970703125 0.144140625 0.05859375 0.080859375
0 0.978515625 0.25390625 0.042578125 0.05625
0 0.97109375 0.32890625 0.057421875 0.08828125
0 0.89609375 0.287890625 0.08046875 0.0671875
0 0.812109375 0.352734375 0.070703125 0.0953125
0 0.7375 0.366015625 0.0921875 0.053515625
0 0.88359375 0.205859375 0.0703125 0.08671875
0 0.7484375 0.221484375 0.084375 0.06484375
0 0.62890625 0.296875 0.088671875 0.06015625
0 0.651953125 0.211328125 0.08515625 0.078515625
0 0.526171875 0.186328125 0.08515625 0.069140625
0 0.92734375 0.0734375 0.062109375 0.060546875
0 0.878515625 0.085546875 0.0578125 0.078125
0 0.84375 0.076171875 0.046875 0.08046875
0 0.811328125 0.097265625 0.048046875 0.090234375
0 0.77109375 0.072265625 0.06640625 0.094140625
0 0.716796875 0.08671875 0.059375 0.09375
0 0.680859375 0.076953125 0.04609375 0.1015625
0 0.6421875 0.08359375 0.0515625 0.090234375
0 0.595703125 0.121875 0.0703125 0.0625
0 0.70625 0.140234375 0.089453125 0.06484375
0 0.753515625 0.12890625 0.069921875 0.103515625
0 0.8546875 0.142578125 0.09453125 0.08203125
0 0.91953125 0.11953125 0.08203125 0.066015625
0 0.59296875 0.0703125 0.078125 0.071484375
0 0.536328125 0.088671875 0.06015625 0.084375
0 0.477734375 0.1125 0.058203125 0.09375
0 0.498828125 0.054296875 0.08125 0.060546875
0 0.448046875 0.068359375 0.05390625 0.08203125
0 0.41953125 0.103125 0.045703125 0.093359375
0 0.405078125 0.05390625 0.076171875 0.06171875
0 0.384765625 0.105078125 0.054296875 0.0921875
0 0.336328125 0.0578125 0.080859375 0.062890625
0 0.348828125 0.096484375 0.0515625 0.091015625
0 0.305078125 0.10546875 0.058984375 0.073828125
0 0.2640625 0.06171875 0.07109375 0.0578125
0 0.25625 0.10703125 0.053125 0.07265625
0 0.287109375 0.16953125 0.058984375 0.08984375
0 0.22109375 0.108203125 0.043359375 0.079296875
0 0.18125 0.13671875 0.06953125 0.0984375
0 0.165234375 0.0953125 0.06015625 0.0578125
0 0.21640625 0.06171875 0.065625 0.073046875
0 0.1765625 0.051171875 0.047265625 0.06015625
0 0.01328125 0.053125 0.0265625 0.071875
0 0.025390625 0.105859375 0.050390625 0.068359375
0 0.03046875 0.16171875 0.0546875 0.087109375
0 0.032421875 0.080078125 0.05234375 0.081640625
0 0.08515625 0.0765625 0.1046875 0.1046875
0 0.13125 0.0578125 0.057421875 0.054296875
0 0.0859375 0.130078125 0.087109375 0.087109375
0 0.069921875 0.167578125 0.0828125 0.07109375
0 0.078125 0.250390625 0.09375 0.065234375
0 0.246875 0.30390625 0.06953125 0.080078125
0 0.92578125 0.4484375 0.071875 0.069921875
0 0.921484375 0.526953125 0.082421875 0.063671875
0 0.92265625 0.576171875 0.087109375 0.0734375
0 0.970703125 0.809765625 0.05859375 0.061328125
0 0.8578125 0.580078125 0.070703125 0.085546875
0 0.87421875 0.649609375 0.07421875 0.076953125
0 0.721484375 0.5671875 0.06640625 0.07734375
0 0.153125 0.435546875 0.08828125 0.073046875
0 0.33984375 0.491796875 0.06328125 0.090625
0 0.462890625 0.5890625 0.07890625 0.067578125
0 0.217578125 0.554296875 0.084765625 0.071875
0 0.80859375 0.671484375 0.071875 0.069921875
0 0.95390625 0.8671875 0.074609375 0.026953125
0 0.88203125 0.859375 0.0625 0.044921875
0 0.805078125 0.780859375 0.065234375 0.094140625
0 0.2921875 0.644921875 0.086328125 0.05703125
0 0.203515625 0.6578125 0.087109375 0.072265625
0 0.026953125 0.790625 0.05390625 0.071875
0 0.101953125 0.85703125 0.081640625 0.0546875
0 0.158203125 0.78125 0.080078125 0.0890625
0 0.253125 0.82109375 0.0609375 0.094921875
0 0.371875 0.732421875 0.051171875 0.103125
0 0.3015625 0.7046875 0.07734375 0.06640625
0 0.6625 0.88203125 0.066015625 0.06484375
0 0.69140625 0.9109375 0.02734375 0.07421875
0 0.626953125 0.838671875 0.08203125 0.06484375
0 0.608984375 0.884375 0.06328125 0.069921875
0 0.555078125 0.884375 0.0609375 0.069921875
0 0.5265625 0.874609375 0.063671875 0.078125
0 0.47421875 0.887890625 0.0765625 0.06015625
0 0.4515625 0.837109375 0.07421875 0.065625
0 0.41484375 0.805078125 0.084375 0.05703125
0 0.371875 0.829296875 0.08515625 0.05859375
0 0.377734375 0.880859375 0.088671875 0.0609375
0 0.319921875 0.8828125 0.06953125 0.084765625