0 0.596875 0.1609375 0.0890625 0.073046875
0 0.81015625 0.112109375 0.094921875 0.07890625
0 0.95625 0.062109375 0.074609375 0.06328125
0 0.876953125 0.10703125 0.070703125 0.091015625
0 0.9265625 0.1046875 0.052734375 0.120703125
0 0.9765625 0.087890625 0.046484375 0.066015625
0 0.9859375 0.121875 0.028125 0.0546875
0 0.953515625 0.16171875 0.055078125 0.091796875
0 0.97890625 0.188671875 0.0421875 0.08984375
0 0.82578125 0.236328125 0.071484375 0.064453125
0 0.525390625 0.17578125 0.087890625 0.069140625
0 0.474609375 0.2390625 0.0859375 0.067578125
0 0.4875 0.344140625 0.0625 0.07890625
0 0.48671875 0.578125 0.055078125 0.09296875
0 0.555859375 0.686328125 0.0921875 0.06015625
0 0.6140625 0.842578125 0.08359375 0.076953125
0 0.305078125 0.896484375 0.075390625 0.0875
0 0.340625 0.82109375 0.054296875 0.0828125
0 0.041015625 0.693359375 0.081640625 0.078125
0 0.17578125 0.0640625 0.094921875 0.07109375
0 0.32890625 0.08203125 0.06640625 0.073828125
0 0.26171875 0.07421875 0.0796875 0.066015625
0 0.225 0.176171875 0.096875 0.0609375