0 0.08046875 0.08046875 0.06875 0.0625
0 0.037890625 0.185546875 0.07421875 0.07421875
0 0.030078125 0.230859375 0.05859375 0.06953125
0 0.0390625 0.283984375 0.0765625 0.05546875
0 0.12421875 0.2078125 0.071875 0.059375
0 0.132421875 0.14921875 0.07890625 0.0578125
0 0.156640625 0.09609375 0.07265625 0.0546875
0 0.19765625 0.11328125 0.046875 0.0734375
0 0.241796875 0.09609375 0.05546875 0.0796875
0 0.2375 0.258984375 0.0640625 0.08359375
0 0.089453125 0.407421875 0.07734375 0.04921875
0 0.201953125 0.462109375 0.04140625 0.08046875
0 0.215234375 0.579296875 0.08828125 0.05078125
0 0.013671875 0.607421875 0.02578125 0.05703125
0 0.015234375 0.78203125 0.02578125 0.0640625
0 0.02578125 0.828515625 0.046875 0.04765625
0 0.1125 0.769140625 0.0890625 0.05234375
0 0.172265625 0.802734375 0.07109375 0.05859375
0 0.176171875 0.875390625 0.07265625 0.05859375
0 0.29921875 0.812109375 0.0765625 0.06484375
0 0.232421875 0.7375 0.10078125 0.0609375
0 0.177734375 0.647265625 0.08203125 0.04765625
0 0.353125 0.738671875 0.0515625 0.07890625
0 0.337890625 0.873046875 0.04921875 0.06328125
0 0.440234375 0.730859375 0.06328125 0.06953125
0 0.411328125 0.6265625 0.09140625 0.0515625
0 0.5140625 0.79921875 0.0671875 0.065625
0 0.464453125 0.891796875 0.06328125 0.07421875
0 0.529296875 0.852734375 0.07578125 0.04453125
0 0.553125 0.883203125 0.0703125 0.05703125
0 0.65 0.8921875 0.0734375 0.0546875
0 0.61328125 0.801953125 0.0796875 0.06015625
0 0.73359375 0.87265625 0.053125 0.0703125
0 0.82265625 0.912109375 0.0625 0.05703125
0 0.81171875 0.81875 0.0671875 0.0578125
0 0.68671875 0.703125 0.065625 0.0625
0 0.751171875 0.7875 0.05390625 0.0875
0 0.878515625 0.87734375 0.07109375 0.06875
0 0.900390625 0.899609375 0.06640625 0.05546875
0 0.9640625 0.928515625 0.071875 0.07421875
0 0.977734375 0.609375 0.04453125 0.0625
0 0.610546875 0.60234375 0.04921875 0.08125
0 0.694921875 0.571875 0.04765625 0.065625
0 0.72734375 0.61875 0.0671875 0.065625
0 0.798046875 0.562890625 0.06484375 0.05546875
0 0.788671875 0.615625 0.06328125 0.0625
0 0.536328125 0.466015625 0.05390625 0.07109375
0 0.31484375 0.288671875 0.0515625 0.06484375
0 0.378125 0.225390625 0.06875 0.05390625
0 0.434765625 0.23359375 0.05546875 0.0796875
0 0.582421875 0.484765625 0.07890625 0.07265625
0 0.705078125 0.356640625 0.05390625 0.07578125
0 0.74375 0.489453125 0.0765625 0.05859375
0 0.832421875 0.462109375 0.08984375 0.05546875
0 0.936328125 0.1390625 0.07265625 0.065625
0 0.9015625 0.075390625 0.0703125 0.07109375
0 0.965625 0.06875 0.06875 0.071875
0 0.834765625 0.103125 0.06640625 0.040625
0 0.8203125 0.15390625 0.0765625 0.0609375
0 0.80234375 0.2078125 0.090625 0.0734375
0 0.72265625 0.2046875 0.0625 0.08125
0 0.681640625 0.209375 0.05546875 0.0859375
0 0.640625 0.2359375 0.0640625 0.0578125
0 0.603515625 0.24765625 0.05234375 0.08125
0 0.55234375 0.25 0.0734375 0.0625
0 0.49609375 0.29140625 0.078125 0.0640625
0 0.54765625 0.30859375 0.059375 0.0828125
0 0.44453125 0.162890625 0.0921875 0.05078125
0 0.526171875 0.208984375 0.08984375 0.05234375
0 0.576171875 0.15 0.04765625 0.0828125
0 0.679296875 0.1265625 0.05546875 0.05625
0 0.72578125 0.12578125 0.05625 0.0703125
0 0.6890625 0.06796875 0.05625 0.0734375
0 0.740625 0.071484375 0.040625 0.06484375
0 0.15390625 0.09296875 0.071875 0.053125
0 0.31015625 0.11484375 0.0578125 0.078125
0 0.3 0.06484375 0.075 0.046875
0 0.348046875 0.075390625 0.04140625 0.07421875
0 0.382421875 0.0953125 0.04140625 0.078125
0 0.4234375 0.106640625 0.05 0.05703125
0 0.44765625 0.127734375 0.0609375 0.05703125
0 0.427734375 0.058984375 0.06640625 0.05546875
0 0.471484375 0.0640625 0.05234375 0.075
0 0.4984375 0.10859375 0.0484375 0.078125
0 0.52578125 0.080859375 0.0515625 0.07109375
0 0.553125 0.069921875 0.0375 0.07578125
0 0.598828125 0.075390625 0.04765625 0.08203125