0 0.10703125 0.609375 0.0546875 0.084765625
0 0.1828125 0.66640625 0.05546875 0.06171875
0 0.1546875 0.740625 0.087109375 0.0703125
0 0.239453125 0.702734375 0.0734375 0.0515625
0 0.35625 0.725390625 0.07109375 0.05859375
0 0.376953125 0.790234375 0.064453125 0.06953125
0 0.545703125 0.792578125 0.07890625 0.0578125
0 0.54765625 0.8640625 0.07265625 0.05625
0 0.6203125 0.799609375 0.082421875 0.069140625
0 0.623046875 0.84296875 0.072265625 0.05625
0 0.895703125 0.62734375 0.093359375 0.0625
0 0.76953125 0.66796875 0.06328125 0.088671875
0 0.875 0.6640625 0.06484375 0.0515625
0 0.90546875 0.696875 0.071484375 0.08046875