0 0.05078125 0.103515625 0.080078125 0.06015625
0 0.047265625 0.15390625 0.069140625 0.0671875
0 0.224609375 0.1625 0.0546875 0.10390625
0 0.4328125 0.21015625 0.1 0.06171875
0 0.465234375 0.136328125 0.05859375 0.0734375
0 0.275 0.31875 0.059765625 0.0953125
0 0.025390625 0.37109375 0.05078125 0.078125
0 0.123046875 0.4640625 0.075 0.080078125
0 0.03515625 0.6234375 0.0703125 0.1046875
0 0.212890625 0.837890625 0.069140625 0.09453125
0 0.64296875 0.6828125 0.070703125 0.07265625
0 0.60859375 0.780078125 0.05859375 0.060546875
0 0.378515625 0.812109375 0.076171875 0.05703125
0 0.465625 0.837890625 0.057421875 0.06953125
0 0.494921875 0.86484375 0.057421875 0.073828125
0 0.52734375 0.883203125 0.055859375 0.06796875
0 0.5859375 0.887890625 0.078125 0.055859375
0 0.6078125 0.834375 0.078125 0.0609375
0 0.738671875 0.871484375 0.03046875 0.07578125
0 0.930859375 0.690234375 0.06875 0.040625
0 0.978125 0.5015625 0.04375 0.05625
0 0.719921875 0.3109375 0.090234375 0.06484375
0 0.686328125 0.191015625 0.059375 0.080078125
0 0.52421875 0.269921875 0.062109375 0.078515625
0 0.45078125 0.305859375 0.083203125 0.059765625
0 0.36875 0.315625 0.075390625 0.06640625