0 0.0234375 0.105859375 0.046875 0.10390625
0 0.059375 0.13359375 0.044921875 0.088671875
0 0.104296875 0.138671875 0.083984375 0.08984375
0 0.216015625 0.14921875 0.071484375 0.069921875
0 0.229296875 0.212890625 0.090625 0.071875
0 0.1234375 0.059765625 0.058984375 0.060546875
0 0.1703125 0.059765625 0.06171875 0.051171875
0 0.1859375 0.113671875 0.07734375 0.0640625
0 0.129296875 0.11015625 0.052734375 0.079296875
0 0.310546875 0.179296875 0.0578125 0.09140625
0 0.266015625 0.16171875 0.041015625 0.08671875
0 0.3109375 0.07109375 0.064453125 0.087890625
0 0.419140625 0.068359375 0.058203125 0.080859375
0 0.361328125 0.072265625 0.05703125 0.063671875
0 0.401171875 0.105859375 0.0484375 0.06953125
0 0.3578125 0.122265625 0.04921875 0.0796875
0 0.381640625 0.16796875 0.0609375 0.08203125
0 0.405078125 0.20625 0.067578125 0.064453125
0 0.417578125 0.28984375 0.071875 0.085546875
0 0.678125 0.172265625 0.084375 0.07109375
0 0.515234375 0.087109375 0.092578125 0.062109375
0 0.490234375 0.150390625 0.08125 0.075390625
0 0.235546875 0.558203125 0.058203125 0.082421875
0 0.610546875 0.88359375 0.049609375 0.061328125
0 0.36328125 0.876953125 0.06484375 0.069921875
0 0.413671875 0.836328125 0.048828125 0.065234375
0 0.46015625 0.8375 0.059375 0.073828125
0 0.45546875 0.895703125 0.057421875 0.0515625
0 0.40625 0.887890625 0.044140625 0.0484375
0 0.4828125 0.862109375 0.046875 0.074609375
0 0.52890625 0.839453125 0.055078125 0.062890625
0 0.507421875 0.8984375 0.0453125 0.05234375
0 0.55078125 0.858984375 0.07578125 0.062109375
0 0.553515625 0.898828125 0.062890625 0.034765625
0 0.96328125 0.813671875 0.067578125 0.083984375
0 0.89296875 0.81875 0.08125 0.077734375
0 0.89921875 0.883984375 0.0796875 0.069921875
0 0.957421875 0.881640625 0.061328125 0.07421875
0 0.881640625 0.69609375 0.069921875 0.07890625
0 0.894921875 0.453125 0.058984375 0.08125
0 0.823828125 0.0890625 0.071484375 0.102734375
0 0.916796875 0.08984375 0.078515625 0.076171875
0 0.85234375 0.14375 0.07734375 0.076953125