0 0.9875 0.8625 0.025 0.08125
0 0.93359375 0.694921875 0.066796875 0.08359375
0 0.89609375 0.725390625 0.077734375 0.067578125
0 0.838671875 0.70390625 0.09375 0.05625
0 0.8078125 0.74296875 0.0828125 0.058984375
0 0.821875 0.851953125 0.069140625 0.095703125
0 0.7421875 0.864453125 0.071484375 0.09296875
0 0.660546875 0.8078125 0.0546875 0.0890625
0 0.623046875 0.826953125 0.07265625 0.070703125
0 0.56484375 0.825390625 0.05 0.078515625
0 0.427734375 0.839453125 0.075 0.0640625
0 0.40234375 0.884765625 0.07578125 0.05703125
0 0.455859375 0.8734375 0.044921875 0.07578125
0 0.50078125 0.84296875 0.055859375 0.052734375
0 0.528515625 0.85703125 0.05234375 0.0546875
0 0.503515625 0.894921875 0.076171875 0.04140625
0 0.56640625 0.88828125 0.04609375 0.053125
0 0.616796875 0.860546875 0.073046875 0.04609375
0 0.6046875 0.901171875 0.06953125 0.03984375
0 0.469140625 0.759375 0.066015625 0.07265625
0 0.537890625 0.75078125 0.098046875 0.06171875
0 0.0171875 0.807421875 0.033984375 0.078515625
0 0.03515625 0.880078125 0.069921875 0.077734375
0 0.14453125 0.69375 0.074609375 0.075
0 0.132421875 0.748828125 0.069921875 0.065234375
0 0.0875 0.611328125 0.072265625 0.070703125
0 0.29453125 0.6421875 0.061328125 0.07890625
0 0.15546875 0.79453125 0.078125 0.069140625
0 0.2625 0.82265625 0.06796875 0.083203125
0 0.21484375 0.84375 0.0484375 0.090625
0 0.188671875 0.87265625 0.05703125 0.081640625
0 0.298046875 0.873046875 0.0578125 0.077734375
0 0.237109375 0.88359375 0.051171875 0.06484375
0 0.391796875 0.5046875 0.0625 0.091796875
0 0.4109375 0.29140625 0.065625 0.0765625
0 0.63515625 0.332421875 0.0625 0.0828125
0 0.487109375 0.364453125 0.07734375 0.06171875
0 0.926953125 0.354296875 0.069921875 0.087890625
0 0.85859375 0.121875 0.0890625 0.05703125
0 0.73125 0.201171875 0.084375 0.07265625
0 0.762890625 0.121875 0.05078125 0.091796875
0 0.73203125 0.09921875 0.06953125 0.04453125
0 0.724609375 0.139453125 0.0515625 0.07265625
0 0.62265625 0.226953125 0.068359375 0.09140625
0 0.6875 0.1625 0.0515625 0.070703125
0 0.6875 0.108984375 0.04140625 0.065625
0 0.65234375 0.104296875 0.0421875 0.0546875
0 0.606640625 0.105859375 0.0578125 0.05
0 0.6375 0.142578125 0.07421875 0.048828125
0 0.58203125 0.18359375 0.074609375 0.064453125
0 0.566015625 0.128125 0.05546875 0.087109375
0 0.53046875 0.105078125 0.0484375 0.065234375
0 0.49140625 0.1015625 0.041015625 0.04375
0 0.520703125 0.14765625 0.05 0.06875
0 0.49375 0.19140625 0.07109375 0.0765625
0 0.417578125 0.116015625 0.05234375 0.066796875
0 0.4578125 0.109375 0.037890625 0.05390625
0 0.475390625 0.153125 0.04296875 0.06796875
0 0.3875 0.086328125 0.06640625 0.0828125
0 0.398828125 0.1671875 0.04921875 0.07421875
0 0.43984375 0.166796875 0.04453125 0.083203125
0 0.29921875 0.147265625 0.053125 0.087109375
0 0.35390625 0.151171875 0.0609375 0.06484375
0 0.327734375 0.10390625 0.069140625 0.04765625
0 0.297265625 0.255078125 0.078515625 0.061328125
0 0.232421875 0.099609375 0.08203125 0.058203125
0 0.2375 0.146875 0.078125 0.055859375
0 0.145703125 0.107421875 0.091796875 0.05625
0 0.166796875 0.14921875 0.065625 0.064453125
0 0.11328125 0.221484375 0.06875 0.0796875
0 0.0515625 0.15078125 0.085546875 0.064453125
0 0.06640625 0.113671875 0.0640625 0.075
0 0.019140625 0.105859375 0.037890625 0.051953125
0 0.026171875 0.234375 0.05234375 0.0625
0 0.0171875 0.275390625 0.034375 0.04453125