0 0.919921875 0.855859375 0.050390625 0.08046875
0 0.884765625 0.8609375 0.050390625 0.070703125
0 0.7765625 0.874609375 0.086328125 0.056640625
0 0.4765625 0.484765625 0.0703125 0.049609375
0 0.5046875 0.4484375 0.069921875 0.042578125
0 0.015234375 0.344140625 0.03046875 0.0515625
0 0.4328125 0.3109375 0.0671875 0.06640625
0 0.25078125 0.24296875 0.06015625 0.07109375
0 0.26953125 0.147265625 0.071875 0.06171875
0 0.098046875 0.1359375 0.08671875 0.069921875
0 0.097265625 0.214453125 0.071875 0.06015625