0 0.065234375 0.629296875 0.09296875 0.059375
0 0.04140625 0.1828125 0.0828125 0.058203125
0 0.100390625 0.159375 0.058203125 0.0734375
0 0.09765625 0.222265625 0.082421875 0.064453125
0 0.2234375 0.0734375 0.06796875 0.057421875
0 0.16640625 0.096484375 0.095703125 0.076171875
0 0.154296875 0.16640625 0.080078125 0.065625
0 0.273046875 0.1078125 0.066015625 0.057421875
0 0.258984375 0.14296875 0.059765625 0.08671875
0 0.294140625 0.07734375 0.07578125 0.076953125
0 0.349609375 0.085546875 0.062109375 0.09140625
0 0.209375 0.20390625 0.07734375 0.075390625
0 0.3578125 0.16953125 0.065625 0.083203125
0 0.415625 0.175390625 0.073046875 0.06796875
0 0.393359375 0.101171875 0.068359375 0.084375
0 0.49375 0.178515625 0.063671875 0.08828125
0 0.2171875 0.308203125 0.061328125 0.067578125
0 0.203515625 0.416796875 0.079296875 0.083984375
0 0.36171875 0.41484375 0.0671875 0.07421875
0 0.265234375 0.35859375 0.068359375 0.088671875
0 0.89765625 0.88125 0.087890625 0.03515625
0 0.98203125 0.421484375 0.0359375 0.0734375
0 0.567578125 0.331640625 0.06328125 0.08359375
0 0.785546875 0.30234375 0.07109375 0.07578125
0 0.8328125 0.35625 0.090625 0.0625
0 0.675 0.12578125 0.06640625 0.072265625
0 0.7484375 0.10078125 0.075 0.069921875
0 0.812109375 0.09375 0.056640625 0.082421875
0 0.9453125 0.09453125 0.0765625 0.06640625
0 0.973046875 0.134375 0.05390625 0.074609375
0 0.8125 0.165625 0.059765625 0.092578125
0 0.64296875 0.161328125 0.07578125 0.057421875
0 0.56484375 0.189453125 0.080859375 0.0796875