0 0.708203125 0.56171875 0.059375 0.080859375
0 0.640625 0.575390625 0.084765625 0.05859375
0 0.48203125 0.605859375 0.07734375 0.084375
0 0.563671875 0.719140625 0.069921875 0.0765625
0 0.44765625 0.366015625 0.084375 0.0671875
0 0.243359375 0.45390625 0.08515625 0.063671875
0 0.140625 0.608203125 0.071484375 0.076953125
0 0.226953125 0.598828125 0.0703125 0.070703125
0 0.180859375 0.69375 0.08828125 0.061328125
0 0.18359375 0.751953125 0.07421875 0.06640625
0 0.3578125 0.785546875 0.0921875 0.071484375
0 0.48828125 0.85234375 0.072265625 0.069921875
0 0.042578125 0.844921875 0.08515625 0.071875
0 0.951171875 0.797265625 0.0859375 0.065625
0 0.89296875 0.798828125 0.066015625 0.061328125