0 0.29921875 0.884765625 0.087890625 0.0890625
0 0.358203125 0.832421875 0.054296875 0.0875
0 0.47890625 0.67265625 0.080859375 0.055859375
0 0.2890625 0.773046875 0.07265625 0.096875
0 0.45390625 0.765234375 0.083203125 0.059765625
0 0.4046875 0.82109375 0.0703125 0.07265625
0 0.44765625 0.807421875 0.078125 0.0484375
0 0.4625 0.845703125 0.06328125 0.05078125
0 0.11640625 0.893359375 0.0625 0.093359375
0 0.180859375 0.8625 0.081640625 0.060546875
0 0.012890625 0.869140625 0.02578125 0.058203125
0 0.1109375 0.776953125 0.069921875 0.07265625
0 0.0359375 0.712109375 0.06328125 0.085546875
0 0.09140625 0.703515625 0.062890625 0.06953125
0 0.24296875 0.56875 0.058203125 0.0734375
0 0.253125 0.48515625 0.078515625 0.05625
0 0.4421875 0.601953125 0.0703125 0.07421875
0 0.2265625 0.101171875 0.0734375 0.054296875
0 0.16953125 0.115625 0.09296875 0.058203125
0 0.11953125 0.1828125 0.05625 0.08359375
0 0.03359375 0.27421875 0.06015625 0.07890625
0 0.06796875 0.115234375 0.091015625 0.055859375
0 0.0125 0.1109375 0.025 0.06171875
0 0.031640625 0.134765625 0.0546875 0.04921875
0 0.07421875 0.1625 0.056640625 0.057421875
0 0.051171875 0.220703125 0.072265625 0.054296875
0 0.02578125 0.180859375 0.05078125 0.04765625
0 0.182421875 0.2109375 0.053125 0.055859375
0 0.26484375 0.216015625 0.051953125 0.084375
0 0.26796875 0.129296875 0.0765625 0.056640625
0 0.190234375 0.156640625 0.08828125 0.0609375
0 0.14375 0.2359375 0.04609375 0.07578125
0 0.0921875 0.293359375 0.078125 0.058984375
0 0.202734375 0.273046875 0.07890625 0.06015625
0 0.31328125 0.148046875 0.0625 0.0609375
0 0.317578125 0.20859375 0.062890625 0.062890625
0 0.365234375 0.183203125 0.076953125 0.056640625
0 0.467578125 0.126953125 0.0625 0.07890625
0 0.513671875 0.12578125 0.06953125 0.058984375
0 0.383203125 0.27265625 0.069921875 0.073828125
0 0.459375 0.2640625 0.073828125 0.067578125
0 0.69609375 0.185546875 0.0671875 0.075
0 0.7765625 0.176953125 0.058984375 0.057421875
0 0.76015625 0.2296875 0.05390625 0.065234375
0 0.809375 0.21015625 0.051953125 0.091796875