0 0.980859375 0.0796875 0.03828125 0.03515625
0 0.982421875 0.10859375 0.03515625 0.03359375
0 0.99296875 0.134375 0.0140625 0.044140625
0 0.972265625 0.171484375 0.055078125 0.053125
0 0.94375 0.18984375 0.065234375 0.05078125
0 0.89609375 0.203515625 0.048046875 0.070703125
0 0.927734375 0.22578125 0.04765625 0.062890625
0 0.951953125 0.28203125 0.05625 0.075390625
0 0.923046875 0.127734375 0.04140625 0.077734375
0 0.9640625 0.12734375 0.053125 0.0453125
0 0.946875 0.0921875 0.03828125 0.058203125
0 0.89765625 0.118359375 0.05078125 0.0625
0 0.9 0.083203125 0.058984375 0.03203125
0 0.869140625 0.112890625 0.030859375 0.0453125
0 0.856640625 0.101171875 0.035546875 0.06328125
0 0.873828125 0.156640625 0.04296875 0.06796875
0 0.8328125 0.15703125 0.051171875 0.056640625
0 0.82578125 0.210546875 0.07265625 0.048828125
0 0.8234375 0.10078125 0.04375 0.06171875
0 0.767578125 0.203125 0.06484375 0.06953125
0 0.785546875 0.123828125 0.0484375 0.07109375
0 0.789453125 0.08828125 0.059375 0.037890625
0 0.755859375 0.15859375 0.05234375 0.05625
0 0.749609375 0.095703125 0.054296875 0.05
0 0.709375 0.10625 0.04453125 0.044140625
0 0.7 0.0828125 0.04296875 0.03203125
0 0.72734375 0.1109375 0.042578125 0.046875
0 0.700390625 0.142578125 0.055859375 0.034375
0 0.7078125 0.18828125 0.06171875 0.060546875
0 0.662109375 0.182421875 0.05703125 0.05859375
0 0.673046875 0.11875 0.047265625 0.073046875
0 0.6515625 0.098046875 0.05703125 0.059375
0 0.61484375 0.128515625 0.053125 0.070703125
0 0.58203125 0.107421875 0.068359375 0.06171875
0 0.62421875 0.194140625 0.05078125 0.074609375
0 0.586328125 0.1921875 0.05078125 0.07734375
0 0.55859375 0.24609375 0.05546875 0.05234375
0 0.5484375 0.20234375 0.061328125 0.048828125
0 0.53828125 0.1640625 0.05546875 0.048828125
0 0.521875 0.1171875 0.051171875 0.06171875
0 0.5328125 0.130078125 0.0390625 0.04609375
0 0.50703125 0.101953125 0.0546875 0.055859375
0 0.4640625 0.095703125 0.04453125 0.053125
0 0.42265625 0.093359375 0.047265625 0.049609375
0 0.38828125 0.094140625 0.03984375 0.04375
0 0.36171875 0.128125 0.06171875 0.06640625
0 0.35625 0.10078125 0.04296875 0.0609375
0 0.36953125 0.18203125 0.047265625 0.069921875
0 0.40234375 0.13203125 0.037890625 0.05625
0 0.39375 0.171875 0.037890625 0.05078125
0 0.425 0.136328125 0.03046875 0.041796875
0 0.45546875 0.13671875 0.037109375 0.046875
0 0.48203125 0.144921875 0.036328125 0.039453125
0 0.50625 0.158203125 0.034765625 0.044921875
0 0.49609375 0.18984375 0.056640625 0.051171875
0 0.475390625 0.186328125 0.045703125 0.046875
0 0.45625 0.1828125 0.04140625 0.059375
0 0.4265625 0.169140625 0.040234375 0.04765625
0 0.418359375 0.214453125 0.051171875 0.056640625
0 0.378125 0.241015625 0.04375 0.07265625
0 0.411328125 0.25546875 0.0765625 0.051171875
0 0.396484375 0.24140625 0.0375 0.05078125
0 0.46953125 0.227734375 0.046875 0.050390625
0 0.487109375 0.253125 0.046875 0.046484375
0 0.516015625 0.249609375 0.052734375 0.0625
0 0.4609375 0.27578125 0.050390625 0.0609375
0 0.38671875 0.305078125 0.065625 0.053515625
0 0.432421875 0.297265625 0.047265625 0.058984375
0 0.46953125 0.326171875 0.076171875 0.044921875
0 0.533984375 0.2984375 0.05 0.06015625
0 0.490625 0.290234375 0.0484375 0.053515625
0 0.59140625 0.3015625 0.0671875 0.051171875
0 0.648046875 0.28046875 0.05546875 0.09609375
0 0.59296875 0.3421875 0.065234375 0.0546875
0 0.577734375 0.38125 0.09375 0.044921875
0 0.53515625 0.34453125 0.072265625 0.041796875
0 0.5265625 0.38515625 0.05859375 0.052734375
0 0.488671875 0.395703125 0.06640625 0.053125
0 0.317578125 0.084765625 0.0609375 0.057421875
0 0.27265625 0.09453125 0.0640625 0.03984375
0 0.246484375 0.101953125 0.044140625 0.057421875
0 0.282421875 0.1390625 0.065234375 0.052734375
0 0.312890625 0.16875 0.051171875 0.068359375
0 0.3421875 0.19765625 0.057421875 0.03828125
0 0.282421875 0.202734375 0.056640625 0.04140625
0 0.2796875 0.231640625 0.055859375 0.041015625
0 0.33203125 0.228125 0.0609375 0.04296875
0 0.323828125 0.260546875 0.0734375 0.05
0 0.2453125 0.239453125 0.0734375 0.063671875
0 0.23046875 0.210546875 0.055078125 0.048828125
0 0.2734375 0.284375 0.07109375 0.0484375
0 0.21328125 0.104296875 0.04375 0.042578125
0 0.22578125 0.14921875 0.05859375 0.05625
0 0.171875 0.111328125 0.055859375 0.045703125
0 0.188671875 0.163671875 0.04609375 0.071875
0 0.15234375 0.15546875 0.04375 0.064453125
0 0.16796875 0.208203125 0.06328125 0.046875
0 0.155859375 0.2484375 0.062109375 0.046875
0 0.196875 0.250390625 0.0859375 0.05546875
0 0.198828125 0.28359375 0.09375 0.03359375
0 0.176953125 0.31015625 0.0625 0.040625
0 0.220703125 0.318359375 0.051953125 0.072265625
0 0.27109375 0.3328125 0.059375 0.06640625
0 0.318359375 0.357421875 0.0640625 0.079296875
0 0.165625 0.34609375 0.053125 0.042578125
0 0.1515625 0.338671875 0.04765625 0.05703125
0 0.208984375 0.344921875 0.063671875 0.0421875
0 0.266015625 0.390234375 0.058984375 0.072265625
0 0.201953125 0.38203125 0.080859375 0.04140625
0 0.147265625 0.405078125 0.0640625 0.03828125
0 0.158203125 0.383203125 0.0578125 0.040234375
0 0.161328125 0.43203125 0.055859375 0.03984375
0 0.191796875 0.419921875 0.06015625 0.048046875
0 0.237890625 0.432421875 0.063671875 0.066015625
0 0.33046875 0.434765625 0.0859375 0.06640625
0 0.286328125 0.45390625 0.047265625 0.069140625
0 0.321484375 0.483203125 0.09140625 0.0609375
0 0.155078125 0.490234375 0.0671875 0.037109375
0 0.14921875 0.46484375 0.058203125 0.040234375
0 0.234765625 0.475 0.07890625 0.04609375
0 0.187890625 0.4625 0.06484375 0.0484375
0 0.230078125 0.51484375 0.0734375 0.051171875
0 0.19453125 0.5203125 0.05390625 0.05078125
0 0.1546875 0.5234375 0.0546875 0.040234375
0 0.15 0.55234375 0.05859375 0.0359375
0 0.203515625 0.555859375 0.0765625 0.044921875
0 0.263671875 0.5484375 0.046484375 0.06328125
0 0.30390625 0.55859375 0.076953125 0.0578125
0 0.275 0.59765625 0.07578125 0.048828125
0 0.140625 0.583984375 0.058984375 0.038671875
0 0.178125 0.57734375 0.046484375 0.047265625
0 0.21171875 0.6015625 0.05546875 0.031640625
0 0.21015625 0.58046875 0.0515625 0.0375
0 0.23828125 0.576171875 0.06328125 0.04140625
0 0.15859375 0.61171875 0.057421875 0.03984375
0 0.22890625 0.611328125 0.05234375 0.03984375
0 0.325 0.61328125 0.07578125 0.04375
0 0.255078125 0.636328125 0.07734375 0.043359375
0 0.3171875 0.64921875 0.073046875 0.041796875
0 0.309375 0.68046875 0.070703125 0.041015625
0 0.3921875 0.693359375 0.09140625 0.07265625
0 0.262890625 0.665625 0.0734375 0.038671875
0 0.267578125 0.696875 0.078515625 0.04296875
0 0.3046875 0.73203125 0.075 0.05
0 0.152734375 0.654296875 0.053125 0.030078125
0 0.1625 0.634375 0.058984375 0.02109375
0 0.20390625 0.636328125 0.059375 0.04296875
0 0.183984375 0.659375 0.0359375 0.043359375
0 0.212890625 0.68125 0.04609375 0.039453125
0 0.1796875 0.694140625 0.04921875 0.03671875
0 0.151171875 0.685546875 0.037890625 0.0515625
0 0.160546875 0.725390625 0.044140625 0.0390625
0 0.2015625 0.72265625 0.041796875 0.03671875
0 0.244140625 0.72734375 0.05625 0.040625
0 0.155859375 0.7625 0.041015625 0.04296875
0 0.19140625 0.758984375 0.053125 0.046875
0 0.237890625 0.765234375 0.062890625 0.057421875
0 0.171484375 0.791015625 0.05 0.035546875
0 0.2703125 0.83046875 0.067578125 0.06015625
0 0.243359375 0.807421875 0.05078125 0.038671875
0 0.22421875 0.798828125 0.040234375 0.027734375
0 0.20703125 0.808203125 0.0390625 0.03671875
0 0.17578125 0.82109375 0.0515625 0.032421875
0 0.166796875 0.845703125 0.045703125 0.042578125
0 0.1703125 0.87421875 0.05390625 0.032421875
0 0.227734375 0.876171875 0.065625 0.035546875
0 0.194140625 0.858984375 0.0390625 0.040625
0 0.384375 0.771484375 0.066796875 0.084765625
0 0.970703125 0.788671875 0.05859375 0.06953125
0 0.965234375 0.8453125 0.046484375 0.06484375
0 0.990234375 0.850390625 0.01953125 0.069140625
0 0.977734375 0.8921875 0.044140625 0.03671875
0 0.94375 0.8765625 0.036328125 0.0640625
0 0.9171875 0.878515625 0.040234375 0.072265625
0 0.891796875 0.87109375 0.05625 0.074609375
0 0.82578125 0.876171875 0.07109375 0.05703125
0 0.72890625 0.934765625 0.065625 0.069921875
0 0.626171875 0.812890625 0.06875 0.0671875
0 0.878515625 0.787109375 0.0765625 0.068359375
0 0.8984375 0.68828125 0.062109375 0.05703125
0 0.913671875 0.7203125 0.0671875 0.05234375
0 0.790625 0.7484375 0.05859375 0.057421875
0 0.7484375 0.748046875 0.05390625 0.072265625
0 0.632421875 0.68046875 0.053515625 0.07265625
0 0.7109375 0.694921875 0.051171875 0.071484375
0 0.810546875 0.60546875 0.06640625 0.05078125
0 0.80546875 0.64921875 0.0765625 0.05234375
0 0.933984375 0.622265625 0.065234375 0.062109375
0 0.983984375 0.630859375 0.03203125 0.072265625
0 0.7 0.623046875 0.069140625 0.06171875
0 0.449609375 0.578515625 0.060546875 0.073828125
0 0.505859375 0.5625 0.068359375 0.071484375
0 0.46875 0.480859375 0.05859375 0.0578125
0 0.741796875 0.562890625 0.07421875 0.0546875
0 0.691015625 0.51875 0.063671875 0.0578125
0 0.676171875 0.471484375 0.082421875 0.037109375
0 0.698046875 0.425390625 0.048828125 0.067578125
0 0.64765625 0.415234375 0.065234375 0.075390625
0 0.994921875 0.228515625 0.01015625 0.0421875
0 0.98046875 0.337890625 0.038671875 0.052734375
0 0.94609375 0.396484375 0.0546875 0.066796875
0 0.888671875 0.312890625 0.068359375 0.05546875
0 0.869140625 0.426953125 0.048046875 0.076171875
0 0.834765625 0.459375 0.075390625 0.064453125
0 0.747265625 0.3984375 0.06171875 0.059375
0 0.801953125 0.37109375 0.06171875 0.065234375
0 0.84375 0.3296875 0.063671875 0.06640625
0 0.711328125 0.3328125 0.05859375 0.079296875
0 0.750390625 0.3453125 0.051953125 0.065234375
0 0.774609375 0.305078125 0.055078125 0.060546875
0 0.480859375 0.782421875 0.076171875 0.078515625
0 0.4703125 0.8359375 0.084765625 0.0671875