0 0.017578125 0.21328125 0.03515625 0.06015625
0 0.186328125 0.22109375 0.10703125 0.0625
0 0.170703125 0.33671875 0.103515625 0.07109375
0 0.215625 0.42734375 0.069140625 0.06796875
0 0.47109375 0.318359375 0.05703125 0.090625
0 0.153125 0.67421875 0.07890625 0.068359375
0 0.41015625 0.7234375 0.09140625 0.065625
0 0.307421875 0.81953125 0.069140625 0.083984375
0 0.178515625 0.777734375 0.0734375 0.0890625
0 0.239453125 0.8828125 0.0671875 0.069140625
0 0.308203125 0.902734375 0.05859375 0.08203125
0 0.20546875 0.90234375 0.061328125 0.074609375
0 0.151171875 0.90546875 0.066796875 0.062109375
0 0.108203125 0.903125 0.053515625 0.072265625
0 0.05390625 0.923828125 0.06875 0.067578125
0 0.02421875 0.803125 0.0484375 0.065625
0 0.058203125 0.844921875 0.0671875 0.084375
0 0.014453125 0.866015625 0.02890625 0.065234375
0 0.016015625 0.916015625 0.03203125 0.056640625
0 0.041796875 0.883203125 0.04375 0.036328125
0 0.35234375 0.88671875 0.0484375 0.081640625
0 0.387109375 0.91015625 0.070703125 0.0609375
0 0.414453125 0.88359375 0.053125 0.084765625
0 0.447265625 0.9109375 0.05703125 0.04296875
0 0.438671875 0.86015625 0.0671875 0.072265625
0 0.49296875 0.86484375 0.070703125 0.066015625
0 0.503125 0.908984375 0.060546875 0.046875
0 0.5984375 0.810546875 0.058203125 0.078125
0 0.59609375 0.566796875 0.05390625 0.07578125
0 0.55234375 0.4828125 0.086328125 0.053515625
0 0.612109375 0.312890625 0.065234375 0.08203125
0 0.46640625 0.2 0.073046875 0.06640625
0 0.509765625 0.11015625 0.080859375 0.069140625
0 0.446484375 0.133203125 0.04921875 0.083984375
0 0.3921875 0.121875 0.054296875 0.06640625
0 0.344921875 0.091796875 0.065625 0.06875
0 0.3078125 0.092578125 0.059765625 0.073046875
0 0.98671875 0.08828125 0.026171875 0.049609375
0 0.9546875 0.083203125 0.06875 0.0484375
0 0.908984375 0.06875 0.055859375 0.055078125
0 0.954296875 0.12734375 0.0578125 0.055078125
0 0.88046875 0.16875 0.07265625 0.066796875
0 0.90703125 0.125 0.044921875 0.053125
0 0.874609375 0.0953125 0.053515625 0.057421875
0 0.831640625 0.081640625 0.044140625 0.0484375
0 0.84453125 0.1375 0.05859375 0.0796875
0 0.7953125 0.1171875 0.05078125 0.087890625
0 0.7140625 0.116015625 0.055859375 0.08828125
0 0.759765625 0.137109375 0.049609375 0.07265625
0 0.755078125 0.18359375 0.058203125 0.085546875
0 0.7140625 0.20078125 0.05625 0.08515625
0 0.684375 0.154296875 0.09921875 0.0578125
0 0.9453125 0.293359375 0.085546875 0.074609375
0 0.964453125 0.36953125 0.07109375 0.0625
0 0.988671875 0.2984375 0.02265625 0.069140625