0 0.153125 0.14921875 0.05625 0.094140625
0 0.18671875 0.14921875 0.0515625 0.07890625
0 0.211328125 0.142578125 0.05859375 0.0609375
0 0.263671875 0.153515625 0.055078125 0.07421875
0 0.275 0.113671875 0.05390625 0.076171875
0 0.233203125 0.08828125 0.05625 0.054296875
0 0.191015625 0.092578125 0.065234375 0.045703125
0 0.4171875 0.14375 0.06640625 0.0609375
0 0.403125 0.1859375 0.09609375 0.055859375
0 0.3390625 0.28359375 0.067578125 0.08203125
0 0.15546875 0.276953125 0.0765625 0.09609375
0 0.062890625 0.433984375 0.0578125 0.10546875
0 0.10546875 0.668359375 0.083984375 0.061328125
0 0.1296875 0.8171875 0.067578125 0.1
0 0.220703125 0.90390625 0.068359375 0.06484375
0 0.297265625 0.8828125 0.076171875 0.06171875
0 0.294140625 0.743359375 0.065625 0.072265625
0 0.423046875 0.780859375 0.073046875 0.072265625
0 0.42890625 0.596484375 0.05703125 0.080859375
0 0.376953125 0.617578125 0.05390625 0.071484375
0 0.358984375 0.644921875 0.07265625 0.065625
0 0.394140625 0.86328125 0.072265625 0.05703125
0 0.4234375 0.900390625 0.052734375 0.076171875
0 0.466015625 0.902734375 0.05390625 0.06796875
0 0.495703125 0.86875 0.053125 0.08359375
0 0.556640625 0.90390625 0.08046875 0.06484375
0 0.51484375 0.905078125 0.05 0.07265625
0 0.878515625 0.7625 0.084765625 0.0765625
0 0.958203125 0.26640625 0.0625 0.06953125
0 0.673828125 0.33671875 0.074609375 0.06484375
0 0.690625 0.20703125 0.07578125 0.0640625
0 0.5703125 0.21953125 0.07421875 0.07109375
0 0.6125 0.22109375 0.07421875 0.0921875