0 0.8734375 0.746484375 0.072265625 0.06953125
0 0.95234375 0.70703125 0.079296875 0.090625
0 0.73359375 0.712890625 0.0671875 0.084765625
0 0.69375 0.8078125 0.071875 0.087109375
0 0.638671875 0.84609375 0.075 0.07734375
0 0.789453125 0.799609375 0.072265625 0.0859375
0 0.83203125 0.83671875 0.059375 0.087109375
0 0.90703125 0.824609375 0.09140625 0.069140625
0 0.962109375 0.823046875 0.07578125 0.08359375
0 0.93125 0.86640625 0.071875 0.0453125
0 0.98046875 0.876171875 0.038671875 0.034375
0 0.876171875 0.57734375 0.09375 0.063671875
0 0.9578125 0.569140625 0.084375 0.06015625
0 0.9703125 0.4765625 0.058984375 0.0578125
0 0.803125 0.4671875 0.066015625 0.09375
0 0.891015625 0.501953125 0.088671875 0.056640625
0 0.748828125 0.5265625 0.084765625 0.05390625
0 0.78359375 0.592578125 0.088671875 0.06484375
0 0.6328125 0.57265625 0.08515625 0.071875
0 0.65 0.633984375 0.058203125 0.080859375
0 0.47109375 0.640625 0.076953125 0.06953125
0 0.569921875 0.721484375 0.049609375 0.0921875
0 0.553125 0.85 0.082421875 0.068359375
0 0.546875 0.8984375 0.0515625 0.048046875
0 0.4984375 0.88359375 0.052734375 0.076171875
0 0.443359375 0.86875 0.057421875 0.071875
0 0.45 0.744140625 0.059375 0.075390625
0 0.44609375 0.79921875 0.079296875 0.078125
0 0.695703125 0.42578125 0.067578125 0.07421875
0 0.899609375 0.40390625 0.101171875 0.071875
0 0.976171875 0.32109375 0.047265625 0.055859375
0 0.87890625 0.316015625 0.1015625 0.059375
0 0.754296875 0.31796875 0.098828125 0.056640625
0 0.781640625 0.357421875 0.0984375 0.057421875
0 0.969140625 0.201953125 0.06171875 0.10703125
0 0.910546875 0.19765625 0.083984375 0.06875
0 0.8328125 0.255859375 0.07265625 0.086328125
0 0.8953125 0.2546875 0.065234375 0.06328125
0 0.784375 0.15703125 0.053515625 0.08828125
0 0.7609375 0.048828125 0.054296875 0.094921875
0 0.71015625 0.0828125 0.05390625 0.09921875
0 0.7375 0.11171875 0.060546875 0.10625
0 0.923828125 0.06328125 0.0546875 0.103515625
0 0.897265625 0.084375 0.046875 0.094140625
0 0.8671875 0.08203125 0.04921875 0.073046875
0 0.8625 0.048046875 0.044921875 0.048828125
0 0.812109375 0.03828125 0.056640625 0.0765625
0 0.83203125 0.040625 0.051171875 0.069140625
0 0.796484375 0.097265625 0.03515625 0.07265625
0 0.825 0.10546875 0.0390625 0.065625
0 0.855859375 0.141015625 0.073046875 0.0671875
0 0.693359375 0.194921875 0.0734375 0.0796875
0 0.637109375 0.10390625 0.08046875 0.077734375
0 0.618359375 0.048828125 0.06796875 0.073828125
0 0.566796875 0.038671875 0.06015625 0.053515625
0 0.526171875 0.065625 0.057421875 0.09140625
0 0.5671875 0.097265625 0.06328125 0.078125
0 0.508203125 0.18671875 0.074609375 0.08125
0 0.582421875 0.172265625 0.08203125 0.055859375
0 0.57265625 0.246875 0.05234375 0.081640625
0 0.63203125 0.255859375 0.073046875 0.056640625
0 0.59375 0.341015625 0.09140625 0.06328125
0 0.46875 0.3484375 0.091015625 0.059765625
0 0.559765625 0.39453125 0.080859375 0.070703125
0 0.516015625 0.43359375 0.058984375 0.079296875
0 0.4375 0.443359375 0.057421875 0.08359375
0 0.06015625 0.867578125 0.046484375 0.03671875
0 0.108984375 0.8484375 0.07578125 0.072265625
0 0.021875 0.85234375 0.04375 0.0578125
0 0.02578125 0.80234375 0.051171875 0.0671875
0 0.11171875 0.76953125 0.068359375 0.08125
0 0.172265625 0.772265625 0.08125 0.077734375
0 0.248046875 0.766796875 0.086328125 0.06484375
0 0.303515625 0.67890625 0.072265625 0.059375
0 0.04375 0.725390625 0.0875 0.066015625
0 0.061328125 0.66796875 0.08984375 0.0640625
0 0.134765625 0.66328125 0.074609375 0.094140625
0 0.190234375 0.6625 0.06953125 0.0625
0 0.251953125 0.608984375 0.09453125 0.05625
0 0.048046875 0.562890625 0.087890625 0.0625
0 0.271875 0.505078125 0.0703125 0.07109375
0 0.064453125 0.376953125 0.068359375 0.09375
0 0.181640625 0.390234375 0.084765625 0.06171875
0 0.265625 0.3484375 0.061328125 0.100390625
0 0.18515625 0.270703125 0.08515625 0.063671875
0 0.401953125 0.260546875 0.066796875 0.0984375
0 0.069921875 0.26171875 0.086328125 0.080859375
0 0.01875 0.2765625 0.0375 0.063671875
0 0.065234375 0.154296875 0.073046875 0.095703125
0 0.159765625 0.128515625 0.059375 0.081640625
0 0.26796875 0.103125 0.07890625 0.09375
0 0.284765625 0.059375 0.091796875 0.068359375
0 0.38125 0.091796875 0.055859375 0.09140625
0 0.43671875 0.06875 0.08203125 0.07109375
0 0.430078125 0.1359375 0.073828125 0.089453125
0 0.227734375 0.170703125 0.08359375 0.086328125
0 0.165234375 0.05 0.07265625 0.1
0 0.1109375 0.059765625 0.062109375 0.10546875
0 0.08125 0.070703125 0.035546875 0.0796875
0 0.05234375 0.076953125 0.048828125 0.0875
0 0.021484375 0.066796875 0.04296875 0.06171875
0 0.388671875 0.752734375 0.063671875 0.095703125
0 0.355078125 0.8125 0.079296875 0.065234375
0 0.309375 0.9046875 0.041796875 0.05
0 0.28828125 0.857421875 0.067578125 0.068359375
0 0.989453125 0.09765625 0.02109375 0.059375