0 0.31328125 0.845703125 0.06640625 0.068359375
0 0.373046875 0.859765625 0.053125 0.07265625
0 0.405078125 0.871484375 0.04296875 0.0578125
0 0.421484375 0.826171875 0.0609375 0.0578125
0 0.44453125 0.8734375 0.05390625 0.05390625
0 0.46640625 0.855859375 0.041796875 0.0734375
0 0.51328125 0.89140625 0.07890625 0.048828125
0 0.50234375 0.845703125 0.0390625 0.054296875
0 0.5625 0.8703125 0.055859375 0.057421875
0 0.5359375 0.83515625 0.04609375 0.061328125
0 0.448828125 0.77265625 0.05859375 0.076953125
0 0.51875 0.77890625 0.078515625 0.0703125
0 0.580078125 0.70546875 0.066796875 0.0671875
0 0.64296875 0.70546875 0.05625 0.08984375
0 0.377734375 0.608984375 0.069140625 0.080078125
0 0.284765625 0.61640625 0.06640625 0.08125
0 0.379296875 0.180859375 0.0640625 0.075390625
0 0.013671875 0.11328125 0.02734375 0.0609375
0 0.028125 0.302734375 0.055859375 0.084375
0 0.21875 0.471875 0.0953125 0.053515625
0 0.1265625 0.564453125 0.066796875 0.0890625
0 0.191796875 0.558203125 0.063671875 0.082421875
0 0.105078125 0.761328125 0.060546875 0.080859375
0 0.753515625 0.908984375 0.0484375 0.0421875
0 0.791015625 0.778125 0.062109375 0.086328125
0 0.857421875 0.75078125 0.07421875 0.078125
0 0.90703125 0.7265625 0.0625 0.075
0 0.8921875 0.448046875 0.08984375 0.072265625