0 0.94375 0.502734375 0.06875 0.077734375
0 0.8828125 0.459765625 0.08125 0.060546875
0 0.796875 0.142578125 0.0875 0.08828125
0 0.6609375 0.2609375 0.099609375 0.084765625
0 0.627734375 0.215234375 0.07109375 0.087890625
0 0.553515625 0.151171875 0.064453125 0.083984375
0 0.511328125 0.1328125 0.05390625 0.0875
0 0.160546875 0.129296875 0.06484375 0.083984375
0 0.187109375 0.091796875 0.068359375 0.08984375
0 0.128125 0.07109375 0.062890625 0.0640625
0 0.089453125 0.08203125 0.073046875 0.0859375
0 0.0453125 0.080859375 0.084765625 0.074609375
0 0.04453125 0.116015625 0.0671875 0.09140625
0 0.0546875 0.173046875 0.103125 0.090234375
0 0.314453125 0.313671875 0.069921875 0.105859375
0 0.386328125 0.501953125 0.080078125 0.079296875
0 0.026953125 0.76015625 0.05390625 0.059375
0 0.238671875 0.651953125 0.075 0.085546875
0 0.897265625 0.83203125 0.06171875 0.0828125
0 0.880859375 0.8890625 0.075390625 0.0625
0 0.825390625 0.884375 0.085546875 0.058984375
0 0.68828125 0.8890625 0.0828125 0.06875
0 0.671875 0.759375 0.066015625 0.0765625
0 0.591015625 0.762890625 0.076171875 0.067578125
0 0.521875 0.883984375 0.0734375 0.07109375
0 0.407421875 0.88046875 0.0796875 0.0640625