0 0.923046875 0.592578125 0.095703125 0.069140625
0 0.42578125 0.52109375 0.073046875 0.06796875
0 0.09765625 0.625390625 0.06171875 0.09609375
0 0.48671875 0.694140625 0.107421875 0.056640625
0 0.869921875 0.881640625 0.101171875 0.055078125
0 0.56328125 0.89609375 0.059765625 0.076953125
0 0.51796875 0.878515625 0.06484375 0.072265625
0 0.5 0.901953125 0.070703125 0.065234375
0 0.45625 0.883203125 0.056640625 0.084375
0 0.43671875 0.787109375 0.0578125 0.0828125
0 0.040234375 0.2203125 0.0734375 0.080078125
0 0.016796875 0.0890625 0.033203125 0.052734375
0 0.974609375 0.288671875 0.05078125 0.05390625
0 0.937109375 0.228515625 0.080859375 0.065234375
0 0.9796875 0.100390625 0.040625 0.094140625
0 0.939453125 0.085546875 0.05859375 0.084375
0 0.89609375 0.11875 0.08125 0.0640625
0 0.898046875 0.080078125 0.079296875 0.056640625
0 0.8390625 0.071484375 0.071875 0.0578125
0 0.84765625 0.108203125 0.05859375 0.0625
0 0.822265625 0.141015625 0.06484375 0.08046875
0 0.78359375 0.103515625 0.06953125 0.0703125
0 0.75390625 0.086328125 0.06875 0.079296875
0 0.751953125 0.1546875 0.07265625 0.0890625
0 0.68125 0.130078125 0.058203125 0.093359375
0 0.6953125 0.0828125 0.074609375 0.059375
0 0.625 0.11875 0.05546875 0.091015625
0 0.644921875 0.179296875 0.063671875 0.08984375
0 0.65234375 0.08203125 0.051953125 0.0703125
0 0.598046875 0.07578125 0.073828125 0.066796875
0 0.549609375 0.09765625 0.053125 0.087890625
0 0.508984375 0.08515625 0.06328125 0.071484375
0 0.4578125 0.0828125 0.078125 0.05234375
0 0.4515625 0.136328125 0.053515625 0.0828125
0 0.39609375 0.10625 0.05 0.100390625
0 0.346484375 0.118359375 0.058984375 0.078125
0 0.35 0.076171875 0.064453125 0.05703125
0 0.31953125 0.106640625 0.051953125 0.1046875
0 0.268359375 0.13671875 0.101171875 0.062109375
0 0.240625 0.165625 0.06953125 0.082421875
0 0.179296875 0.136328125 0.080078125 0.064453125
0 0.050390625 0.079296875 0.054296875 0.08046875
0 0.0953125 0.094140625 0.066015625 0.090234375
0 0.129296875 0.087109375 0.053515625 0.0890625
0 0.16875 0.087109375 0.052734375 0.07265625
0 0.2015625 0.09296875 0.051171875 0.082421875
0 0.2453125 0.09296875 0.055078125 0.083984375
0 0.28515625 0.086328125 0.053515625 0.077734375