0 0.171484375 0.1109375 0.059765625 0.0421875
0 0.20078125 0.15390625 0.044921875 0.067578125
0 0.220703125 0.13046875 0.048828125 0.0546875
0 0.23046875 0.1 0.066015625 0.045703125
0 0.27734375 0.11796875 0.046484375 0.057421875
0 0.313671875 0.110546875 0.059765625 0.058984375
0 0.36640625 0.131640625 0.063671875 0.059375
0 0.401171875 0.09765625 0.05234375 0.05390625
0 0.383984375 0.204296875 0.067578125 0.056640625
0 0.45859375 0.2140625 0.076953125 0.052734375
0 0.5484375 0.196484375 0.083203125 0.07265625
0 0.455859375 0.117578125 0.049609375 0.079296875
0 0.491015625 0.155078125 0.07421875 0.062890625
0 0.546484375 0.137890625 0.0484375 0.06171875
0 0.500390625 0.10234375 0.04921875 0.068359375
0 0.32578125 0.173046875 0.06484375 0.093359375
0 0.158984375 0.14609375 0.0453125 0.05703125
0 0.155078125 0.18046875 0.042578125 0.052734375
0 0.183203125 0.2078125 0.05 0.059765625
0 0.266015625 0.164453125 0.058203125 0.078125
0 0.320703125 0.216796875 0.066015625 0.06953125
0 0.250390625 0.224609375 0.075390625 0.067578125
0 0.205078125 0.264453125 0.070703125 0.06875
0 0.183984375 0.28046875 0.053515625 0.05703125
0 0.153515625 0.2515625 0.046875 0.076171875
0 0.17734375 0.31640625 0.060546875 0.05390625
0 0.156640625 0.35546875 0.056640625 0.06875
0 0.21796875 0.3703125 0.06015625 0.058984375
0 0.226953125 0.32578125 0.04921875 0.05859375
0 0.275 0.346875 0.0859375 0.048046875
0 0.294140625 0.28984375 0.060546875 0.076171875
0 0.269921875 0.259765625 0.068359375 0.055859375
0 0.387109375 0.282421875 0.071875 0.056640625
0 0.458984375 0.28828125 0.05625 0.0609375
0 0.53671875 0.103125 0.0546875 0.059765625
0 0.58203125 0.116015625 0.046484375 0.078515625
0 0.615234375 0.102734375 0.05625 0.062109375
0 0.66875 0.097265625 0.0625 0.0546875
0 0.671875 0.133203125 0.066796875 0.046484375
0 0.619140625 0.17265625 0.057421875 0.084375
0 0.64765625 0.160546875 0.044140625 0.05625
0 0.6921875 0.190234375 0.04609375 0.077734375
0 0.7234375 0.25078125 0.06328125 0.06171875
0 0.689453125 0.287890625 0.040625 0.07578125
0 0.704296875 0.29609375 0.0375 0.055859375
0 0.67578125 0.25390625 0.0484375 0.07109375
0 0.5546875 0.245703125 0.058203125 0.07734375
0 0.599609375 0.296484375 0.05859375 0.05
0 0.60703125 0.352734375 0.07734375 0.07421875
0 0.521875 0.276953125 0.062890625 0.056640625
0 0.51953125 0.317578125 0.074609375 0.046875
0 0.541796875 0.35625 0.06328125 0.053515625
0 0.587890625 0.364453125 0.05234375 0.066015625
0 0.474609375 0.35 0.066015625 0.066015625
0 0.501953125 0.370703125 0.046875 0.0765625
0 0.576953125 0.407421875 0.066796875 0.044921875
0 0.533984375 0.421875 0.04609375 0.062109375
0 0.368359375 0.35859375 0.0609375 0.08515625
0 0.421875 0.337109375 0.072265625 0.054296875
0 0.428125 0.385546875 0.061328125 0.055859375
0 0.47421875 0.408984375 0.0546875 0.074609375
0 0.449609375 0.43203125 0.0671875 0.059765625
0 0.709375 0.372265625 0.046875 0.071875
0 0.754296875 0.375 0.046484375 0.06796875
0 0.665234375 0.369921875 0.05390625 0.076171875
0 0.6921875 0.42265625 0.06484375 0.05
0 0.641015625 0.448828125 0.051171875 0.084765625
0 0.695703125 0.46875 0.066796875 0.04296875
0 0.750390625 0.4984375 0.06953125 0.043359375
0 0.73671875 0.538671875 0.055859375 0.070703125
0 0.802734375 0.520703125 0.068359375 0.0515625
0 0.807421875 0.59609375 0.0484375 0.06953125
0 0.76015625 0.63359375 0.046484375 0.090234375
0 0.785546875 0.687109375 0.05703125 0.044921875
0 0.721484375 0.624609375 0.0515625 0.06484375
0 0.688671875 0.5796875 0.074609375 0.03984375
0 0.6828125 0.5421875 0.06796875 0.041015625
0 0.774609375 0.46953125 0.07734375 0.049609375
0 0.7734375 0.418359375 0.05625 0.0671875
0 0.819921875 0.424609375 0.05859375 0.066796875
0 0.80234375 0.373828125 0.046484375 0.068359375
0 0.81328125 0.3109375 0.040234375 0.069921875
0 0.741796875 0.3125 0.04296875 0.07421875
0 0.775 0.3171875 0.044140625 0.0765625
0 0.793359375 0.154296875 0.054296875 0.062109375
0 0.770703125 0.196875 0.0546875 0.061328125
0 0.7265625 0.14921875 0.054296875 0.06796875
0 0.76875 0.123046875 0.055859375 0.0640625
0 0.742578125 0.101171875 0.07421875 0.056640625
0 0.785546875 0.72421875 0.06171875 0.048828125
0 0.812890625 0.755078125 0.05390625 0.067578125
0 0.766796875 0.75234375 0.061328125 0.051171875
0 0.790625 0.81953125 0.05234375 0.065625
0 0.8203125 0.86796875 0.048046875 0.067578125
0 0.77265625 0.87890625 0.05390625 0.059765625
0 0.731640625 0.951171875 0.03984375 0.06953125
0 0.541015625 0.919921875 0.0625 0.022265625
0 0.411328125 0.915625 0.054296875 0.025
0 0.62265625 0.869140625 0.0453125 0.080078125
0 0.539453125 0.863671875 0.06796875 0.053515625
0 0.544921875 0.8203125 0.0703125 0.069140625
0 0.383984375 0.875 0.037890625 0.068359375
0 0.42109375 0.8453125 0.08828125 0.073828125
0 0.705859375 0.796484375 0.0703125 0.04765625
0 0.666796875 0.78359375 0.049609375 0.051171875
0 0.6421875 0.817578125 0.067578125 0.048828125
0 0.591015625 0.75703125 0.062890625 0.044921875
0 0.540234375 0.74375 0.0640625 0.05703125
0 0.500390625 0.755859375 0.048828125 0.065234375
0 0.4625 0.780078125 0.049609375 0.069140625
0 0.49765625 0.715234375 0.0703125 0.062109375
0 0.47265625 0.7125 0.05 0.075
0 0.425390625 0.7328125 0.05234375 0.046875
0 0.449609375 0.68046875 0.053515625 0.05703125
0 0.658203125 0.7421875 0.051953125 0.0703125
0 0.703125 0.7109375 0.04921875 0.06953125
0 0.6421875 0.69140625 0.0578125 0.06328125
0 0.602734375 0.476953125 0.0484375 0.06484375
0 0.56328125 0.45703125 0.059375 0.058984375
0 0.57578125 0.5046875 0.04453125 0.060546875
0 0.5953125 0.547265625 0.05859375 0.058984375
0 0.64296875 0.524609375 0.05703125 0.06171875
0 0.64375 0.59296875 0.04453125 0.061328125
0 0.60625 0.59140625 0.043359375 0.056640625
0 0.534765625 0.55390625 0.060546875 0.0546875
0 0.569921875 0.632421875 0.053515625 0.075
0 0.527734375 0.634375 0.0515625 0.0640625
0 0.47421875 0.634765625 0.06875 0.0421875
0 0.41875 0.58515625 0.062109375 0.055859375
0 0.473828125 0.592578125 0.05 0.06484375
0 0.478125 0.537109375 0.0609375 0.0484375
0 0.523828125 0.525 0.064453125 0.040234375
0 0.436328125 0.5 0.080859375 0.05
0 0.4375 0.53984375 0.06640625 0.05078125
0 0.387109375 0.4796875 0.05234375 0.076171875
0 0.403515625 0.441796875 0.056640625 0.062890625
0 0.35859375 0.41875 0.06875 0.046875
0 0.320703125 0.38984375 0.071875 0.053515625
0 0.280078125 0.38984375 0.069921875 0.070703125
0 0.250390625 0.42109375 0.06953125 0.051171875
0 0.32890625 0.446484375 0.066015625 0.04609375
0 0.358984375 0.48203125 0.04296875 0.0640625
0 0.29765625 0.45234375 0.054296875 0.05703125
0 0.29765625 0.512109375 0.07265625 0.053515625
0 0.271875 0.500390625 0.070703125 0.075
0 0.3640625 0.537890625 0.074609375 0.044921875
0 0.33359375 0.574609375 0.06796875 0.064453125
0 0.31484375 0.552734375 0.05625 0.058984375
0 0.176953125 0.385546875 0.06484375 0.0484375
0 0.143359375 0.41640625 0.05703125 0.041796875
0 0.1921875 0.4296875 0.05703125 0.077734375
0 0.158984375 0.43984375 0.057421875 0.0484375
0 0.136328125 0.454296875 0.048828125 0.053125
0 0.228515625 0.512109375 0.0578125 0.051171875
0 0.198828125 0.5765625 0.094140625 0.06953125
0 0.19921875 0.5375 0.076953125 0.044140625
0 0.151953125 0.541796875 0.074609375 0.043359375
0 0.15078125 0.57265625 0.051171875 0.046484375
0 0.156640625 0.61640625 0.05390625 0.062109375
0 0.1890625 0.503515625 0.072265625 0.05078125
0 0.18359375 0.479296875 0.058984375 0.040625
0 0.142578125 0.49609375 0.0609375 0.045703125
0 0.260546875 0.61328125 0.062109375 0.06484375
0 0.31875 0.624609375 0.078515625 0.04296875
0 0.365234375 0.621875 0.09375 0.06484375
0 0.413671875 0.6609375 0.078515625 0.04765625
0 0.298046875 0.896484375 0.07265625 0.053125
0 0.31328125 0.848046875 0.05625 0.0609375
0 0.276953125 0.8671875 0.0453125 0.059375
0 0.241796875 0.870703125 0.051953125 0.04609375
0 0.194921875 0.870703125 0.073828125 0.047265625
0 0.168359375 0.87265625 0.05546875 0.041796875
0 0.16015625 0.828125 0.0375 0.062109375
0 0.185546875 0.842578125 0.04765625 0.0515625
0 0.21953125 0.83515625 0.06171875 0.053515625
0 0.20546875 0.8046875 0.06328125 0.068359375
0 0.1578125 0.787109375 0.059765625 0.041796875
0 0.25859375 0.81328125 0.062890625 0.062890625
0 0.371484375 0.805859375 0.087109375 0.095703125
0 0.362890625 0.776171875 0.0515625 0.064453125
0 0.31953125 0.794921875 0.044921875 0.07578125
0 0.28203125 0.785546875 0.046875 0.071484375
0 0.179296875 0.752734375 0.0640625 0.04296875
0 0.217578125 0.74453125 0.03515625 0.063671875
0 0.251171875 0.740234375 0.04453125 0.0484375
0 0.27734375 0.715234375 0.076171875 0.0375
0 0.240625 0.699609375 0.078515625 0.05
0 0.212890625 0.6953125 0.031640625 0.04765625
0 0.193359375 0.71953125 0.041796875 0.065234375
0 0.165625 0.720703125 0.04921875 0.037890625
0 0.169921875 0.684765625 0.061328125 0.052734375
0 0.155078125 0.681640625 0.04140625 0.04609375
0 0.158984375 0.646875 0.066015625 0.04453125
0 0.203125 0.6171875 0.08046875 0.03515625
0 0.20859375 0.651171875 0.069921875 0.05
0 0.246875 0.668359375 0.052734375 0.058203125
0 0.28984375 0.66484375 0.061328125 0.050390625
0 0.39296875 0.689453125 0.0578125 0.046875
0 0.304296875 0.75 0.04921875 0.03671875
0 0.37421875 0.7234375 0.0578125 0.046875
0 0.350390625 0.671484375 0.066796875 0.0390625
0 0.320703125 0.681640625 0.05234375 0.04375
0 0.33359375 0.712890625 0.059765625 0.040234375
0 0.344921875 0.7421875 0.074609375 0.038671875
0 0.97734375 0.87734375 0.0453125 0.062890625
0 0.95703125 0.835546875 0.07265625 0.05546875
0 0.981640625 0.777734375 0.03671875 0.056640625
0 0.975 0.736328125 0.05 0.0640625
0 0.876171875 0.674609375 0.046484375 0.08515625
0 0.938671875 0.634375 0.07734375 0.057421875
0 0.855078125 0.89140625 0.051171875 0.04609375
0 0.883203125 0.858203125 0.040234375 0.07265625
0 0.833984375 0.8265625 0.059765625 0.079296875
0 0.864453125 0.79296875 0.05 0.0734375
0 0.849609375 0.75078125 0.0453125 0.06484375
0 0.9015625 0.8 0.056640625 0.051953125
0 0.915234375 0.833984375 0.048046875 0.064453125
0 0.86875 0.565234375 0.038671875 0.06875
0 0.912109375 0.566796875 0.065625 0.05234375
0 0.90546875 0.5375 0.0546875 0.076953125
0 0.85703125 0.526171875 0.05 0.065625
0 0.990625 0.41796875 0.01875 0.0609375
0 0.969921875 0.462890625 0.051953125 0.0671875
0 0.959375 0.4203125 0.051953125 0.0640625
0 0.905859375 0.43359375 0.060546875 0.075390625
0 0.8640625 0.44296875 0.0421875 0.078515625
0 0.819140625 0.460546875 0.069140625 0.051171875
0 0.8890625 0.38515625 0.0609375 0.0421875
0 0.83359375 0.363671875 0.052734375 0.06875
0 0.854296875 0.316015625 0.05859375 0.06328125
0 0.89375 0.351953125 0.071875 0.04609375
0 0.967578125 0.359765625 0.044140625 0.05859375
0 0.987109375 0.345703125 0.02578125 0.06171875
0 0.965625 0.319921875 0.06875 0.05234375
0 0.89453125 0.30703125 0.04765625 0.067578125
0 0.952734375 0.283984375 0.074609375 0.04765625
0 0.9734375 0.10546875 0.05234375 0.075
0 0.97890625 0.21484375 0.0421875 0.081640625
0 0.95390625 0.23828125 0.06875 0.05859375
0 0.9109375 0.223046875 0.058984375 0.058203125
0 0.861328125 0.208984375 0.059765625 0.071484375
0 0.816015625 0.10390625 0.058203125 0.059375
0 0.860546875 0.1 0.047265625 0.05546875
0 0.921875 0.091796875 0.0671875 0.05546875
0 0.95390625 0.1578125 0.05703125 0.07109375
0 0.930078125 0.184765625 0.070703125 0.051953125
0 0.91328125 0.13125 0.047265625 0.07890625
0 0.877734375 0.146875 0.041015625 0.06640625
0 0.839453125 0.153515625 0.054296875 0.073828125