0 0.021484375 0.738671875 0.042578125 0.048046875
0 0.080859375 0.611328125 0.076171875 0.09375
0 0.666796875 0.835546875 0.058984375 0.0859375
0 0.851171875 0.86953125 0.06171875 0.078515625
0 0.92265625 0.903515625 0.083203125 0.057421875
0 0.944921875 0.859765625 0.075 0.0734375
0 0.985546875 0.9046875 0.028515625 0.061328125
0 0.990625 0.84765625 0.018359375 0.05546875
0 0.753125 0.63203125 0.07109375 0.064453125
0 0.714453125 0.509765625 0.0609375 0.065625
0 0.760546875 0.512890625 0.055859375 0.077734375
0 0.63984375 0.577734375 0.071875 0.071484375
0 0.486328125 0.3453125 0.066796875 0.059375
0 0.6875 0.234375 0.08828125 0.064453125
0 0.797265625 0.231640625 0.1046875 0.0734375
0 0.496875 0.2796875 0.090234375 0.0625
0 0.455078125 0.296484375 0.076171875 0.06328125
0 0.503515625 0.1453125 0.0609375 0.0734375
0 0.8171875 0.08515625 0.07109375 0.070703125
0 0.872265625 0.11953125 0.0640625 0.09296875
0 0.949609375 0.081640625 0.0640625 0.077734375
0 0.98359375 0.080859375 0.0328125 0.0828125
0 0.398046875 0.078515625 0.09140625 0.061328125
0 0.189453125 0.180078125 0.09453125 0.0734375
0 0.00703125 0.3078125 0.0140625 0.0578125
0 0.00625 0.13984375 0.0125 0.059375
0 0.05078125 0.14375 0.089453125 0.06640625
0 0.02890625 0.10234375 0.0578125 0.060546875
0 0.062890625 0.09453125 0.066796875 0.07578125
0 0.11640625 0.100390625 0.0578125 0.091015625
0 0.165625 0.092578125 0.0953125 0.071484375
0 0.20703125 0.071484375 0.093359375 0.077734375