0 0.7125 0.133203125 0.0453125 0.0875
0 0.601171875 0.08359375 0.0484375 0.08984375
0 0.174609375 0.142578125 0.073828125 0.051953125
0 0.0125 0.273828125 0.025 0.05859375
0 0.04375 0.317578125 0.060546875 0.06015625
0 0.029296875 0.52578125 0.05859375 0.075
0 0.111328125 0.48515625 0.068359375 0.0859375
0 0.374609375 0.4859375 0.06640625 0.052734375
0 0.296875 0.41484375 0.064453125 0.07578125
0 0.9734375 0.6109375 0.053125 0.08125
0 0.988671875 0.837890625 0.022265625 0.041015625
0 0.873828125 0.52109375 0.090234375 0.054296875
0 0.696484375 0.601953125 0.06953125 0.052734375
0 0.60859375 0.588671875 0.048828125 0.063671875
0 0.784375 0.7578125 0.062890625 0.07578125
0 0.291796875 0.705859375 0.063671875 0.05
0 0.458984375 0.778515625 0.063671875 0.056640625
0 0.53515625 0.791796875 0.042578125 0.065625
0 0.753125 0.886328125 0.07265625 0.063671875
0 0.65546875 0.853515625 0.069140625 0.0640625
0 0.60703125 0.88828125 0.065234375 0.055078125
0 0.56640625 0.8421875 0.076171875 0.06015625
0 0.492578125 0.882421875 0.053125 0.051953125
0 0.412890625 0.891796875 0.069140625 0.049609375
0 0.1234375 0.6828125 0.052734375 0.0796875
0 0.058984375 0.690234375 0.0875 0.055078125