0 0.755078125 0.26015625 0.0671875 0.058203125
0 0.805859375 0.538671875 0.09140625 0.055859375
0 0.737109375 0.63203125 0.0609375 0.082421875
0 0.614453125 0.59453125 0.0734375 0.06328125
0 0.509765625 0.612890625 0.085546875 0.057421875
0 0.944140625 0.828515625 0.098046875 0.053515625
0 0.84765625 0.79453125 0.071484375 0.076953125
0 0.4140625 0.804296875 0.0734375 0.06875
0 0.539453125 0.78828125 0.069921875 0.05625
0 0.567578125 0.87265625 0.053515625 0.064453125
0 0.041015625 0.7765625 0.08203125 0.07109375
0 0.0734375 0.498828125 0.07578125 0.076953125
0 0.320703125 0.8796875 0.047265625 0.08125