0 0.02890625 0.1421875 0.0578125 0.0671875
0 0.03203125 0.212109375 0.063671875 0.09140625
0 0.055859375 0.31171875 0.06484375 0.0796875
0 0.153125 0.35546875 0.055859375 0.078515625
0 0.112109375 0.5125 0.078515625 0.0703125
0 0.02890625 0.637890625 0.0578125 0.07109375
0 0.064453125 0.709765625 0.062109375 0.072265625
0 0.016015625 0.7484375 0.03203125 0.08125
0 0.021875 0.896484375 0.04375 0.06953125
0 0.059765625 0.90234375 0.062109375 0.05625
0 0.1578125 0.890625 0.06171875 0.076953125
0 0.5015625 0.904296875 0.052734375 0.0671875
0 0.54375 0.89296875 0.056640625 0.08203125
0 0.719921875 0.883984375 0.069921875 0.080859375
0 0.22578125 0.1203125 0.0828125 0.062109375
0 0.26328125 0.1984375 0.0671875 0.0765625
0 0.191796875 0.186328125 0.085546875 0.065625
0 0.4703125 0.112890625 0.05078125 0.080078125
0 0.545703125 0.090234375 0.062890625 0.07734375
0 0.72109375 0.156640625 0.053515625 0.085546875
0 0.94765625 0.300390625 0.0640625 0.074609375
0 0.98984375 0.19296875 0.0203125 0.065625
0 0.9625 0.17578125 0.05625 0.08046875
0 0.921875 0.16171875 0.048828125 0.074609375
0 0.937890625 0.2296875 0.065625 0.08359375
0 0.77578125 0.08203125 0.087890625 0.0625
0 0.847265625 0.0890625 0.08203125 0.055859375
0 0.779296875 0.112109375 0.06328125 0.067578125
0 0.817578125 0.11640625 0.073046875 0.059375
0 0.791015625 0.15859375 0.079296875 0.053125