0 0.136328125 0.88984375 0.065625 0.041796875
0 0.105078125 0.868359375 0.033203125 0.04296875
0 0.133984375 0.849609375 0.080859375 0.048046875
0 0.103515625 0.810546875 0.059765625 0.048046875
0 0.1515625 0.8171875 0.04765625 0.06953125
0 0.186328125 0.809375 0.058203125 0.06484375
0 0.175390625 0.747265625 0.0640625 0.08125
0 0.12265625 0.76796875 0.06875 0.06328125
0 0.23828125 0.789453125 0.083984375 0.0640625
0 0.238671875 0.787890625 0.080859375 0.069140625
0 0.238671875 0.845703125 0.055078125 0.071875
0 0.221875 0.893359375 0.056640625 0.0578125
0 0.250390625 0.87890625 0.04296875 0.068359375
0 0.28125 0.867578125 0.060546875 0.0734375
0 0.345703125 0.899609375 0.081640625 0.0453125
0 0.337890625 0.853515625 0.05703125 0.06328125
0 0.390625 0.846875 0.062890625 0.068359375
0 0.408203125 0.894921875 0.072265625 0.065625
0 0.46171875 0.898828125 0.0390625 0.058203125
0 0.501953125 0.905078125 0.073828125 0.044921875
0 0.439453125 0.845703125 0.059375 0.06953125
0 0.487890625 0.85234375 0.06953125 0.072265625
0 0.523828125 0.85234375 0.06484375 0.067578125
0 0.5078125 0.788671875 0.069140625 0.075390625
0 0.519140625 0.7140625 0.06015625 0.08671875
0 0.45703125 0.725 0.076171875 0.0640625
0 0.394921875 0.776171875 0.080859375 0.0828125
0 0.35625 0.8140625 0.045703125 0.076171875
0 0.312109375 0.7765625 0.06640625 0.09296875
0 0.3859375 0.73515625 0.075 0.08125
0 0.34140625 0.703515625 0.083203125 0.055078125
0 0.316796875 0.676171875 0.07578125 0.058203125
0 0.257421875 0.708984375 0.087109375 0.057421875
0 0.2390625 0.740625 0.094921875 0.07109375
0 0.43359375 0.655859375 0.06171875 0.07578125
0 0.250390625 0.60703125 0.057421875 0.079296875
0 0.298828125 0.60234375 0.08984375 0.078515625
0 0.373046875 0.573046875 0.08359375 0.052734375
0 0.09765625 0.687890625 0.059765625 0.06015625
0 0.1203125 0.644921875 0.08515625 0.053515625
0 0.1203125 0.608984375 0.08125 0.058984375
0 0.123828125 0.567578125 0.096484375 0.041796875
0 0.133984375 0.53125 0.08359375 0.04921875
0 0.07734375 0.525 0.090234375 0.051953125
0 0.089453125 0.4578125 0.061328125 0.067578125
0 0.141015625 0.473046875 0.05859375 0.067578125
0 0.24375 0.545703125 0.103125 0.054296875
0 0.313671875 0.5234375 0.069921875 0.0796875
0 0.344921875 0.46875 0.076171875 0.051953125
0 0.308984375 0.42421875 0.078515625 0.078515625
0 0.261328125 0.50078125 0.082421875 0.06796875
0 0.40703125 0.430859375 0.069921875 0.059375
0 0.45859375 0.474609375 0.059765625 0.088671875
0 0.5125 0.473828125 0.067578125 0.0796875
0 0.537109375 0.380078125 0.070703125 0.074609375
0 0.45703125 0.363671875 0.080859375 0.066015625
0 0.327734375 0.355078125 0.094140625 0.07578125
0 0.20703125 0.351953125 0.083984375 0.055078125
0 0.166015625 0.390234375 0.09765625 0.0921875
0 0.111328125 0.37265625 0.0546875 0.073046875
0 0.06640625 0.401953125 0.104296875 0.063671875
0 0.075390625 0.334765625 0.07265625 0.054296875
0 0.1296875 0.306640625 0.0796875 0.05625
0 0.081640625 0.265625 0.074609375 0.080859375
0 0.138671875 0.233984375 0.08125 0.055078125
0 0.1328125 0.169140625 0.066796875 0.091796875
0 0.27421875 0.23828125 0.06796875 0.08359375
0 0.419140625 0.26015625 0.070703125 0.0703125
0 0.47265625 0.29296875 0.090234375 0.061328125
0 0.52265625 0.219140625 0.08359375 0.09609375
0 0.584765625 0.255078125 0.104296875 0.07890625
0 0.08671875 0.166796875 0.06796875 0.06328125
0 0.09453125 0.132421875 0.07578125 0.045703125
0 0.100390625 0.09140625 0.053125 0.0546875
0 0.13828125 0.085546875 0.053125 0.04609375
0 0.1765625 0.119140625 0.04453125 0.07890625
0 0.217578125 0.123046875 0.05 0.084765625
0 0.287109375 0.157421875 0.096875 0.066015625
0 0.373046875 0.18125 0.066796875 0.07890625
0 0.4125 0.162890625 0.08359375 0.062109375
0 0.3453125 0.130859375 0.093359375 0.048046875
0 0.348046875 0.08515625 0.066796875 0.062109375
0 0.428125 0.087890625 0.09921875 0.08515625
0 0.62734375 0.16171875 0.05859375 0.096875
0 0.975390625 0.066796875 0.04921875 0.06640625
0 0.975 0.280859375 0.05 0.10390625
0 0.8828125 0.330078125 0.084765625 0.071875
0 0.8984375 0.237109375 0.059765625 0.080859375
0 0.95078125 0.181640625 0.091015625 0.072265625
0 0.9109375 0.0953125 0.07578125 0.081640625
0 0.83359375 0.140234375 0.08046875 0.067578125
0 0.73125 0.13984375 0.07890625 0.0609375
0 0.7203125 0.084765625 0.07421875 0.06875
0 0.6875 0.21484375 0.082421875 0.06015625
0 0.768359375 0.2671875 0.062109375 0.0796875
0 0.71796875 0.289453125 0.062109375 0.078125
0 0.841796875 0.4 0.0703125 0.07578125
0 0.61484375 0.40546875 0.071875 0.06328125
0 0.590625 0.482421875 0.09609375 0.061328125
0 0.579296875 0.545703125 0.077734375 0.098828125
0 0.710546875 0.46796875 0.0609375 0.08046875
0 0.777734375 0.489453125 0.06171875 0.074609375
0 0.86015625 0.465234375 0.058203125 0.0890625
0 0.965234375 0.52265625 0.06953125 0.075
0 0.97734375 0.57265625 0.044921875 0.0640625
0 0.942578125 0.6734375 0.0578125 0.078515625
0 0.980859375 0.65703125 0.037890625 0.100390625
0 0.85234375 0.631640625 0.069140625 0.06796875
0 0.783984375 0.6109375 0.062890625 0.06640625
0 0.698046875 0.60546875 0.05859375 0.079296875
0 0.58671875 0.622265625 0.081640625 0.090234375
0 0.587109375 0.675390625 0.055078125 0.077734375
0 0.6234375 0.650390625 0.067578125 0.08125
0 0.6109375 0.721875 0.08046875 0.060546875
0 0.68984375 0.665625 0.0625 0.07421875
0 0.76640625 0.675390625 0.071875 0.05703125
0 0.72421875 0.725 0.055859375 0.07890625
0 0.587109375 0.7921875 0.05859375 0.083984375
0 0.55078125 0.809765625 0.06171875 0.06875
0 0.5734375 0.878125 0.03203125 0.083203125
0 0.6109375 0.86015625 0.054296875 0.0953125
0 0.608203125 0.899609375 0.04453125 0.04765625
0 0.655078125 0.8953125 0.065234375 0.072265625
0 0.691015625 0.82734375 0.06875 0.077734375
0 0.719921875 0.8640625 0.08828125 0.06875
0 0.9640625 0.9125 0.0625 0.088671875
0 0.992578125 0.79765625 0.01484375 0.07578125
0 0.971875 0.785546875 0.0421875 0.0859375
0 0.93203125 0.782421875 0.058203125 0.05546875
0 0.8734375 0.766796875 0.0609375 0.074609375
0 0.913671875 0.83671875 0.07265625 0.067578125
0 0.838671875 0.824609375 0.062109375 0.082421875
0 0.79765625 0.84296875 0.06484375 0.080859375