0 0.015234375 0.866015625 0.03046875 0.048046875
0 0.340625 0.837109375 0.084765625 0.080078125
0 0.454296875 0.762890625 0.079296875 0.06171875
0 0.402734375 0.906640625 0.06328125 0.06328125
0 0.434765625 0.88828125 0.055078125 0.08359375
0 0.483984375 0.884765625 0.068359375 0.0640625
0 0.875 0.83515625 0.090625 0.065234375
0 0.9375 0.796875 0.101171875 0.083203125
0 0.9734375 0.674609375 0.053125 0.05078125
0 0.987890625 0.6203125 0.02421875 0.05703125
0 0.7796875 0.666796875 0.060546875 0.07109375
0 0.970703125 0.47265625 0.05859375 0.0609375
0 0.811328125 0.109375 0.068359375 0.089453125