0 0.3265625 0.783984375 0.07734375 0.076171875
0 0.366015625 0.69609375 0.105078125 0.061328125
0 0.801171875 0.61015625 0.069921875 0.091796875
0 0.64453125 0.68125 0.084765625 0.06640625
0 0.598828125 0.641796875 0.083984375 0.056640625
0 0.4859375 0.589453125 0.08984375 0.06171875
0 0.260546875 0.36953125 0.074609375 0.06953125
0 0.063671875 0.3234375 0.076171875 0.07578125
0 0.025390625 0.096484375 0.05078125 0.08359375
0 0.3796875 0.2234375 0.073046875 0.0671875
0 0.372265625 0.1734375 0.0640625 0.071484375
0 0.42578125 0.248046875 0.084375 0.075390625
0 0.370703125 0.08359375 0.06171875 0.08984375
0 0.275390625 0.078125 0.06640625 0.060546875
0 0.32890625 0.091796875 0.058984375 0.091796875
0 0.297265625 0.128515625 0.078125 0.068359375
0 0.125 0.089453125 0.053125 0.06640625
0 0.1703125 0.0765625 0.058984375 0.061328125
0 0.25703125 0.24921875 0.06796875 0.09140625
0 0.119140625 0.276171875 0.086328125 0.058984375
0 0.07890625 0.17109375 0.05625 0.0890625
0 0.040625 0.11328125 0.03984375 0.0703125
0 0.0328125 0.177734375 0.06328125 0.061328125
0 0.080859375 0.176171875 0.055859375 0.076953125
0 0.251953125 0.16484375 0.07265625 0.060546875
0 0.22890625 0.2828125 0.0796875 0.05859375
0 0.209375 0.23359375 0.05390625 0.06015625
0 0.209765625 0.183984375 0.062890625 0.059375
0 0.160546875 0.206640625 0.05625 0.043359375
0 0.130859375 0.226171875 0.0515625 0.0703125
0 0.116796875 0.15859375 0.047265625 0.083203125
0 0.13515625 0.17890625 0.066796875 0.05
0 0.1484375 0.130078125 0.04375 0.059765625
0 0.175 0.159765625 0.036328125 0.053515625
0 0.19140625 0.10390625 0.06796875 0.02578125
0 0.209375 0.1328125 0.08046875 0.054296875
0 0.559765625 0.227734375 0.105078125 0.06015625
0 0.484765625 0.083984375 0.05625 0.073046875
0 0.48046875 0.126953125 0.0703125 0.07109375
0 0.63359375 0.08046875 0.071875 0.060546875
0 0.60078125 0.12734375 0.053125 0.08046875
0 0.580078125 0.06796875 0.0484375 0.04296875
0 0.559375 0.081640625 0.050390625 0.062109375
0 0.52734375 0.091796875 0.045703125 0.068359375
0 0.544140625 0.136328125 0.069921875 0.059375
0 0.665625 0.22109375 0.069140625 0.085546875
0 0.751171875 0.322265625 0.071875 0.071875
0 0.79140625 0.2640625 0.0703125 0.080078125
0 0.870703125 0.097265625 0.078125 0.068359375
0 0.954296875 0.180859375 0.074609375 0.073828125
0 0.9734375 0.218359375 0.053125 0.10859375
0 0.1703125 0.261328125 0.0484375 0.08046875