0 0.040234375 0.2109375 0.06171875 0.075
0 0.0046875 0.151171875 0.009375 0.05390625
0 0.0265625 0.12109375 0.052734375 0.06015625
0 0.06171875 0.098828125 0.06640625 0.071875
0 0.104296875 0.098828125 0.050390625 0.071875
0 0.135546875 0.1140625 0.0515625 0.071484375
0 0.1671875 0.091796875 0.04453125 0.065625
0 0.176953125 0.129296875 0.055078125 0.0609375
0 0.21015625 0.1046875 0.05234375 0.0671875
0 0.2375 0.15859375 0.05625 0.0875
0 0.18828125 0.188671875 0.059765625 0.07109375
0 0.2890625 0.131640625 0.04765625 0.07421875
0 0.330078125 0.20703125 0.062890625 0.06171875
0 0.334765625 0.142578125 0.049609375 0.078125
0 0.3828125 0.128125 0.046875 0.082421875
0 0.563671875 0.126171875 0.046875 0.07734375
0 0.625390625 0.115234375 0.052734375 0.075390625
0 0.665625 0.144921875 0.054296875 0.08359375
0 0.81484375 0.115625 0.071484375 0.066796875
0 0.268359375 0.28359375 0.06015625 0.0640625
0 0.33203125 0.30078125 0.074609375 0.060546875
0 0.030078125 0.495703125 0.06015625 0.06796875
0 0.009375 0.4640625 0.018359375 0.0390625
0 0.241015625 0.473828125 0.090625 0.051171875
0 0.476953125 0.526953125 0.0453125 0.075
0 0.29140625 0.5765625 0.05390625 0.089453125
0 0.217578125 0.687890625 0.06875 0.04140625
0 0.2234375 0.710546875 0.066015625 0.04609375
0 0.01015625 0.7671875 0.0203125 0.040625
0 0.05 0.9 0.083203125 0.058203125
0 0.201953125 0.82265625 0.073828125 0.061328125
0 0.050390625 0.8390625 0.077734375 0.060546875
0 0.114453125 0.82578125 0.06484375 0.06484375
0 0.259375 0.814453125 0.0703125 0.055078125
0 0.27421875 0.904296875 0.069921875 0.072265625
0 0.25234375 0.86328125 0.073828125 0.058203125
0 0.3046875 0.728515625 0.05 0.075
0 0.34375 0.85546875 0.059375 0.069921875
0 0.385546875 0.8453125 0.0546875 0.0625
0 0.389453125 0.752734375 0.063671875 0.065625
0 0.455859375 0.873828125 0.056640625 0.055078125
0 0.4609375 0.848828125 0.04296875 0.078515625
0 0.4953125 0.867578125 0.0453125 0.080078125
0 0.544921875 0.848828125 0.067578125 0.0875
0 0.507421875 0.77421875 0.08046875 0.058984375
0 0.676171875 0.752734375 0.04765625 0.0765625
0 0.663671875 0.828125 0.066015625 0.07265625
0 0.717578125 0.91640625 0.046875 0.065234375
0 0.578125 0.634375 0.06640625 0.064453125
0 0.67421875 0.626171875 0.081640625 0.044921875
0 0.716015625 0.73359375 0.058984375 0.05703125
0 0.71953125 0.805859375 0.05390625 0.0640625
0 0.919140625 0.869140625 0.08046875 0.057421875
0 0.78984375 0.85546875 0.087109375 0.070703125
0 0.847265625 0.855078125 0.075 0.070703125
0 0.753125 0.412109375 0.0625 0.079296875