0 0.689453125 0.134375 0.07578125 0.062890625
0 0.450390625 0.299609375 0.07578125 0.05703125
0 0.303515625 0.124609375 0.076171875 0.065234375
0 0.299609375 0.17578125 0.065234375 0.087109375
0 0.087109375 0.21796875 0.07578125 0.062109375
0 0.24140625 0.151953125 0.062109375 0.080859375
0 0.198828125 0.19609375 0.062890625 0.0828125
0 0.321484375 0.245703125 0.0734375 0.069921875
0 0.178515625 0.36171875 0.051171875 0.071875
0 0.088671875 0.3890625 0.101171875 0.054296875
0 0.106640625 0.453125 0.06484375 0.051953125
0 0.141015625 0.480859375 0.083984375 0.0578125
0 0.088671875 0.530078125 0.05390625 0.0484375
0 0.021484375 0.555078125 0.04296875 0.06640625
0 0.112109375 0.519140625 0.035546875 0.044140625
0 0.04921875 0.819140625 0.087890625 0.06171875
0 0.140234375 0.838671875 0.0625 0.073046875
0 0.301171875 0.85625 0.068359375 0.07109375
0 0.37265625 0.77421875 0.06171875 0.07890625
0 0.946875 0.8125 0.075390625 0.06015625
0 0.7015625 0.690234375 0.07421875 0.057421875
0 0.526953125 0.84609375 0.0515625 0.071875
0 0.6703125 0.886328125 0.0546875 0.08515625
0 0.93046875 0.75859375 0.0828125 0.05859375
0 0.80703125 0.534765625 0.07109375 0.061328125
0 0.96953125 0.345703125 0.0609375 0.055859375
0 0.968359375 0.4296875 0.062890625 0.08203125