0 0.98828125 0.153125 0.0234375 0.053125
0 0.990625 0.105859375 0.018359375 0.037109375
0 0.83125 0.151953125 0.0609375 0.0875
0 0.78515625 0.133984375 0.0796875 0.073046875
0 0.709765625 0.075390625 0.053125 0.115234375
0 0.6671875 0.093359375 0.0609375 0.096875
0 0.633203125 0.1203125 0.061328125 0.067578125
0 0.565625 0.223046875 0.059375 0.078125
0 0.535546875 0.20078125 0.06796875 0.06953125
0 0.363671875 0.127734375 0.05390625 0.093359375
0 0.3234375 0.118359375 0.0515625 0.07578125
0 0.34765625 0.079296875 0.065234375 0.059375
0 0.298046875 0.08984375 0.0515625 0.084375
0 0.260546875 0.127734375 0.064453125 0.078515625
0 0.1765625 0.190625 0.0796875 0.0640625
0 0.210546875 0.232421875 0.07109375 0.062890625
0 0.229296875 0.270703125 0.07734375 0.0671875
0 0.15390625 0.290234375 0.0640625 0.084375
0 0.01171875 0.423828125 0.0234375 0.075390625
0 0.0203125 0.835546875 0.040625 0.066796875
0 0.110546875 0.889453125 0.06171875 0.08046875
0 0.156640625 0.90234375 0.04765625 0.0703125
0 0.07890625 0.887890625 0.04609375 0.077734375
0 0.112109375 0.758203125 0.069921875 0.073046875
0 0.2046875 0.80703125 0.078125 0.066015625
0 0.290234375 0.463671875 0.064453125 0.07890625
0 0.3125 0.35625 0.062890625 0.06484375
0 0.43671875 0.369140625 0.05546875 0.083203125
0 0.466015625 0.46796875 0.056640625 0.093359375
0 0.601171875 0.46796875 0.081640625 0.053125
0 0.64296875 0.49765625 0.055859375 0.074609375
0 0.6359375 0.440625 0.06796875 0.053515625
0 0.9875 0.674609375 0.024609375 0.05
0 0.745703125 0.565625 0.078515625 0.055859375
0 0.748828125 0.698828125 0.0578125 0.082421875
0 0.933984375 0.884375 0.06484375 0.029296875
0 0.6609375 0.875390625 0.07890625 0.062109375
0 0.646484375 0.81328125 0.056640625 0.088671875
0 0.61015625 0.6109375 0.058203125 0.08125
0 0.454296875 0.612109375 0.076953125 0.053515625
0 0.50078125 0.76015625 0.076171875 0.087109375
0 0.321875 0.832421875 0.058984375 0.076953125
0 0.403515625 0.87890625 0.05859375 0.059375
0 0.44296875 0.88515625 0.048828125 0.08125
0 0.4703125 0.8984375 0.075 0.0625
0 0.51953125 0.904296875 0.0671875 0.062109375