0 0.376953125 0.103125 0.062109375 0.075390625
0 0.019921875 0.595703125 0.03984375 0.06953125
0 0.055078125 0.67265625 0.08515625 0.064453125
0 0.02890625 0.71015625 0.0578125 0.065625
0 0.016015625 0.7671875 0.031640625 0.078515625
0 0.041796875 0.76171875 0.058984375 0.075390625
0 0.074609375 0.7375 0.0625 0.070703125
0 0.125 0.70625 0.075 0.055859375
0 0.170703125 0.589453125 0.056640625 0.077734375
0 0.24296875 0.593359375 0.06640625 0.08671875
0 0.2625 0.653515625 0.071484375 0.062109375
0 0.266796875 0.69921875 0.0703125 0.05625
0 0.241015625 0.73671875 0.04921875 0.0765625
0 0.2828125 0.745703125 0.06640625 0.0640625
0 0.269140625 0.79140625 0.05625 0.08203125
0 0.325390625 0.787890625 0.057421875 0.083203125
0 0.355859375 0.754296875 0.06328125 0.0765625
0 0.01328125 0.83828125 0.0265625 0.0578125
0 0.041015625 0.896875 0.07265625 0.048828125
0 0.014453125 0.890625 0.028515625 0.05859375
0 0.054296875 0.95234375 0.058203125 0.0953125
0 0.2 0.967578125 0.059375 0.06484375
0 0.2453125 0.953125 0.059765625 0.087890625
0 0.09609375 0.880859375 0.045703125 0.081640625
0 0.14140625 0.89140625 0.06328125 0.07734375
0 0.151953125 0.843359375 0.073046875 0.062890625
0 0.05078125 0.841796875 0.07890625 0.07578125
0 0.214453125 0.887890625 0.0609375 0.08671875
0 0.252734375 0.8796875 0.05859375 0.067578125
0 0.29765625 0.8953125 0.051171875 0.08203125
0 0.340234375 0.885546875 0.067578125 0.06875
0 0.40625 0.887890625 0.051171875 0.0703125
0 0.465234375 0.846875 0.049609375 0.07421875
0 0.47578125 0.8984375 0.05625 0.047265625
0 0.512109375 0.876171875 0.063671875 0.053515625
0 0.56640625 0.88984375 0.074609375 0.06015625
0 0.6203125 0.88046875 0.05390625 0.077734375
0 0.694140625 0.889453125 0.080859375 0.055078125
0 0.50703125 0.84296875 0.063671875 0.0578125
0 0.39609375 0.788671875 0.0515625 0.072265625
0 0.450390625 0.779296875 0.059375 0.0875
0 0.569921875 0.830078125 0.08515625 0.056640625
0 0.591015625 0.783984375 0.054296875 0.07578125
0 0.638671875 0.79921875 0.060546875 0.07578125
0 0.691015625 0.842578125 0.069921875 0.050390625
0 0.72734375 0.79453125 0.054296875 0.075
0 0.724609375 0.706640625 0.062890625 0.065625
0 0.656640625 0.70234375 0.055078125 0.082421875
0 0.610546875 0.71328125 0.06015625 0.0640625
0 0.799609375 0.667578125 0.055078125 0.07421875
0 0.89375 0.67890625 0.071875 0.06015625
0 0.495703125 0.480078125 0.06484375 0.07109375
0 0.43203125 0.627734375 0.071875 0.0546875
0 0.55546875 0.64375 0.0671875 0.08359375
0 0.55390625 0.57734375 0.075 0.059375
0 0.653515625 0.53828125 0.066796875 0.06484375
0 0.72734375 0.596875 0.05625 0.080078125
0 0.903515625 0.56328125 0.061328125 0.062890625
0 0.879296875 0.6015625 0.08984375 0.072265625
0 0.81796875 0.53515625 0.06015625 0.0640625
0 0.848828125 0.550390625 0.059765625 0.064453125
0 0.765234375 0.484375 0.058203125 0.069921875
0 0.73984375 0.537890625 0.067578125 0.052734375
0 0.717578125 0.481640625 0.052734375 0.075390625
0 0.96484375 0.688671875 0.0703125 0.04140625