0 0.03359375 0.865234375 0.066796875 0.07265625
0 0.066796875 0.749609375 0.059765625 0.080078125
0 0.118359375 0.815234375 0.065625 0.06796875
0 0.18828125 0.870703125 0.078125 0.06328125
0 0.33515625 0.6921875 0.0640625 0.06328125
0 0.334375 0.73828125 0.071484375 0.04921875
0 0.2734375 0.61953125 0.067578125 0.081640625
0 0.112109375 0.570703125 0.066015625 0.071484375
0 0.744921875 0.712890625 0.05078125 0.05625
0 0.65859375 0.785546875 0.05703125 0.07265625
0 0.69921875 0.78984375 0.045703125 0.062890625
0 0.734765625 0.776953125 0.037109375 0.06328125
0 0.725390625 0.829296875 0.05546875 0.05625
0 0.9671875 0.67578125 0.065625 0.059375
0 0.79140625 0.51171875 0.0546875 0.0671875