0 0.1828125 0.312109375 0.05390625 0.065234375
0 0.04296875 0.44609375 0.0859375 0.066015625
0 0.1859375 0.4375 0.08046875 0.074609375
0 0.355859375 0.47421875 0.06484375 0.052734375
0 0.053125 0.509375 0.0421875 0.0765625
0 0.131640625 0.5109375 0.04609375 0.067578125
0 0.178515625 0.483984375 0.065625 0.050390625
0 0.089453125 0.4625 0.057421875 0.043359375
0 0.0890625 0.50859375 0.051171875 0.066015625
0 0.027734375 0.612109375 0.05546875 0.04765625
0 0.159375 0.666015625 0.072265625 0.064453125
0 0.198828125 0.70625 0.053515625 0.09375
0 0.009375 0.749609375 0.01875 0.05234375
0 0.036328125 0.767578125 0.072265625 0.048828125
0 0.018359375 0.79921875 0.03671875 0.0453125
0 0.761328125 0.8359375 0.05234375 0.077734375
0 0.572265625 0.836328125 0.078515625 0.060546875
0 0.7140625 0.701953125 0.058203125 0.04765625
0 0.505078125 0.724609375 0.06484375 0.050390625
0 0.4671875 0.82265625 0.049609375 0.07578125
0 0.29921875 0.811328125 0.05703125 0.087890625
0 0.400390625 0.851953125 0.04140625 0.071484375
0 0.430078125 0.834765625 0.0453125 0.082421875
0 0.816015625 0.609375 0.08125 0.0625
0 0.605078125 0.47265625 0.076171875 0.0703125
0 0.528125 0.45234375 0.055859375 0.069921875