0 0.971875 0.053125 0.05625 0.0484375
0 0.9859375 0.101953125 0.028125 0.05703125
0 0.97109375 0.20078125 0.0578125 0.083203125
0 0.94609375 0.15703125 0.056640625 0.05234375
0 0.923046875 0.136328125 0.063671875 0.061328125
0 0.97578125 0.13515625 0.0375 0.06328125
0 0.94296875 0.091796875 0.060546875 0.048828125
0 0.923046875 0.054296875 0.054296875 0.05390625
0 0.882421875 0.08671875 0.04375 0.020703125
0 0.8953125 0.1171875 0.053125 0.069140625
0 0.865234375 0.130078125 0.0421875 0.05703125
0 0.86953125 0.063671875 0.07578125 0.065625
0 0.828515625 0.06484375 0.04375 0.067578125
0 0.7859375 0.059765625 0.039453125 0.06484375
0 0.817578125 0.126171875 0.0703125 0.062890625
0 0.828125 0.175 0.0921875 0.05703125
0 0.83671875 0.21171875 0.073046875 0.083203125
0 0.88359375 0.212890625 0.055859375 0.075390625
0 0.925390625 0.203515625 0.052734375 0.079296875
0 0.7515625 0.05234375 0.066015625 0.051171875
0 0.778515625 0.096484375 0.04609375 0.046484375
0 0.755078125 0.134375 0.06640625 0.059765625
0 0.731640625 0.09296875 0.049609375 0.053125
0 0.705859375 0.057421875 0.04609375 0.065625
0 0.67421875 0.05234375 0.06484375 0.045703125
0 0.6703125 0.0984375 0.07265625 0.08515625
0 0.68671875 0.13984375 0.07578125 0.075390625
0 0.7109375 0.2203125 0.073828125 0.067578125
0 0.560546875 0.235546875 0.056640625 0.0890625
0 0.627734375 0.059375 0.06015625 0.062109375
0 0.547265625 0.051171875 0.046484375 0.09609375
0 0.6140625 0.087890625 0.073828125 0.04765625
0 0.579296875 0.071875 0.049609375 0.0875
0 0.594140625 0.1296875 0.080859375 0.055859375
0 0.50078125 0.06015625 0.063671875 0.0484375
0 0.523828125 0.11875 0.056640625 0.06640625
0 0.48984375 0.1109375 0.044140625 0.071875
0 0.425 0.0375 0.08671875 0.05390625
0 0.434375 0.078515625 0.068359375 0.06796875
0 0.47265625 0.17890625 0.0609375 0.09140625
0 0.45078125 0.14609375 0.049609375 0.0953125
0 0.40625 0.121875 0.0546875 0.07734375
0 0.373828125 0.155078125 0.076171875 0.03984375
0 0.380078125 0.200390625 0.059375 0.073828125
0 0.415625 0.191015625 0.0484375 0.083203125
0 0.387109375 0.059375 0.051171875 0.0875
0 0.3671875 0.111328125 0.03671875 0.051953125
0 0.353515625 0.052734375 0.04453125 0.0859375
0 0.3078125 0.0671875 0.05 0.09140625
0 0.26640625 0.075390625 0.042578125 0.075
0 0.2953125 0.042578125 0.041796875 0.034765625
0 0.210546875 0.053515625 0.07734375 0.0453125
0 0.3359375 0.154296875 0.04609375 0.1015625
0 0.306640625 0.15 0.051953125 0.105859375
0 0.264453125 0.141015625 0.07109375 0.08359375
0 0.2359375 0.090625 0.054296875 0.087890625
0 0.1953125 0.13984375 0.0625 0.07265625
0 0.13046875 0.0828125 0.062890625 0.073046875
0 0.158984375 0.124609375 0.088671875 0.055859375
0 0.176953125 0.08046875 0.075 0.0421875
0 0.07109375 0.0671875 0.072265625 0.089453125
0 0.047265625 0.069921875 0.053125 0.06796875
0 0.026171875 0.112109375 0.05234375 0.098828125
0 0.015234375 0.052734375 0.03046875 0.0484375
0 0.147265625 0.196484375 0.075390625 0.07578125
0 0.221484375 0.205078125 0.089453125 0.062890625
0 0.01484375 0.33125 0.0296875 0.096875
0 0.20546875 0.37421875 0.061328125 0.083984375
0 0.28203125 0.34375 0.08671875 0.05859375
0 0.50078125 0.33203125 0.075390625 0.072265625
0 0.62578125 0.413671875 0.0953125 0.062109375
0 0.59609375 0.449609375 0.075 0.0484375
0 0.158984375 0.616796875 0.089453125 0.074609375
0 0.303515625 0.698046875 0.073828125 0.075390625
0 0.533203125 0.68046875 0.085546875 0.0984375
0 0.63671875 0.764453125 0.077734375 0.076171875
0 0.553125 0.78359375 0.066015625 0.088671875
0 0.3828125 0.868359375 0.069140625 0.083203125
0 0.54453125 0.86328125 0.0625 0.0953125
0 0.41875 0.883203125 0.0578125 0.068359375
0 0.4609375 0.876171875 0.049609375 0.080859375
0 0.491796875 0.882421875 0.05703125 0.065234375
0 0.53203125 0.898046875 0.063671875 0.046484375
0 0.965625 0.798046875 0.06875 0.07734375
0 0.87578125 0.65078125 0.08046875 0.095703125
0 0.737890625 0.571484375 0.092578125 0.06171875
0 0.886328125 0.4046875 0.07109375 0.093359375
0 0.428125 0.46640625 0.09609375 0.061328125
0 0.034765625 0.615234375 0.06953125 0.082421875