0 0.025390625 0.124609375 0.05078125 0.07578125
0 0.079296875 0.219140625 0.08359375 0.056640625
0 0.09296875 0.1125 0.0609375 0.073828125
0 0.07109375 0.162890625 0.080078125 0.070703125
0 0.18984375 0.151953125 0.0625 0.07734375
0 0.237890625 0.15703125 0.07421875 0.083203125
0 0.278515625 0.8765625 0.06953125 0.096484375
0 0.33828125 0.8828125 0.057421875 0.075
0 0.318359375 0.959765625 0.07734375 0.070703125
0 0.690234375 0.875390625 0.058203125 0.083984375
0 0.705859375 0.955859375 0.058203125 0.083203125
0 0.81484375 0.8765625 0.0796875 0.062109375