0 0.184765625 0.43515625 0.075 0.07734375
0 0.372265625 0.51953125 0.05625 0.088671875
0 0.0828125 0.598828125 0.08984375 0.0578125
0 0.139453125 0.626953125 0.062890625 0.06796875
0 0.090234375 0.639453125 0.06484375 0.05078125
0 0.057421875 0.6953125 0.058203125 0.083203125
0 0.01484375 0.75078125 0.0296875 0.05625
0 0.804296875 0.83359375 0.0609375 0.071484375
0 0.848046875 0.814453125 0.055859375 0.067578125
0 0.884375 0.722265625 0.069921875 0.071875
0 0.94921875 0.859765625 0.0640625 0.065234375
0 0.971484375 0.912109375 0.05703125 0.06484375
0 0.865234375 0.86171875 0.066796875 0.078125
0 0.856640625 0.896484375 0.080859375 0.044140625
0 0.8859375 0.915625 0.0734375 0.056640625
0 0.85390625 0.576171875 0.05703125 0.069140625