0 0.4390625 0.814453125 0.0625 0.05390625
0 0.089453125 0.06953125 0.05078125 0.06875
0 0.02109375 0.072265625 0.040625 0.07109375
0 0.598046875 0.0796875 0.06640625 0.0625
0 0.5171875 0.068359375 0.0625 0.07421875
0 0.48515625 0.103515625 0.071875 0.05078125
0 0.48984375 0.1359375 0.0625 0.05625
0 0.5234375 0.130859375 0.05 0.05078125
0 0.315234375 0.891015625 0.05234375 0.06640625
0 0.26953125 0.882421875 0.0546875 0.05859375
0 0.1765625 0.880859375 0.05625 0.05546875
0 0.1234375 0.901953125 0.046875 0.07421875
0 0.078125 0.892578125 0.046875 0.06640625