0 0.776171875 0.081640625 0.0953125 0.096875
0 0.098828125 0.637109375 0.06015625 0.07890625
0 0.106640625 0.719140625 0.053125 0.078515625
0 0.252734375 0.66484375 0.0703125 0.05703125
0 0.285546875 0.733203125 0.085546875 0.067578125
0 0.187890625 0.75 0.063671875 0.095703125
0 0.15234375 0.768359375 0.0546875 0.085546875
0 0.219140625 0.797265625 0.0546875 0.080859375
0 0.1046875 0.85703125 0.066015625 0.0734375
0 0.127734375 0.888671875 0.059375 0.045703125
0 0.15703125 0.8828125 0.059375 0.066015625
0 0.203515625 0.8921875 0.055859375 0.064453125
0 0.17109375 0.84609375 0.079296875 0.066015625
0 0.239453125 0.897265625 0.073046875 0.055078125
0 0.296484375 0.899609375 0.0671875 0.054296875
0 0.303125 0.853125 0.053515625 0.054296875
0 0.3453125 0.900390625 0.055078125 0.04765625
0 0.393359375 0.89453125 0.05703125 0.065625
0 0.435546875 0.890625 0.0453125 0.070703125
0 0.4734375 0.89453125 0.05 0.064453125
0 0.504296875 0.903515625 0.069140625 0.049609375
0 0.392578125 0.84921875 0.0703125 0.083203125
0 0.340625 0.841796875 0.074609375 0.06875
0 0.35546875 0.859375 0.04921875 0.052734375
0 0.35390625 0.75703125 0.0828125 0.07734375
0 0.45234375 0.762109375 0.087890625 0.06171875
0 0.349609375 0.79609375 0.07421875 0.048046875
0 0.3046875 0.808203125 0.05546875 0.075
0 0.257421875 0.78828125 0.055078125 0.058203125
0 0.2515625 0.84765625 0.059765625 0.0671875
0 0.562109375 0.901171875 0.09140625 0.059765625
0 0.636328125 0.898046875 0.06015625 0.06484375
0 0.68984375 0.898828125 0.056640625 0.106640625
0 0.741796875 0.909375 0.0703125 0.08671875
0 0.792578125 0.899609375 0.055859375 0.08125
0 0.826171875 0.821875 0.087890625 0.068359375
0 0.727734375 0.772265625 0.073828125 0.075
0 0.668359375 0.795703125 0.0765625 0.066796875
0 0.625 0.832421875 0.05703125 0.088671875
0 0.680859375 0.8484375 0.064453125 0.07265625
0 0.566796875 0.853125 0.07421875 0.082421875
0 0.528125 0.839453125 0.057421875 0.083203125
0 0.547265625 0.777734375 0.08359375 0.062109375
0 0.589453125 0.749609375 0.0703125 0.08203125
0 0.628515625 0.71796875 0.067578125 0.085546875
0 0.694140625 0.7328125 0.060546875 0.093359375