0 0.019921875 0.647265625 0.03984375 0.05390625
0 0.07265625 0.606640625 0.076171875 0.062890625
0 0.133203125 0.574609375 0.058203125 0.06875
0 0.17734375 0.615625 0.057421875 0.071875
0 0.273046875 0.603515625 0.090625 0.05078125
0 0.46953125 0.57421875 0.049609375 0.0734375
0 0.534765625 0.55390625 0.079296875 0.050390625
0 0.54609375 0.63671875 0.080078125 0.05078125
0 0.00546875 0.794921875 0.0109375 0.04609375
0 0.034765625 0.8625 0.066015625 0.08203125
0 0.10078125 0.84296875 0.087890625 0.06015625
0 0.371484375 0.875 0.08203125 0.04921875
0 0.373828125 0.81015625 0.055078125 0.077734375
0 0.4234375 0.83984375 0.04765625 0.072265625
0 0.4765625 0.871875 0.08125 0.051953125
0 0.54765625 0.8453125 0.055078125 0.065234375
0 0.5234375 0.821875 0.046875 0.0765625
0 0.469921875 0.816015625 0.062109375 0.054296875
0 0.47890625 0.77265625 0.058203125 0.055078125
0 0.490625 0.71328125 0.046875 0.067578125
0 0.0078125 0.53125 0.015625 0.0359375
0 0.09375 0.536328125 0.06328125 0.075
0 0.221484375 0.550390625 0.0609375 0.070703125
0 0.2890625 0.5453125 0.058984375 0.080078125
0 0.502734375 0.5015625 0.05 0.06328125
0 0.344921875 0.501953125 0.08125 0.04609375
0 0.24921875 0.483203125 0.083984375 0.048046875
0 0.275 0.44765625 0.048046875 0.08515625
0 0.31015625 0.46171875 0.044921875 0.073046875
0 0.35234375 0.45625 0.051953125 0.0671875
0 0.165625 0.48359375 0.078515625 0.051171875
0 0.024609375 0.478125 0.04921875 0.0515625
0 0.010546875 0.415234375 0.02109375 0.03203125
0 0.029296875 0.370703125 0.05859375 0.06171875
0 0.03359375 0.324609375 0.066796875 0.06328125
0 0.09765625 0.31015625 0.080859375 0.052734375
0 0.079296875 0.373046875 0.0609375 0.04375
0 0.091796875 0.402734375 0.060546875 0.062890625
0 0.179296875 0.421875 0.0578125 0.076953125
0 0.326953125 0.40078125 0.069921875 0.053125
0 0.16171875 0.3703125 0.06171875 0.048046875
0 0.116015625 0.46328125 0.0515625 0.063671875
0 0.077734375 0.461328125 0.056640625 0.07109375
0 0.351171875 0.34140625 0.06484375 0.058203125
0 0.423828125 0.33203125 0.048046875 0.08046875
0 0.341015625 0.268359375 0.05234375 0.076953125
0 0.2421875 0.254296875 0.074609375 0.051171875
0 0.5765625 0.1578125 0.057421875 0.070703125
0 0.436328125 0.222265625 0.05 0.074609375
0 0.458984375 0.119140625 0.064453125 0.06484375
0 0.24921875 0.209765625 0.090625 0.04609375
0 0.205078125 0.175390625 0.04609375 0.065234375
0 0.25 0.16171875 0.062109375 0.056640625
0 0.3046875 0.10546875 0.06796875 0.055078125
0 0.25859375 0.1015625 0.0609375 0.066015625
0 0.259765625 0.091796875 0.05078125 0.035546875
0 0.2140625 0.09921875 0.04296875 0.0640625
0 0.177734375 0.09765625 0.039453125 0.068359375
0 0.183203125 0.13828125 0.069921875 0.059375
0 0.137890625 0.0921875 0.05 0.06015625
0 0.141015625 0.137890625 0.04765625 0.073046875
0 0.100390625 0.134375 0.0671875 0.051953125
0 0.098046875 0.17265625 0.065625 0.05546875
0 0.009765625 0.181640625 0.01953125 0.05
0 0.04921875 0.151953125 0.04921875 0.073828125
0 0.103515625 0.0953125 0.04140625 0.056640625
0 0.06953125 0.090625 0.05078125 0.05625
0 0.0421875 0.094140625 0.0578125 0.058203125
0 0.017578125 0.129296875 0.03515625 0.06484375
0 0.011328125 0.082421875 0.02265625 0.03984375
0 0.960546875 0.407421875 0.0734375 0.067578125
0 0.921484375 0.34921875 0.055859375 0.08203125
0 0.877734375 0.33203125 0.055078125 0.051953125
0 0.904296875 0.28515625 0.089453125 0.05546875
0 0.83359375 0.370703125 0.06796875 0.071484375
0 0.77421875 0.35625 0.0671875 0.0609375
0 0.685546875 0.3078125 0.058203125 0.06953125
0 0.753515625 0.21640625 0.08515625 0.06640625
0 0.6546875 0.151953125 0.060546875 0.078125
0 0.698046875 0.1125 0.073828125 0.065234375
0 0.75625 0.11796875 0.059375 0.083203125
0 0.84765625 0.13046875 0.0734375 0.060546875
0 0.8828125 0.206640625 0.0828125 0.05546875
0 0.980859375 0.49453125 0.037890625 0.048828125
0 0.909765625 0.5734375 0.058984375 0.080078125
0 0.83984375 0.60390625 0.069921875 0.073828125
0 0.976171875 0.825 0.04765625 0.0578125
0 0.864453125 0.78515625 0.0546875 0.081640625
0 0.719921875 0.8046875 0.060546875 0.073828125
0 0.659765625 0.80390625 0.051953125 0.07890625
0 0.6375 0.723828125 0.05546875 0.0734375
0 0.662109375 0.657421875 0.046875 0.0734375