0 0.96484375 0.732421875 0.0703125 0.06796875
0 0.896875 0.75859375 0.07578125 0.066015625
0 0.862890625 0.80078125 0.078515625 0.066796875
0 0.879296875 0.84375 0.07265625 0.040625
0 0.969140625 0.819921875 0.06171875 0.05703125
0 0.742578125 0.762109375 0.076953125 0.066796875
0 0.742578125 0.82578125 0.06328125 0.066796875
0 0.812109375 0.850390625 0.06015625 0.053515625
0 0.68046875 0.8953125 0.04765625 0.066015625
0 0.14140625 0.853515625 0.069921875 0.062890625
0 0.250390625 0.86171875 0.069140625 0.041796875
0 0.337890625 0.84296875 0.06328125 0.094140625