0 0.023828125 0.099609375 0.04765625 0.07890625
0 0.009375 0.117578125 0.01875 0.0546875
0 0.016015625 0.166796875 0.03203125 0.0578125
0 0.016015625 0.21015625 0.03203125 0.0578125
0 0.054296875 0.228515625 0.06953125 0.0765625
0 0.082421875 0.29140625 0.0578125 0.081640625
0 0.137109375 0.304296875 0.0828125 0.096484375
0 0.1125 0.219140625 0.069140625 0.067578125
0 0.078515625 0.171484375 0.096484375 0.04453125
0 0.056640625 0.07109375 0.0453125 0.0484375
0 0.05234375 0.1109375 0.058203125 0.0890625
0 0.1 0.112890625 0.044921875 0.094140625
0 0.09140625 0.067578125 0.04609375 0.05078125
0 0.12578125 0.077734375 0.047265625 0.07734375
0 0.162890625 0.066015625 0.042578125 0.055078125
0 0.151171875 0.1921875 0.06328125 0.082421875
0 0.129296875 0.131640625 0.041796875 0.058984375
0 0.151171875 0.099609375 0.062109375 0.044921875
0 0.175 0.15234375 0.05234375 0.0765625
0 0.2296875 0.17734375 0.077734375 0.071875
0 0.209765625 0.119921875 0.058203125 0.0578125
0 0.203125 0.076953125 0.04921875 0.06484375
0 0.233203125 0.090625 0.0515625 0.076171875
0 0.2765625 0.073828125 0.05703125 0.06328125
0 0.2984375 0.13203125 0.055859375 0.0984375
0 0.26484375 0.1203125 0.051953125 0.08984375
0 0.37109375 0.080078125 0.071875 0.069921875
0 0.36484375 0.1375 0.071484375 0.08125
0 0.336328125 0.083984375 0.0546875 0.08046875
0 0.43359375 0.15078125 0.064453125 0.065234375
0 0.6046875 0.0640625 0.065625 0.084765625
0 0.690234375 0.06796875 0.075 0.0703125
0 0.6703125 0.09921875 0.053125 0.090625
0 0.6953125 0.20234375 0.059765625 0.077734375
0 0.523828125 0.06875 0.07734375 0.071875
0 0.509765625 0.1109375 0.055078125 0.0625
0 0.546484375 0.15703125 0.08203125 0.06796875
0 0.454296875 0.2046875 0.075 0.060546875
0 0.41875 0.239453125 0.071875 0.0703125
0 0.51953125 0.231640625 0.05390625 0.094921875
0 0.589453125 0.234765625 0.092578125 0.0546875
0 0.58984375 0.280859375 0.09609375 0.060546875
0 0.57734375 0.320703125 0.0796875 0.075390625
0 0.480859375 0.293359375 0.06953125 0.076953125
0 0.572265625 0.40546875 0.05546875 0.095703125
0 0.4109375 0.325390625 0.0796875 0.064453125
0 0.37890625 0.507421875 0.089453125 0.054296875
0 0.516796875 0.650390625 0.0734375 0.066796875
0 0.2734375 0.5078125 0.06796875 0.05234375
0 0.2859375 0.579296875 0.06328125 0.0875
0 0.246875 0.631640625 0.080859375 0.062109375
0 0.298046875 0.710546875 0.07421875 0.07890625
0 0.5046875 0.83046875 0.049609375 0.08984375
0 0.433203125 0.8890625 0.080859375 0.058984375
0 0.98671875 0.094140625 0.0265625 0.061328125
0 0.987109375 0.1640625 0.02578125 0.04375
0 0.950390625 0.1078125 0.06640625 0.0828125
0 0.922265625 0.072265625 0.073828125 0.060546875
0 0.875390625 0.126953125 0.06015625 0.07578125
0 0.721484375 0.150390625 0.087109375 0.057421875
0 0.728125 0.08203125 0.055078125 0.098046875
0 0.80859375 0.119921875 0.06015625 0.08984375
0 0.817578125 0.06796875 0.055078125 0.078515625
0 0.8609375 0.070703125 0.0515625 0.068359375
0 0.7390625 0.305078125 0.055859375 0.08359375
0 0.92890625 0.33046875 0.0625 0.079296875
0 0.9875 0.40078125 0.024609375 0.06171875
0 0.88125 0.364453125 0.064453125 0.090234375
0 0.9953125 0.7375 0.009375 0.0421875
0 0.978515625 0.786328125 0.04296875 0.06640625
0 0.98125 0.8359375 0.0375 0.0546875
0 0.9484375 0.81796875 0.044140625 0.064453125
0 0.90625 0.827734375 0.05859375 0.05390625
0 0.971484375 0.872265625 0.05703125 0.048046875
0 0.95703125 0.91875 0.0859375 0.046875
0 0.937890625 0.880859375 0.073828125 0.050390625
0 0.840234375 0.79375 0.0640625 0.057421875
0 0.898828125 0.890625 0.04453125 0.0734375
0 0.863671875 0.90390625 0.05 0.065625
0 0.8734375 0.851171875 0.05 0.058984375
0 0.821875 0.8109375 0.06171875 0.05390625
0 0.808984375 0.82265625 0.06484375 0.058984375
0 0.784765625 0.847265625 0.04296875 0.0796875
0 0.8296875 0.8671875 0.051171875 0.055859375
0 0.827734375 0.903125 0.0546875 0.060546875
0 0.7875 0.902734375 0.05390625 0.066796875
0 0.75625 0.905859375 0.06640625 0.062109375
0 0.715234375 0.9 0.0578125 0.062890625
0 0.67265625 0.9015625 0.058203125 0.053515625
0 0.634375 0.898828125 0.043359375 0.06171875
0 0.5984375 0.896484375 0.046484375 0.075390625
0 0.53828125 0.898828125 0.04921875 0.055859375
0 0.561328125 0.87890625 0.048828125 0.097265625
0 0.74765625 0.847265625 0.04921875 0.078515625
0 0.707421875 0.85234375 0.05078125 0.078515625
0 0.66328125 0.853125 0.046484375 0.06875
0 0.625 0.834765625 0.051171875 0.08125
0 0.582421875 0.821875 0.055078125 0.07734375