0 0.021484375 0.075390625 0.04140625 0.05703125
0 0.076171875 0.07578125 0.07109375 0.0375
0 0.104296875 0.11015625 0.04921875 0.0640625
0 0.06328125 0.11875 0.034375 0.05625
0 0.085546875 0.16640625 0.07265625 0.0640625
0 0.141796875 0.077734375 0.07421875 0.05390625
0 0.180859375 0.118359375 0.06015625 0.08359375
0 0.160546875 0.219140625 0.05546875 0.06640625
0 0.227734375 0.21796875 0.06015625 0.06875
0 0.291796875 0.15625 0.05390625 0.071875
0 0.537109375 0.078515625 0.08671875 0.06953125
0 0.56796875 0.12890625 0.0484375 0.0765625
0 0.619921875 0.11953125 0.05390625 0.0640625
0 0.633203125 0.07265625 0.09140625 0.0515625
0 0.748046875 0.087109375 0.07734375 0.07734375
0 0.711328125 0.17734375 0.06484375 0.0875
0 0.66171875 0.33359375 0.06875 0.071875
0 0.8046875 0.39921875 0.0796875 0.0609375
0 0.61484375 0.4609375 0.0515625 0.06875
0 0.583203125 0.48046875 0.06640625 0.053125
0 0.540234375 0.508203125 0.04921875 0.05234375
0 0.59609375 0.519140625 0.06875 0.04609375
0 0.203515625 0.846875 0.08984375 0.0484375
0 0.1875 0.890625 0.0765625 0.04375
0 0.223828125 0.9234375 0.06171875 0.0453125
0 0.26875 0.90234375 0.0546875 0.0421875
0 0.29296875 0.853515625 0.059375 0.06484375
0 0.3328125 0.86171875 0.0515625 0.0609375
0 0.31328125 0.917578125 0.046875 0.06171875
0 0.34921875 0.90390625 0.0625 0.0640625
0 0.43046875 0.833984375 0.0640625 0.06484375
0 0.57265625 0.790625 0.0734375 0.059375
0 0.61640625 0.85625 0.0546875 0.0640625
0 0.661328125 0.837890625 0.05859375 0.05078125
0 0.646484375 0.8953125 0.05390625 0.0578125
0 0.687109375 0.889453125 0.04765625 0.06953125
0 0.72734375 0.8875 0.0359375 0.0765625
0 0.758984375 0.88046875 0.04765625 0.078125
0 0.716796875 0.92734375 0.06171875 0.046875
0 0.766015625 0.922265625 0.05078125 0.04921875
0 0.818359375 0.914453125 0.06484375 0.05703125
0 0.826171875 0.846875 0.06015625 0.0734375
0 0.8625 0.803125 0.0546875 0.0703125
0 0.95 0.83125 0.0796875 0.05
0 0.9375 0.860546875 0.0671875 0.05703125
0 0.87890625 0.887890625 0.0515625 0.06328125
0 0.900390625 0.933984375 0.05234375 0.07265625
0 0.934375 0.908984375 0.0453125 0.07109375
0 0.955078125 0.9265625 0.05703125 0.071875