0 0.5234375 0.440625 0.0703125 0.051953125
0 0.637109375 0.692578125 0.059765625 0.07109375
0 0.780078125 0.6640625 0.0625 0.061328125
0 0.816015625 0.698828125 0.058984375 0.075
0 0.68046875 0.856640625 0.060546875 0.085546875
0 0.6921875 0.79140625 0.059375 0.076953125
0 0.4984375 0.802734375 0.064453125 0.070703125
0 0.31015625 0.862109375 0.08515625 0.059765625
0 0.398046875 0.85703125 0.051171875 0.066796875
0 0.421875 0.778125 0.059375 0.054296875
0 0.401171875 0.82109375 0.06171875 0.087109375
0 0.467578125 0.828125 0.048046875 0.07265625
0 0.4375 0.837890625 0.041015625 0.0609375
0 0.043359375 0.649609375 0.06015625 0.079296875