0 0.010546875 0.515234375 0.02109375 0.04453125
0 0.01015625 0.575390625 0.0203125 0.055078125
0 0.035546875 0.585546875 0.0515625 0.06484375
0 0.05625 0.543359375 0.0796875 0.054296875
0 0.09765625 0.576171875 0.084375 0.064453125
0 0.12109375 0.61171875 0.08515625 0.07734375
0 0.22734375 0.61171875 0.09765625 0.05390625
0 0.02578125 0.637890625 0.0515625 0.05703125
0 0.013671875 0.689453125 0.02734375 0.04765625
0 0.013671875 0.73515625 0.02734375 0.0328125
0 0.047265625 0.681640625 0.055859375 0.080078125
0 0.0875 0.683203125 0.05546875 0.05703125
0 0.155078125 0.6640625 0.084375 0.0515625
0 0.142578125 0.7109375 0.057421875 0.080859375
0 0.19921875 0.731640625 0.079296875 0.070703125
0 0.269140625 0.821484375 0.083203125 0.062890625
0 0.362109375 0.80234375 0.074609375 0.06171875
0 0.3375 0.776171875 0.0671875 0.075390625
0 0.313671875 0.737109375 0.059375 0.084765625
0 0.350390625 0.717578125 0.06640625 0.06640625