0 0.991015625 0.812109375 0.01796875 0.05078125
0 0.863671875 0.87890625 0.065625 0.05390625
0 0.97578125 0.8828125 0.048046875 0.0484375
0 0.9515625 0.616015625 0.0640625 0.04609375
0 0.941015625 0.708203125 0.051171875 0.072265625
0 0.89375 0.651953125 0.05703125 0.046484375
0 0.850390625 0.677734375 0.067578125 0.046875
0 0.898046875 0.688671875 0.05390625 0.041015625
0 0.853515625 0.71015625 0.06328125 0.0421875
0 0.90234375 0.71953125 0.05546875 0.0375
0 0.84765625 0.739453125 0.057421875 0.04140625
0 0.876171875 0.75390625 0.061328125 0.05
0 0.6265625 0.775390625 0.046875 0.062890625
0 0.595703125 0.69140625 0.04921875 0.062890625
0 0.661328125 0.628125 0.059375 0.05078125
0 0.7078125 0.641015625 0.040234375 0.0625
0 0.672265625 0.67734375 0.045703125 0.0625
0 0.797265625 0.491015625 0.05546875 0.065234375
0 0.94453125 0.326953125 0.049609375 0.0625
0 0.88125 0.11484375 0.053125 0.071875
0 0.9703125 0.103125 0.059375 0.0484375
0 0.915625 0.142578125 0.0421875 0.05703125
0 0.963671875 0.168359375 0.053515625 0.058984375
0 0.9890625 0.142578125 0.021875 0.052734375
0 0.93359375 0.19453125 0.04375 0.07421875
0 0.88828125 0.182421875 0.05703125 0.05859375
0 0.805859375 0.119140625 0.04140625 0.066015625
0 0.76953125 0.10859375 0.046875 0.040234375
0 0.76640625 0.13828125 0.05078125 0.040625
0 0.468359375 0.15703125 0.05546875 0.082421875
0 0.423046875 0.2984375 0.049609375 0.06328125
0 0.430859375 0.36171875 0.057421875 0.069921875
0 0.420703125 0.871875 0.077734375 0.0578125
0 0.419140625 0.812890625 0.05390625 0.0703125
0 0.340234375 0.775390625 0.066015625 0.044140625
0 0.401171875 0.766796875 0.064453125 0.0578125
0 0.3671875 0.801171875 0.057421875 0.0515625
0 0.3359375 0.82421875 0.05 0.0609375
0 0.244140625 0.86640625 0.053125 0.056640625
0 0.209765625 0.1328125 0.054296875 0.0765625
0 0.290234375 0.091015625 0.0578125 0.034375
0 0.34921875 0.1234375 0.062109375 0.07265625
0 0.35546875 0.094140625 0.054296875 0.04921875
0 0.284765625 0.127734375 0.053515625 0.06875
0 0.31015625 0.10703125 0.04140625 0.055078125
0 0.323046875 0.412109375 0.070703125 0.053515625
0 0.411328125 0.430078125 0.052734375 0.0609375
0 0.149609375 0.406640625 0.04453125 0.053125
0 0.2140625 0.388671875 0.066796875 0.040625
0 0.173828125 0.401953125 0.04921875 0.05078125
0 0.208984375 0.426953125 0.07734375 0.057421875
0 0.16953125 0.44296875 0.065234375 0.040625
0 0.15234375 0.462890625 0.060546875 0.04296875
0 0.203515625 0.480078125 0.052734375 0.073046875
0 0.384375 0.47109375 0.06875 0.048046875
0 0.300390625 0.519921875 0.0703125 0.048828125
0 0.328515625 0.496875 0.05546875 0.050390625
0 0.30859375 0.473046875 0.0765625 0.03046875
0 0.2875 0.494921875 0.050390625 0.030859375
0 0.2765625 0.460546875 0.03203125 0.05546875
0 0.31953125 0.44375 0.0703125 0.038671875
0 0.15703125 0.582421875 0.04921875 0.059765625
0 0.178125 0.598046875 0.051953125 0.047265625
0 0.148046875 0.625390625 0.055078125 0.0265625
0 0.1796875 0.641796875 0.08203125 0.037109375
0 0.28203125 0.634765625 0.0671875 0.044921875
0 0.237109375 0.641796875 0.05625 0.058203125
0 0.303125 0.697265625 0.07265625 0.05625
0 0.1640625 0.66796875 0.062890625 0.0359375
0 0.175 0.69375 0.048046875 0.05546875
0 0.241796875 0.71640625 0.070703125 0.045703125
0 0.176953125 0.746484375 0.05703125 0.046484375
0 0.16875 0.732421875 0.05 0.03671875
0 0.222265625 0.751171875 0.048046875 0.047265625
0 0.19296875 0.775390625 0.058984375 0.036328125
0 0.1578125 0.782421875 0.03671875 0.028515625
0 0.227734375 0.840234375 0.057421875 0.065625
0 0.154296875 0.812109375 0.027734375 0.043359375
0 0.190234375 0.800390625 0.056640625 0.037109375
0 0.2046875 0.8296875 0.040234375 0.04921875
0 0.187890625 0.866015625 0.040625 0.05234375
0 0.162890625 0.859375 0.03984375 0.05625
0 0.1765625 0.828515625 0.033984375 0.026171875
0 0.3390625 0.25546875 0.099609375 0.081640625