0 0.317578125 0.200390625 0.073828125 0.061328125
0 0.159375 0.265625 0.079296875 0.066015625
0 0.048046875 0.490625 0.0765625 0.062109375
0 0.038671875 0.657421875 0.076953125 0.06484375
0 0.51015625 0.631640625 0.071875 0.0640625
0 0.02734375 0.858203125 0.0546875 0.06796875
0 0.0203125 0.901171875 0.040625 0.049609375
0 0.064453125 0.88828125 0.071484375 0.065625
0 0.2046875 0.853515625 0.053125 0.080859375
0 0.25 0.869921875 0.05078125 0.085546875
0 0.29765625 0.869140625 0.05703125 0.0625
0 0.316015625 0.8921875 0.0671875 0.059765625
0 0.3546875 0.883984375 0.04296875 0.080078125
0 0.390234375 0.880078125 0.055078125 0.077734375
0 0.4125 0.905859375 0.0625 0.06171875
0 0.46640625 0.888671875 0.060546875 0.059765625
0 0.488671875 0.856640625 0.049609375 0.070703125
0 0.525390625 0.840625 0.0640625 0.070703125
0 0.564453125 0.841796875 0.049609375 0.078515625
0 0.532421875 0.89375 0.05546875 0.059765625
0 0.63671875 0.8765625 0.08203125 0.05234375
0 0.644921875 0.823046875 0.060546875 0.071875
0 0.73515625 0.779296875 0.075390625 0.07578125
0 0.972265625 0.752734375 0.05546875 0.07109375
0 0.909765625 0.70078125 0.0546875 0.076953125
0 0.969140625 0.626953125 0.06171875 0.0515625
0 0.890625 0.596875 0.062109375 0.06640625
0 0.866796875 0.424609375 0.076171875 0.065625
0 0.915625 0.459765625 0.0640625 0.05
0 0.90390625 0.485546875 0.08046875 0.05625