0 0.75390625 0.88125 0.043359375 0.05078125
0 0.677734375 0.877734375 0.059375 0.061328125
0 0.620703125 0.877734375 0.05625 0.06953125
0 0.59296875 0.848828125 0.048046875 0.07421875
0 0.544921875 0.837890625 0.06015625 0.05078125
0 0.5484375 0.87109375 0.06484375 0.062109375
0 0.497265625 0.81953125 0.049609375 0.08125
0 0.49765625 0.87890625 0.048828125 0.075
0 0.47421875 0.8671875 0.041796875 0.07265625
0 0.4328125 0.851171875 0.044140625 0.06953125
0 0.4 0.846875 0.048828125 0.063671875
0 0.4046875 0.88671875 0.048828125 0.0515625
0 0.37265625 0.87265625 0.051953125 0.0703125
0 0.31640625 0.85703125 0.05546875 0.06953125
0 0.12421875 0.858203125 0.0640625 0.092578125
0 0.0859375 0.697265625 0.069140625 0.07421875
0 0.03359375 0.584375 0.065625 0.0703125
0 0.596484375 0.605859375 0.06328125 0.066015625
0 0.6546875 0.601171875 0.0546875 0.06796875
0 0.934375 0.408984375 0.0546875 0.08125
0 0.67890625 0.324609375 0.05703125 0.0796875
0 0.773828125 0.175390625 0.071484375 0.058984375
0 0.67578125 0.2484375 0.076171875 0.065234375
0 0.64921875 0.500390625 0.076171875 0.057421875
0 0.46328125 0.54921875 0.048828125 0.075
0 0.37265625 0.578125 0.06015625 0.063671875
0 0.21953125 0.582421875 0.079296875 0.061328125
0 0.042578125 0.4546875 0.072265625 0.0765625
0 0.1421875 0.479296875 0.074609375 0.054296875
0 0.244921875 0.46796875 0.073046875 0.07265625
0 0.025 0.371484375 0.049609375 0.062890625
0 0.101953125 0.25390625 0.0578125 0.087890625
0 0.03828125 0.13828125 0.0765625 0.0625
0 0.528515625 0.335546875 0.049609375 0.07265625
0 0.373828125 0.09609375 0.075390625 0.094140625
0 0.46875 0.1171875 0.05859375 0.064453125
0 0.537109375 0.10546875 0.051953125 0.056640625
0 0.593359375 0.112109375 0.06328125 0.04765625
0 0.6015625 0.1484375 0.0609375 0.064453125