0 0.35 0.0984375 0.06171875 0.098046875
0 0.399609375 0.14453125 0.056640625 0.073828125
0 0.306640625 0.141015625 0.053515625 0.075390625
0 0.34765625 0.15859375 0.0609375 0.076171875
0 0.801953125 0.488671875 0.08125 0.05859375
0 0.962890625 0.53125 0.0640625 0.0734375
0 0.976171875 0.699609375 0.047265625 0.059765625
0 0.32578125 0.89296875 0.071875 0.061328125
0 0.655859375 0.8765625 0.054296875 0.090625
0 0.69375 0.9015625 0.07421875 0.0625
0 0.7453125 0.90234375 0.074609375 0.0859375
0 0.780859375 0.858984375 0.057421875 0.087109375
0 0.808203125 0.90546875 0.077734375 0.063671875
0 0.8234375 0.859375 0.0609375 0.084375
0 0.858203125 0.86875 0.051953125 0.083203125
0 0.874609375 0.90546875 0.071875 0.058203125
0 0.953515625 0.890625 0.06640625 0.078515625