0 0.96328125 0.875390625 0.06015625 0.060546875
0 0.864453125 0.695703125 0.046875 0.06875
0 0.773828125 0.56875 0.073828125 0.05
0 0.57421875 0.458984375 0.062890625 0.081640625
0 0.628515625 0.5359375 0.05390625 0.069140625
0 0.58671875 0.546484375 0.050390625 0.071484375
0 0.489453125 0.558203125 0.06640625 0.073828125
0 0.53359375 0.6296875 0.056640625 0.0734375
0 0.590234375 0.640234375 0.060546875 0.054296875
0 0.63671875 0.658203125 0.056640625 0.061328125
0 0.5640625 0.751171875 0.076953125 0.0515625
0 0.455859375 0.76484375 0.061328125 0.0609375
0 0.39140625 0.670703125 0.07578125 0.069921875
0 0.327734375 0.793359375 0.066015625 0.05859375
0 0.37421875 0.759375 0.06171875 0.0625
0 0.506640625 0.87421875 0.05234375 0.071484375
0 0.553515625 0.804296875 0.053125 0.063671875
0 0.5859375 0.837109375 0.0625 0.086328125
0 0.672265625 0.9125 0.042578125 0.033984375
0 0.71796875 0.88515625 0.05390625 0.0640625
0 0.77421875 0.850390625 0.0640625 0.084765625
0 0.791015625 0.887109375 0.04765625 0.067578125
0 0.898828125 0.8703125 0.053515625 0.069140625
0 0.842578125 0.883984375 0.062109375 0.0515625
0 0.175390625 0.620703125 0.069921875 0.05546875
0 0.240625 0.7609375 0.0546875 0.063671875
0 0.34921875 0.8875 0.076171875 0.043359375
0 0.474609375 0.82109375 0.065625 0.08671875
0 0.428515625 0.851171875 0.04921875 0.08828125
0 0.387890625 0.85 0.073828125 0.06328125
0 0.326171875 0.842578125 0.08203125 0.05234375
0 0.253515625 0.8640625 0.071484375 0.07421875
0 0.24140625 0.818359375 0.091015625 0.044921875
0 0.159375 0.75546875 0.06328125 0.051171875
0 0.156640625 0.709765625 0.047265625 0.051171875
0 0.1671875 0.669921875 0.063671875 0.033984375
0 0.199609375 0.7078125 0.0640625 0.037109375
0 0.1953125 0.86640625 0.044921875 0.056640625
0 0.1859375 0.801953125 0.071875 0.080078125
0 0.39765625 0.337890625 0.06328125 0.06015625
0 0.556640625 0.384765625 0.057421875 0.062109375
0 0.234375 0.498046875 0.055859375 0.080078125
0 0.28671875 0.5109375 0.07890625 0.0453125
0 0.39765625 0.47109375 0.0703125 0.054296875
0 0.225390625 0.371875 0.05546875 0.079296875
0 0.38515625 0.10390625 0.05546875 0.06015625
0 0.426953125 0.112890625 0.048828125 0.065625
0 0.462109375 0.117578125 0.05 0.075390625
0 0.50078125 0.11328125 0.0515625 0.06953125
0 0.59140625 0.146875 0.05703125 0.069921875
0 0.63046875 0.13671875 0.0578125 0.080859375
0 0.286328125 0.230859375 0.072265625 0.06953125
0 0.233984375 0.283203125 0.09765625 0.054296875
0 0.314453125 0.305859375 0.085546875 0.06171875
0 0.3375 0.275 0.072265625 0.0484375
0 0.155859375 0.2015625 0.065234375 0.065234375
0 0.195703125 0.222265625 0.055078125 0.069921875
0 0.16875 0.245703125 0.072265625 0.051953125
0 0.147265625 0.309765625 0.059375 0.0578125
0 0.151171875 0.2796875 0.07109375 0.05625
0 0.171484375 0.355859375 0.06796875 0.05
0 0.153515625 0.39375 0.062890625 0.057421875
0 0.178125 0.544140625 0.074609375 0.06953125
0 0.15234375 0.4859375 0.046875 0.054296875
0 0.153515625 0.431640625 0.058984375 0.0453125
0 0.181640625 0.478515625 0.0609375 0.077734375
0 0.142578125 0.5734375 0.0859375 0.038671875
0 0.1390625 0.54140625 0.05 0.044140625
0 0.169140625 0.126953125 0.045703125 0.07421875
0 0.196484375 0.11484375 0.070703125 0.04609375
0 0.251171875 0.108203125 0.048828125 0.065234375
0 0.21640625 0.15859375 0.0515625 0.063671875
0 0.307421875 0.143359375 0.080078125 0.08203125
0 0.267578125 0.159375 0.035546875 0.0578125
0 0.466015625 0.173046875 0.066796875 0.08515625
0 0.458203125 0.233203125 0.059765625 0.085546875
0 0.502734375 0.29765625 0.075 0.0546875
0 0.596484375 0.2453125 0.06875 0.062890625
0 0.540625 0.251171875 0.0578125 0.0671875
0 0.562890625 0.296484375 0.066796875 0.054296875
0 0.947265625 0.102734375 0.064453125 0.07421875
0 0.9828125 0.095703125 0.034375 0.04609375
0 0.96640625 0.144921875 0.0671875 0.05390625
0 0.730859375 0.183984375 0.058984375 0.06953125
0 0.8375 0.205078125 0.070703125 0.055078125
0 0.91484375 0.166015625 0.0484375 0.04765625
0 0.87734375 0.183203125 0.057421875 0.068359375
0 0.607421875 0.369921875 0.073046875 0.05078125
0 0.708984375 0.3484375 0.0796875 0.051953125
0 0.780078125 0.28359375 0.072265625 0.05703125
0 0.8375 0.25703125 0.048046875 0.06953125
0 0.74375 0.306640625 0.049609375 0.054296875
0 0.981640625 0.29921875 0.03671875 0.063671875
0 0.973828125 0.4828125 0.05234375 0.0515625
0 0.76171875 0.391796875 0.076953125 0.049609375
0 0.788671875 0.439453125 0.05859375 0.053515625
0 0.793359375 0.48828125 0.069921875 0.066796875
0 0.2828125 0.474609375 0.06953125 0.0640625
0 0.25546875 0.40625 0.063671875 0.06875
0 0.618359375 0.90625 0.051953125 0.037890625
0 0.439453125 0.90625 0.063671875 0.044140625
0 0.53515625 0.90390625 0.040625 0.041796875
0 0.645703125 0.390234375 0.06796875 0.048828125