0 0.7265625 0.121484375 0.075390625 0.07265625
0 0.815234375 0.13125 0.071484375 0.060546875
0 0.9703125 0.119140625 0.058984375 0.06015625
0 0.724609375 0.287109375 0.0609375 0.0515625
0 0.59140625 0.526171875 0.05703125 0.0765625
0 0.5140625 0.565625 0.058984375 0.075
0 0.97890625 0.597265625 0.0421875 0.0609375
0 0.74921875 0.871875 0.06328125 0.064453125
0 0.918359375 0.79140625 0.0515625 0.071875
0 0.987890625 0.80234375 0.023828125 0.062109375
0 0.55390625 0.865234375 0.04609375 0.074609375
0 0.443359375 0.80078125 0.04921875 0.075
0 0.481640625 0.794140625 0.04765625 0.07265625
0 0.525 0.81484375 0.067578125 0.056640625
0 0.47109375 0.864453125 0.048828125 0.057421875
0 0.5125 0.84921875 0.054296875 0.04609375
0 0.49765625 0.88125 0.080078125 0.051171875
0 0.17265625 0.71796875 0.066015625 0.070703125
0 0.08203125 0.787890625 0.06796875 0.067578125
0 0.257421875 0.778515625 0.061328125 0.0703125
0 0.21484375 0.6296875 0.061328125 0.0796875
0 0.3109375 0.543359375 0.0578125 0.083203125
0 0.034765625 0.509765625 0.06953125 0.07578125
0 0.040625 0.41796875 0.064453125 0.068359375
0 0.323828125 0.34453125 0.071875 0.057421875
0 0.2671875 0.357421875 0.089453125 0.05390625
0 0.323828125 0.38671875 0.072265625 0.05390625
0 0.109375 0.46328125 0.061328125 0.05390625
0 0.18359375 0.145703125 0.058203125 0.097265625