0 0.974609375 0.135546875 0.05078125 0.08125
0 0.98125 0.23671875 0.037109375 0.05625
0 0.977734375 0.291015625 0.04453125 0.06328125
0 0.930078125 0.345703125 0.103125 0.061328125
0 0.926953125 0.2875 0.0890625 0.059375
0 0.888671875 0.09765625 0.08046875 0.046875
0 0.911328125 0.131640625 0.060546875 0.0765625
0 0.896484375 0.192578125 0.0609375 0.067578125
0 0.854296875 0.154296875 0.073828125 0.053515625
0 0.878515625 0.2453125 0.057421875 0.0515625
0 0.840625 0.25703125 0.0609375 0.098046875
0 0.787109375 0.203125 0.062109375 0.085546875
0 0.73125 0.19765625 0.0671875 0.06796875
0 0.758984375 0.272265625 0.083203125 0.05546875
0 0.728125 0.13828125 0.060546875 0.073828125
0 0.665625 0.19453125 0.066015625 0.06875
0 0.60390625 0.167578125 0.05625 0.06953125
0 0.543359375 0.207421875 0.055859375 0.07109375
0 0.61953125 0.246484375 0.062109375 0.0609375
0 0.67421875 0.276953125 0.071484375 0.07578125
0 0.654296875 0.30859375 0.0609375 0.060546875
0 0.6609375 0.346875 0.078515625 0.053515625
0 0.61015625 0.372265625 0.087109375 0.055078125
0 0.696484375 0.36484375 0.07578125 0.059765625
0 0.690234375 0.4140625 0.073828125 0.06640625
0 0.640625 0.403125 0.071484375 0.04140625
0 0.731640625 0.42578125 0.062109375 0.067578125
0 0.7046875 0.47109375 0.072265625 0.075
0 0.744140625 0.49921875 0.07109375 0.047265625
0 0.699609375 0.528515625 0.075390625 0.05546875
0 0.790234375 0.460546875 0.062890625 0.081640625
0 0.854296875 0.478125 0.0734375 0.056640625
0 0.92421875 0.4453125 0.053515625 0.070703125
0 0.9859375 0.369140625 0.028125 0.05078125
0 0.9859375 0.41171875 0.028125 0.04765625
0 0.9703125 0.46875 0.058984375 0.055078125
0 0.984765625 0.50546875 0.03046875 0.046875
0 0.996484375 0.56796875 0.006640625 0.044921875
0 0.989453125 0.61875 0.02109375 0.046875
0 0.957421875 0.6125 0.053515625 0.097265625
0 0.942578125 0.637109375 0.06953125 0.06796875
0 0.8765625 0.515625 0.072265625 0.043359375
0 0.928515625 0.555859375 0.04921875 0.058984375
0 0.894140625 0.5640625 0.07265625 0.05234375
0 0.844140625 0.5921875 0.0640625 0.044921875
0 0.85625 0.62890625 0.073046875 0.05
0 0.875 0.692578125 0.04921875 0.064453125
0 0.900390625 0.662890625 0.046875 0.07734375
0 0.9578125 0.7046875 0.066015625 0.053125
0 0.968359375 0.76171875 0.06328125 0.0609375
0 0.991015625 0.875 0.01796875 0.04375
0 0.90703125 0.85234375 0.053125 0.073046875
0 0.875 0.877734375 0.073046875 0.059765625
0 0.796875 0.87890625 0.07421875 0.055859375
0 0.704296875 0.980859375 0.046875 0.03828125
0 0.669140625 0.896484375 0.068359375 0.06875
0 0.680859375 0.92578125 0.05234375 0.050390625
0 0.677734375 0.82421875 0.064453125 0.083984375
0 0.7171875 0.71015625 0.059375 0.06640625
0 0.7359375 0.750390625 0.06796875 0.053515625
0 0.794140625 0.781640625 0.0578125 0.068359375
0 0.85078125 0.77734375 0.058203125 0.078515625
0 0.806640625 0.695703125 0.073828125 0.05234375
0 0.790234375 0.5375 0.071875 0.05859375
0 0.790234375 0.58125 0.06796875 0.045703125
0 0.76171875 0.62578125 0.0828125 0.058203125
0 0.7171875 0.5921875 0.103125 0.061328125
0 0.49453125 0.1984375 0.067578125 0.058984375
0 0.561328125 0.2609375 0.075 0.05390625
0 0.548828125 0.318359375 0.0609375 0.0578125
0 0.509375 0.303125 0.0546875 0.080859375
0 0.43828125 0.2140625 0.05703125 0.07578125
0 0.445703125 0.281640625 0.07109375 0.06171875
0 0.425 0.33046875 0.06484375 0.06328125
0 0.4703125 0.337890625 0.067578125 0.051953125
0 0.537109375 0.398046875 0.0796875 0.08828125
0 0.58125 0.453125 0.062890625 0.079296875
0 0.636328125 0.455859375 0.0734375 0.051953125
0 0.495703125 0.454296875 0.085546875 0.08359375
0 0.565625 0.509375 0.066796875 0.067578125
0 0.625 0.535546875 0.068359375 0.095703125
0 0.59375 0.573046875 0.073828125 0.06171875
0 0.673828125 0.64140625 0.08984375 0.0796875
0 0.61640625 0.666015625 0.06796875 0.075
0 0.640625 0.715234375 0.090625 0.071875
0 0.6359375 0.796484375 0.062890625 0.0609375
0 0.59765625 0.76796875 0.06484375 0.068359375
0 0.578125 0.709375 0.0734375 0.0453125
0 0.568359375 0.664453125 0.081640625 0.05703125
0 0.503125 0.69453125 0.053515625 0.0640625
0 0.52890625 0.6453125 0.06171875 0.05390625
0 0.490625 0.77890625 0.05703125 0.076171875
0 0.44140625 0.0984375 0.089453125 0.065625
0 0.362109375 0.0984375 0.0828125 0.057421875
0 0.3328125 0.147265625 0.0625 0.0890625
0 0.383203125 0.15625 0.06171875 0.071484375
0 0.287109375 0.146484375 0.062890625 0.065625
0 0.216015625 0.11796875 0.05859375 0.07890625
0 0.164453125 0.11875 0.070703125 0.05
0 0.1671875 0.178515625 0.058984375 0.09375
0 0.253515625 0.196875 0.056640625 0.08203125
0 0.22265625 0.176953125 0.071484375 0.0609375
0 0.206640625 0.221875 0.056640625 0.050390625
0 0.156640625 0.261328125 0.055859375 0.08359375
0 0.213671875 0.28359375 0.063671875 0.071875
0 0.259375 0.32265625 0.059765625 0.056640625
0 0.2828125 0.243359375 0.06796875 0.0640625
0 0.344921875 0.21953125 0.092578125 0.05390625
0 0.337109375 0.283984375 0.0640625 0.06015625
0 0.3171875 0.345703125 0.09140625 0.0875
0 0.2859375 0.38984375 0.092578125 0.071484375
0 0.216015625 0.389453125 0.0734375 0.065625
0 0.180859375 0.40625 0.07109375 0.05625
0 0.16171875 0.445703125 0.058984375 0.06484375
0 0.16328125 0.486328125 0.062109375 0.039453125
0 0.209375 0.4671875 0.096875 0.0625
0 0.19765625 0.522265625 0.073046875 0.06328125
0 0.148828125 0.5296875 0.059375 0.07421875
0 0.4140625 0.364453125 0.070703125 0.051171875
0 0.36484375 0.383203125 0.058984375 0.065625
0 0.31328125 0.435546875 0.072265625 0.0734375
0 0.362109375 0.432421875 0.087890625 0.050390625
0 0.3703125 0.48046875 0.0640625 0.066796875
0 0.43046875 0.46328125 0.063671875 0.080078125
0 0.45 0.49296875 0.066796875 0.056640625
0 0.484765625 0.52109375 0.070703125 0.05390625
0 0.44140625 0.5578125 0.06015625 0.071875
0 0.504296875 0.56953125 0.07421875 0.05859375
0 0.4703125 0.6375 0.06953125 0.047265625
0 0.444140625 0.607421875 0.078515625 0.0546875
0 0.397265625 0.6375 0.0578125 0.075
0 0.417578125 0.687890625 0.060546875 0.071875
0 0.363671875 0.58203125 0.069921875 0.062890625
0 0.342578125 0.52890625 0.10859375 0.0703125
0 0.26015625 0.562890625 0.077734375 0.051171875
0 0.263671875 0.605859375 0.069140625 0.059765625
0 0.201171875 0.616015625 0.067578125 0.06328125
0 0.181640625 0.587890625 0.07265625 0.066796875
0 0.162890625 0.6546875 0.05625 0.06796875
0 0.16484375 0.70703125 0.0546875 0.063671875
0 0.234375 0.678515625 0.075 0.05546875
0 0.33203125 0.675390625 0.071484375 0.084765625
0 0.3078125 0.702734375 0.065625 0.078125
0 0.32734375 0.751953125 0.060546875 0.070703125
0 0.21875 0.724609375 0.0828125 0.05234375
0 0.26640625 0.7578125 0.0796875 0.07421875
0 0.204296875 0.757421875 0.066015625 0.058984375
0 0.16953125 0.762890625 0.055859375 0.065234375
0 0.1625 0.808203125 0.0421875 0.055078125
0 0.1625 0.835546875 0.048828125 0.04765625
0 0.175390625 0.864453125 0.04140625 0.0625
0 0.20703125 0.868359375 0.041015625 0.049609375
0 0.24609375 0.87421875 0.049609375 0.054296875
0 0.202734375 0.800390625 0.06171875 0.062109375
0 0.25703125 0.807421875 0.06328125 0.061328125
0 0.226953125 0.830078125 0.059375 0.0453125
0 0.274609375 0.83359375 0.05390625 0.0578125
0 0.308984375 0.803125 0.06953125 0.049609375
0 0.31484375 0.84140625 0.069921875 0.04765625
0 0.30078125 0.87265625 0.07109375 0.048046875
0 0.308203125 0.91953125 0.087109375 0.06640625
0 0.38671875 0.7359375 0.0859375 0.05
0 0.428125 0.773046875 0.0828125 0.078125
0 0.375 0.78359375 0.0703125 0.0515625
0 0.36953125 0.82890625 0.05859375 0.077734375
0 0.405078125 0.848828125 0.07578125 0.063671875
0 0.436328125 0.873046875 0.08203125 0.0640625
0 0.52265625 0.918359375 0.054296875 0.0453125
0 0.490234375 0.84609375 0.0546875 0.05625
0 0.478515625 0.838671875 0.0546875 0.072265625
0 0.523828125 0.8234375 0.059375 0.051953125
0 0.512109375 0.86875 0.064453125 0.047265625
0 0.56796875 0.82421875 0.06171875 0.05234375
0 0.61015625 0.841796875 0.068359375 0.055078125
0 0.56640625 0.86328125 0.06796875 0.044921875