0 0.15390625 0.781640625 0.058984375 0.056640625
0 0.183984375 0.687109375 0.059765625 0.06875
0 0.28359375 0.788671875 0.04375 0.090234375
0 0.36015625 0.8828125 0.062109375 0.052734375
0 0.397265625 0.822265625 0.058203125 0.070703125
0 0.441796875 0.783984375 0.06640625 0.084765625
0 0.448828125 0.846484375 0.062890625 0.06953125
0 0.4515625 0.892578125 0.0796875 0.050390625
0 0.491796875 0.857421875 0.0421875 0.084765625
0 0.500390625 0.767578125 0.06875 0.097265625
0 0.549609375 0.846875 0.062890625 0.0734375
0 0.534765625 0.884765625 0.094140625 0.052734375
0 0.577734375 0.77421875 0.050390625 0.08125
0 0.59765625 0.706640625 0.078515625 0.056640625
0 0.505078125 0.610546875 0.09296875 0.069921875
0 0.66640625 0.64140625 0.058203125 0.080078125
0 0.758984375 0.58671875 0.087109375 0.059765625
0 0.753125 0.544140625 0.09921875 0.050390625
0 0.728125 0.8140625 0.088671875 0.061328125
0 0.656640625 0.8765625 0.07734375 0.0640625
0 0.709375 0.869921875 0.05703125 0.078515625
0 0.75390625 0.87890625 0.059765625 0.078515625
0 0.79609375 0.87734375 0.0515625 0.064453125
0 0.793359375 0.8125 0.071875 0.075390625
0 0.83515625 0.885546875 0.05625 0.069921875
0 0.865625 0.830078125 0.072265625 0.055078125
0 0.91171875 0.846484375 0.0578125 0.076953125
0 0.9203125 0.88984375 0.047265625 0.06953125
0 0.87578125 0.888671875 0.048046875 0.061328125
0 0.96953125 0.8734375 0.0609375 0.0671875
0 0.9171875 0.779296875 0.068359375 0.09296875
0 0.94921875 0.748828125 0.063671875 0.069921875
0 0.902734375 0.46328125 0.0609375 0.10078125
0 0.765625 0.4734375 0.070703125 0.0625
0 0.687109375 0.451953125 0.057421875 0.07734375
0 0.63359375 0.40234375 0.0703125 0.0765625
0 0.56796875 0.461328125 0.07578125 0.08203125
0 0.553125 0.352734375 0.076953125 0.0609375
0 0.701953125 0.304296875 0.074609375 0.06171875
0 0.914453125 0.34453125 0.0640625 0.097265625
0 0.991015625 0.34140625 0.017578125 0.044921875
0 0.962109375 0.276953125 0.064453125 0.072265625
0 0.757421875 0.25390625 0.065234375 0.097265625
0 0.837109375 0.23984375 0.072265625 0.0609375
0 0.641015625 0.2703125 0.071484375 0.062109375
0 0.6765625 0.2234375 0.073828125 0.055859375
0 0.640625 0.168359375 0.089453125 0.0578125
0 0.480859375 0.18359375 0.076953125 0.098046875
0 0.503125 0.13515625 0.049609375 0.1
0 0.519921875 0.059375 0.062890625 0.084375
0 0.55546875 0.125390625 0.06171875 0.077734375
0 0.5703125 0.073828125 0.058984375 0.06171875
0 0.61328125 0.079296875 0.05078125 0.094921875
0 0.66875 0.10234375 0.071875 0.073046875
0 0.651953125 0.05546875 0.059765625 0.046875
0 0.7046875 0.08203125 0.053515625 0.09140625
0 0.757421875 0.062109375 0.063671875 0.0640625
0 0.772265625 0.094140625 0.0625 0.08515625
0 0.822265625 0.093359375 0.06015625 0.075
0 0.762890625 0.156640625 0.105859375 0.055078125
0 0.86875 0.0828125 0.055078125 0.087890625
0 0.9140625 0.075 0.076953125 0.08125
0 0.935546875 0.10390625 0.06171875 0.071875
0 0.97890625 0.11015625 0.041796875 0.073828125
0 0.965234375 0.056640625 0.06953125 0.05546875
0 0.913671875 0.166796875 0.094921875 0.055859375
0 0.353125 0.29453125 0.066015625 0.0609375
0 0.297265625 0.3140625 0.0609375 0.1015625
0 0.26484375 0.369921875 0.05546875 0.0875
0 0.202734375 0.369140625 0.081640625 0.059375
0 0.048046875 0.2984375 0.09609375 0.071875
0 0.25546875 0.2703125 0.058984375 0.07890625
0 0.205859375 0.239453125 0.06875 0.071484375
0 0.13203125 0.203125 0.0828125 0.05390625
0 0.2875 0.201953125 0.071484375 0.058984375
0 0.34921875 0.194140625 0.059765625 0.07109375
0 0.36640625 0.141015625 0.08125 0.0609375
0 0.384375 0.10625 0.06953125 0.063671875
0 0.437109375 0.0859375 0.070703125 0.069921875
0 0.46875 0.060546875 0.05625 0.09609375
0 0.416796875 0.05546875 0.06484375 0.05390625
0 0.387109375 0.059765625 0.04453125 0.05859375
0 0.273828125 0.136328125 0.057421875 0.072265625
0 0.316015625 0.15 0.04375 0.08203125
0 0.345703125 0.0953125 0.073828125 0.0546875
0 0.365234375 0.055859375 0.051171875 0.047265625
0 0.329296875 0.054296875 0.06484375 0.048046875
0 0.288671875 0.054296875 0.075 0.04296875
0 0.300390625 0.103515625 0.068359375 0.0578125
0 0.271875 0.07890625 0.07890625 0.03046875
0 0.247265625 0.09921875 0.06015625 0.037890625
0 0.228515625 0.113671875 0.054296875 0.056640625
0 0.2265625 0.170703125 0.05859375 0.06875
0 0.234765625 0.060546875 0.055078125 0.05703125
0 0.18984375 0.073046875 0.07734375 0.067578125
0 0.187890625 0.136328125 0.0484375 0.071484375
0 0.173828125 0.18671875 0.07578125 0.06328125
0 0.0515625 0.17265625 0.090625 0.08125
0 0.025 0.19765625 0.05 0.06875
0 0.078515625 0.121875 0.059765625 0.0765625
0 0.133984375 0.104296875 0.07578125 0.072265625
0 0.025390625 0.119921875 0.05078125 0.05546875
0 0.020703125 0.066015625 0.04140625 0.055859375
0 0.04375 0.0859375 0.045703125 0.053515625
0 0.078515625 0.068359375 0.058203125 0.049609375
0 0.129296875 0.071484375 0.066796875 0.07109375
0 0.180859375 0.046484375 0.090234375 0.053515625
0 0.0796875 0.037109375 0.11484375 0.062109375