0 0.075 0.082421875 0.085546875 0.0625
0 0.025 0.395703125 0.05 0.06484375
0 0.191015625 0.311328125 0.095703125 0.0609375
0 0.198828125 0.26953125 0.10546875 0.065234375
0 0.258203125 0.229296875 0.07421875 0.082421875
0 0.3125 0.158203125 0.05546875 0.08671875
0 0.383984375 0.089453125 0.0734375 0.06171875
0 0.45546875 0.08828125 0.05078125 0.099609375
0 0.521875 0.129296875 0.05546875 0.066015625
0 0.5484375 0.235546875 0.061328125 0.084375
0 0.474609375 0.214453125 0.04921875 0.08671875
0 0.4109375 0.234765625 0.062109375 0.080078125
0 0.3984375 0.340234375 0.054296875 0.071484375
0 0.79375 0.455078125 0.059765625 0.080078125
0 0.72734375 0.220703125 0.05 0.0765625
0 0.823828125 0.265625 0.062109375 0.07578125
0 0.796484375 0.1390625 0.05703125 0.08515625
0 0.7390625 0.14765625 0.06640625 0.0703125
0 0.92734375 0.253125 0.079296875 0.066796875
0 0.99140625 0.4875 0.0171875 0.059375
0 0.9453125 0.46796875 0.070703125 0.06328125
0 0.93359375 0.5578125 0.069921875 0.071484375
0 0.80625 0.709765625 0.06640625 0.06875
0 0.7875 0.626953125 0.094921875 0.057421875
0 0.953515625 0.8828125 0.071484375 0.06171875
0 0.864453125 0.873046875 0.06484375 0.06875
0 0.628515625 0.86640625 0.071875 0.072265625
0 0.684765625 0.748828125 0.07578125 0.055859375
0 0.57421875 0.7359375 0.05546875 0.080078125
0 0.476171875 0.602734375 0.06484375 0.0703125
0 0.4640625 0.78125 0.069140625 0.0765625
0 0.421875 0.811328125 0.04765625 0.0765625
0 0.459765625 0.8359375 0.05078125 0.07734375
0 0.475390625 0.878515625 0.0578125 0.087890625
0 0.42421875 0.872265625 0.05 0.073046875
0 0.390625 0.865625 0.05703125 0.063671875
0 0.2890625 0.73984375 0.05625 0.080859375
0 0.24609375 0.67421875 0.087109375 0.057421875
0 0.05078125 0.574609375 0.09140625 0.058203125
0 0.05703125 0.623046875 0.062890625 0.066796875
0 0.0984375 0.59375 0.065625 0.0609375
0 0.125 0.608203125 0.060546875 0.066796875
0 0.14140625 0.648046875 0.069140625 0.0625
0 0.0921875 0.6546875 0.052734375 0.06875
0 0.068359375 0.683984375 0.065625 0.066015625