0 0.021484375 0.12734375 0.04296875 0.0875
0 0.080078125 0.127734375 0.060546875 0.07421875
0 0.253125 0.227734375 0.091015625 0.06484375
0 0.493359375 0.219921875 0.07890625 0.043359375
0 0.642578125 0.251953125 0.0671875 0.06640625
0 0.282421875 0.2671875 0.08046875 0.0640625
0 0.137109375 0.334765625 0.07109375 0.06953125
0 0.425 0.304296875 0.073828125 0.071484375
0 0.52421875 0.34921875 0.049609375 0.0890625
0 0.491796875 0.464453125 0.07421875 0.069921875
0 0.51328125 0.51875 0.082421875 0.061328125
0 0.5578125 0.59921875 0.0828125 0.064453125
0 0.728125 0.715234375 0.06796875 0.07109375
0 0.755078125 0.8546875 0.058203125 0.0828125
0 0.654296875 0.763671875 0.064453125 0.079296875
0 0.604296875 0.88671875 0.085546875 0.061328125
0 0.53671875 0.880859375 0.067578125 0.062109375
0 0.38359375 0.873046875 0.095703125 0.07265625
0 0.14765625 0.875 0.03671875 0.028125
0 0.0921875 0.867578125 0.062890625 0.038671875
0 0.05625 0.79296875 0.07109375 0.08125
0 0.15390625 0.75546875 0.064453125 0.0890625
0 0.119140625 0.695703125 0.08359375 0.055078125
0 0.10625 0.6390625 0.057421875 0.07890625
0 0.1453125 0.59609375 0.0671875 0.0875
0 0.30859375 0.579296875 0.053515625 0.0921875
0 0.413671875 0.57890625 0.072265625 0.069921875
0 0.387109375 0.68359375 0.05546875 0.070703125
0 0.484375 0.760546875 0.07109375 0.057421875
0 0.305859375 0.76796875 0.0703125 0.0640625