0 0.9890625 0.766015625 0.0171875 0.04921875
0 0.863671875 0.953125 0.04609375 0.0640625
0 0.8375 0.955859375 0.0375 0.06328125
0 0.80625 0.9609375 0.0359375 0.0578125
0 0.76484375 0.9515625 0.0546875 0.0671875
0 0.73125 0.965625 0.0640625 0.0421875
0 0.158984375 0.95703125 0.06953125 0.05625
0 0.08984375 0.939453125 0.0484375 0.07421875
0 0.0390625 0.970703125 0.0703125 0.05859375
0 0.148828125 0.79921875 0.06328125 0.053125
0 0.005859375 0.715625 0.01015625 0.0515625
0 0.029296875 0.549609375 0.05703125 0.04609375
0 0.267578125 0.751171875 0.04140625 0.05546875
0 0.22734375 0.7109375 0.0390625 0.065625
0 0.367578125 0.60546875 0.05078125 0.05625
0 0.484765625 0.51796875 0.06484375 0.053125
0 0.541796875 0.670703125 0.04921875 0.05390625
0 0.54765625 0.606640625 0.0484375 0.06484375
0 0.641796875 0.605859375 0.04140625 0.06640625
0 0.667578125 0.5 0.05234375 0.0609375
0 0.89453125 0.7125 0.059375 0.0625
0 0.94609375 0.8671875 0.0546875 0.065625
0 0.94765625 0.81171875 0.075 0.040625
0 0.8984375 0.79921875 0.0515625 0.0625
0 0.767578125 0.8421875 0.06953125 0.040625
0 0.760546875 0.806640625 0.06640625 0.04453125
0 0.71015625 0.83359375 0.046875 0.0625
0 0.6578125 0.771484375 0.071875 0.04765625
0 0.64453125 0.891796875 0.0515625 0.03984375
0 0.63203125 0.859375 0.040625 0.0375
0 0.6015625 0.890625 0.04375 0.0484375
0 0.601953125 0.85 0.02734375 0.0546875
0 0.37109375 0.8578125 0.0421875 0.0671875
0 0.567578125 0.8703125 0.03203125 0.065625
0 0.54296875 0.877734375 0.0234375 0.06328125
0 0.516796875 0.88359375 0.03515625 0.06875
0 0.49921875 0.863671875 0.0359375 0.06015625
0 0.46953125 0.88203125 0.0328125 0.05625
0 0.43203125 0.865234375 0.0375 0.06953125
0 0.115234375 0.428515625 0.07265625 0.05859375
0 0.31953125 0.39765625 0.0578125 0.0515625
0 0.421875 0.373046875 0.0578125 0.05546875
0 0.785546875 0.455078125 0.06484375 0.04765625
0 0.909765625 0.51015625 0.06640625 0.040625
0 0.866796875 0.369140625 0.05078125 0.06796875
0 0.7890625 0.31015625 0.05625 0.0625
0 0.6046875 0.28125 0.0375 0.0640625
0 0.995703125 0.11484375 0.00859375 0.04375
0 0.968359375 0.112109375 0.05078125 0.05546875
0 0.92890625 0.148046875 0.0546875 0.05703125
0 0.722265625 0.1640625 0.06328125 0.05
0 0.755859375 0.1296875 0.04296875 0.0671875
0 0.801953125 0.104296875 0.03828125 0.06328125
0 0.849609375 0.1296875 0.05703125 0.0421875
0 0.90078125 0.11875 0.03125 0.0515625
0 0.866796875 0.090234375 0.06953125 0.02421875
0 0.587890625 0.184765625 0.03671875 0.06640625
0 0.575 0.087109375 0.053125 0.05234375
0 0.563671875 0.14296875 0.05234375 0.04375
0 0.487109375 0.228125 0.03203125 0.071875
0 0.525390625 0.193359375 0.04765625 0.04453125
0 0.5140625 0.14765625 0.05625 0.0640625
0 0.451953125 0.215625 0.03671875 0.0609375
0 0.4203125 0.20234375 0.0328125 0.040625
0 0.47890625 0.141796875 0.0359375 0.05234375
0 0.4734375 0.105859375 0.046875 0.06015625
0 0.103515625 0.3359375 0.05859375 0.0640625
0 0.140234375 0.223828125 0.05703125 0.05703125
0 0.048828125 0.224609375 0.08046875 0.05390625
0 0.02109375 0.14921875 0.040625 0.04375
0 0.016015625 0.108203125 0.03046875 0.04609375
0 0.04375 0.10390625 0.0625 0.0484375
0 0.20703125 0.18984375 0.06875 0.05
0 0.18984375 0.148046875 0.0578125 0.04765625
0 0.176953125 0.10078125 0.04453125 0.0484375
0 0.2296875 0.095703125 0.0375 0.04609375
0 0.271484375 0.1046875 0.03515625 0.05625
0 0.278125 0.1359375 0.0421875 0.0546875
0 0.320703125 0.156640625 0.04609375 0.06484375
0 0.350390625 0.14140625 0.04921875 0.0609375
0 0.390625 0.14375 0.04375 0.059375
0 0.428515625 0.117578125 0.03359375 0.05078125
0 0.408984375 0.086328125 0.02890625 0.04921875
0 0.37421875 0.098046875 0.03125 0.05546875
0 0.351953125 0.101171875 0.04453125 0.05234375
0 0.30390625 0.102734375 0.0421875 0.06171875