0 0.178125 0.0953125 0.06796875 0.0765625
0 0.462890625 0.175 0.0609375 0.0796875
0 0.388671875 0.288671875 0.069140625 0.057421875
0 0.301953125 0.4515625 0.0578125 0.07265625
0 0.31953125 0.55390625 0.076953125 0.074609375
0 0.0140625 0.63671875 0.028125 0.0765625
0 0.037890625 0.689453125 0.05390625 0.09609375
0 0.084375 0.712890625 0.079296875 0.077734375
0 0.081640625 0.818359375 0.059765625 0.06328125
0 0.141015625 0.816796875 0.05703125 0.084765625
0 0.201953125 0.80859375 0.066796875 0.094921875
0 0.278515625 0.8046875 0.066015625 0.058203125
0 0.320703125 0.81171875 0.058984375 0.058203125
0 0.305859375 0.8546875 0.076171875 0.06953125
0 0.4171875 0.87890625 0.069140625 0.064453125
0 0.471875 0.874609375 0.048828125 0.070703125
0 0.534375 0.869921875 0.06796875 0.061328125
0 0.575 0.7953125 0.07421875 0.07265625
0 0.59375 0.86484375 0.06484375 0.05546875
0 0.609375 0.896875 0.078125 0.054296875
0 0.62421875 0.8265625 0.073046875 0.057421875
0 0.642578125 0.85625 0.0609375 0.048046875
0 0.661328125 0.887890625 0.055859375 0.058203125
0 0.67734375 0.85234375 0.04765625 0.05234375
0 0.685546875 0.810546875 0.071875 0.054296875
0 0.709375 0.891796875 0.069140625 0.048046875
0 0.7140625 0.83203125 0.066015625 0.058203125
0 0.755078125 0.863671875 0.075 0.054296875