0 0.069140625 0.06796875 0.072265625 0.0984375
0 0.116796875 0.11953125 0.07578125 0.076171875
0 0.188671875 0.2359375 0.063671875 0.07421875
0 0.143359375 0.225390625 0.047265625 0.083984375
0 0.015234375 0.11171875 0.03046875 0.084375
0 0.00859375 0.17109375 0.0171875 0.0609375
0 0.05390625 0.147265625 0.08359375 0.040234375
0 0.073046875 0.18203125 0.093359375 0.0609375
0 0.112109375 0.31796875 0.096484375 0.05859375
0 0.04296875 0.309375 0.0703125 0.06953125
0 0.259765625 0.157421875 0.058203125 0.090625
0 0.32265625 0.1265625 0.055078125 0.083984375
0 0.390625 0.22265625 0.052734375 0.078515625
0 0.396484375 0.127734375 0.06796875 0.075
0 0.42578125 0.094140625 0.076953125 0.067578125
0 0.537890625 0.101171875 0.063671875 0.083984375
0 0.578515625 0.098046875 0.04609375 0.075
0 0.630078125 0.079296875 0.05703125 0.08828125
0 0.785546875 0.171484375 0.0734375 0.07734375
0 0.959375 0.071875 0.08125 0.0671875
0 0.971875 0.15234375 0.055859375 0.076171875
0 0.8484375 0.34375 0.08359375 0.075
0 0.9265625 0.43671875 0.0921875 0.067578125
0 0.75859375 0.43828125 0.0484375 0.081640625
0 0.708984375 0.464453125 0.061328125 0.081640625
0 0.366796875 0.480078125 0.08359375 0.05546875
0 0.447265625 0.518359375 0.071484375 0.06640625
0 0.028125 0.412109375 0.055859375 0.094921875
0 0.152734375 0.5484375 0.066015625 0.08515625
0 0.021875 0.580859375 0.04375 0.06640625
0 0.045703125 0.77421875 0.07578125 0.0796875
0 0.27109375 0.690625 0.05703125 0.073046875
0 0.46015625 0.630859375 0.0484375 0.100390625
0 0.7265625 0.783984375 0.05703125 0.073046875
0 0.8578125 0.809375 0.055859375 0.086328125
0 0.9734375 0.844921875 0.053125 0.06328125
0 0.953515625 0.882421875 0.04296875 0.078515625
0 0.9828125 0.902734375 0.034375 0.07421875
0 0.911328125 0.861328125 0.05703125 0.080859375
0 0.8546875 0.886328125 0.055859375 0.073046875
0 0.812890625 0.881640625 0.047265625 0.081640625
0 0.77109375 0.881640625 0.0515625 0.086328125
0 0.7359375 0.886328125 0.0734375 0.06640625
0 0.523046875 0.896484375 0.07578125 0.06328125
0 0.40234375 0.8203125 0.0890625 0.081640625
0 0.280859375 0.865234375 0.072265625 0.083984375
0 0.161328125 0.87734375 0.0703125 0.053125
0 0.059375 0.8796875 0.06796875 0.062109375