0 0.735546875 0.12890625 0.075 0.062890625
0 0.715234375 0.863671875 0.068359375 0.099609375
0 0.652734375 0.877734375 0.073828125 0.076171875
0 0.0171875 0.845703125 0.034375 0.06796875
0 0.4046875 0.662890625 0.058984375 0.08125
0 0.430859375 0.587890625 0.07578125 0.064453125
0 0.5265625 0.54296875 0.073828125 0.0625
0 0.061328125 0.646484375 0.070703125 0.072265625
0 0.0453125 0.548046875 0.08359375 0.05234375
0 0.0359375 0.333984375 0.071484375 0.074609375
0 0.3609375 0.438671875 0.073828125 0.0625
0 0.2890625 0.378515625 0.059765625 0.072265625
0 0.26875 0.30625 0.05859375 0.066015625
0 0.228125 0.242578125 0.076171875 0.06875
0 0.425390625 0.209375 0.056640625 0.085546875
0 0.49453125 0.1875 0.062890625 0.065234375
0 0.540625 0.17421875 0.048828125 0.088671875
0 0.600390625 0.20703125 0.051953125 0.07578125
0 0.6078125 0.2734375 0.06953125 0.0734375