0 0.084375 0.425390625 0.055859375 0.04921875
0 0.08828125 0.45546875 0.0609375 0.05
0 0.130859375 0.449609375 0.0734375 0.051171875
0 0.116796875 0.40234375 0.063671875 0.062890625
0 0.096484375 0.372265625 0.0640625 0.06171875
0 0.086328125 0.49921875 0.05546875 0.044921875
0 0.087890625 0.53359375 0.0625 0.0578125
0 0.12734375 0.54140625 0.07578125 0.05234375
0 0.0953125 0.5828125 0.048046875 0.0484375
0 0.149609375 0.59921875 0.059765625 0.071875
0 0.103125 0.62734375 0.05390625 0.06640625
0 0.098046875 0.69296875 0.05234375 0.05859375
0 0.119140625 0.658984375 0.046875 0.055078125
0 0.165234375 0.652734375 0.04375 0.073046875
0 0.198046875 0.656640625 0.048046875 0.07265625
0 0.142578125 0.693359375 0.04609375 0.066796875
0 0.113671875 0.75 0.056640625 0.049609375
0 0.193359375 0.76875 0.074609375 0.06171875
0 0.2484375 0.57265625 0.082421875 0.07421875
0 0.304296875 0.533984375 0.074609375 0.058203125
0 0.262109375 0.6375 0.0796875 0.060546875
0 0.252734375 0.687109375 0.062109375 0.05703125
0 0.365625 0.798828125 0.059765625 0.075390625
0 0.392578125 0.686328125 0.0609375 0.07109375
0 0.414453125 0.60078125 0.078125 0.071484375
0 0.14296875 0.82578125 0.055078125 0.0546875
0 0.135546875 0.869140625 0.06015625 0.0390625
0 0.416796875 0.90625 0.0609375 0.04453125
0 0.462890625 0.873828125 0.064453125 0.05234375
0 0.4875 0.90546875 0.063671875 0.04921875
0 0.62890625 0.82890625 0.0703125 0.078515625
0 0.60078125 0.904296875 0.060546875 0.053125
0 0.523828125 0.605859375 0.0640625 0.08359375
0 0.5796875 0.6234375 0.053125 0.073046875
0 0.6390625 0.62421875 0.08125 0.06875
0 0.663671875 0.871484375 0.062109375 0.065625
0 0.751953125 0.7375 0.067578125 0.0796875
0 0.75625 0.81015625 0.05546875 0.069140625
0 0.7578125 0.893359375 0.083203125 0.071875
0 0.871875 0.67734375 0.06640625 0.06796875
0 0.946875 0.602734375 0.075 0.073828125
0 0.95859375 0.897265625 0.048828125 0.06640625
0 0.982421875 0.916015625 0.03515625 0.048046875
0 0.988671875 0.928125 0.00078125 0.00078125
0 0.985546875 0.86796875 0.026953125 0.058984375
0 0.67734375 0.96015625 0.02734375 0.07265625
0 0.744140625 0.454296875 0.067578125 0.07890625
0 0.65859375 0.334765625 0.069140625 0.06953125
0 0.519140625 0.217578125 0.06484375 0.07734375
0 0.4484375 0.232421875 0.06015625 0.065625
0 0.721875 0.18046875 0.0828125 0.06484375
0 0.776171875 0.1375 0.057421875 0.069921875
0 0.80390625 0.191796875 0.07421875 0.0765625
0 0.884765625 0.250390625 0.065625 0.07578125
0 0.924609375 0.212109375 0.0359375 0.071484375
0 0.95546875 0.2 0.044140625 0.05703125
0 0.96875 0.161328125 0.0625 0.047265625
0 0.95234375 0.108203125 0.04609375 0.087109375
0 0.91953125 0.12890625 0.05546875 0.064453125
0 0.988671875 0.10625 0.02265625 0.0765625
0 0.89765625 0.175 0.05234375 0.040625
0 0.857421875 0.169140625 0.040234375 0.052734375
0 0.914453125 0.1578125 0.051171875 0.03515625
0 0.565234375 0.0890625 0.06875 0.071875
0 0.631640625 0.076953125 0.05078125 0.059375
0 0.6734375 0.087890625 0.040234375 0.06015625
0 0.714453125 0.10390625 0.063671875 0.048046875
0 0.702734375 0.05625 0.071484375 0.051171875
0 0.781640625 0.058203125 0.067578125 0.05234375
0 0.41875 0.1625 0.068359375 0.055859375
0 0.330078125 0.2078125 0.07421875 0.0578125
0 0.31640625 0.24921875 0.0734375 0.043359375
0 0.32734375 0.298828125 0.087109375 0.055859375
0 0.229296875 0.13203125 0.080859375 0.0609375
0 0.163671875 0.2203125 0.069921875 0.05703125
0 0.26171875 0.349609375 0.0734375 0.055859375
0 0.199609375 0.310546875 0.069140625 0.057421875
0 0.251953125 0.297265625 0.073828125 0.055859375
0 0.0875 0.31796875 0.058203125 0.040234375
0 0.11875 0.275390625 0.063671875 0.059765625
0 0.14453125 0.296484375 0.06171875 0.0484375