0 0.858984375 0.132421875 0.067578125 0.08359375
0 0.915234375 0.125 0.058984375 0.07734375
0 0.91171875 0.384765625 0.092578125 0.066015625
0 0.976953125 0.43359375 0.04609375 0.059765625
0 0.91328125 0.583203125 0.084765625 0.062890625
0 0.987890625 0.55390625 0.023828125 0.055859375
0 0.50546875 0.41953125 0.05859375 0.08828125
0 0.70859375 0.51171875 0.08125 0.05625
0 0.723046875 0.60078125 0.0890625 0.0609375
0 0.581640625 0.7515625 0.073046875 0.0609375
0 0.660546875 0.781640625 0.0625 0.080859375
0 0.725390625 0.671484375 0.05625 0.076953125
0 0.73359375 0.743359375 0.06171875 0.079296875
0 0.78671875 0.721484375 0.0578125 0.07578125
0 0.825390625 0.7359375 0.046484375 0.0734375
0 0.94375 0.758984375 0.08203125 0.058203125
0 0.9796875 0.82890625 0.040625 0.065625
0 0.403125 0.809765625 0.075 0.058984375
0 0.196484375 0.780859375 0.080859375 0.05703125
0 0.315234375 0.80546875 0.080078125 0.07265625
0 0.18828125 0.4875 0.069921875 0.06796875
0 0.064453125 0.529296875 0.0640625 0.080078125
0 0.029296875 0.34921875 0.05859375 0.0828125
0 0.171875 0.22109375 0.074609375 0.06796875
0 0.1 0.107421875 0.063671875 0.085546875
0 0.409375 0.18203125 0.078125 0.06640625
0 0.13125 0.243359375 0.055078125 0.078125
0 0.475 0.859375 0.046484375 0.083203125
0 0.51796875 0.865625 0.05546875 0.0703125
0 0.43828125 0.86484375 0.04921875 0.075390625
0 0.773046875 0.7703125 0.06796875 0.0515625
0 0.8484375 0.812109375 0.066015625 0.073046875
0 0.79296875 0.81484375 0.0640625 0.06484375