0 0.54765625 0.859375 0.07578125 0.07578125
0 0.78125 0.66484375 0.0796875 0.08515625
0 0.183984375 0.69921875 0.083203125 0.0921875
0 0.46875 0.78046875 0.0890625 0.0734375
0 0.434765625 0.878125 0.071875 0.07890625
0 0.4921875 0.856640625 0.058984375 0.084765625
0 0.033984375 0.098828125 0.06796875 0.09296875
0 0.182421875 0.12578125 0.063671875 0.090625
0 0.373828125 0.095703125 0.07734375 0.0796875
0 0.309765625 0.08125 0.07109375 0.067578125
0 0.396875 0.255078125 0.069140625 0.09375
0 0.971875 0.5 0.05625 0.08125
0 0.9 0.39296875 0.092578125 0.06640625
0 0.97578125 0.247265625 0.048046875 0.076953125
0 0.953515625 0.158203125 0.083984375 0.075390625
0 0.712890625 0.078125 0.1046875 0.08671875
0 0.815625 0.380859375 0.0828125 0.0640625
0 0.091796875 0.202734375 0.08828125 0.06484375