0 0.889453125 0.87734375 0.063671875 0.066796875
0 0.008984375 0.848828125 0.01796875 0.05703125
0 0.243359375 0.89609375 0.0546875 0.0671875
0 0.205859375 0.892578125 0.0359375 0.06015625
0 0.060546875 0.880859375 0.038671875 0.069921875
0 0.08515625 0.870703125 0.029296875 0.046875
0 0.10390625 0.865234375 0.033203125 0.0515625
0 0.137109375 0.855078125 0.0421875 0.0609375
0 0.174609375 0.872265625 0.037109375 0.0578125
0 0.140625 0.89453125 0.041796875 0.04453125
0 0.16640625 0.915234375 0.053125 0.03671875
0 0.1015625 0.909375 0.05234375 0.041796875
0 0.04921875 0.182421875 0.0859375 0.065234375
0 0.102734375 0.293359375 0.076953125 0.0734375
0 0.05 0.387890625 0.087890625 0.0625
0 0.079296875 0.551171875 0.06640625 0.05390625
0 0.967578125 0.376171875 0.06484375 0.05234375
0 0.821484375 0.240234375 0.085546875 0.069140625
0 0.82109375 0.153125 0.06484375 0.082421875
0 0.630078125 0.135546875 0.07265625 0.060546875
0 0.4859375 0.13671875 0.04453125 0.08125
0 0.53203125 0.1453125 0.062890625 0.05078125
0 0.453515625 0.1703125 0.049609375 0.07421875
0 0.411328125 0.228515625 0.065234375 0.064453125
0 0.45625 0.26015625 0.04375 0.06796875
0 0.649609375 0.288671875 0.0734375 0.04921875
0 0.506640625 0.390234375 0.051953125 0.07265625
0 0.37265625 0.406640625 0.058203125 0.07109375
0 0.74921875 0.0640625 0.073828125 0.054296875
0 0.816796875 0.076953125 0.07734375 0.0578125
0 0.693359375 0.183984375 0.054296875 0.065234375
0 0.731640625 0.151171875 0.061328125 0.0578125