0 0.33515625 0.087890625 0.1046875 0.0703125
0 0.95390625 0.08203125 0.0921875 0.0625
0 0.980859375 0.07421875 0.03828125 0.061328125
0 0.88984375 0.077734375 0.088671875 0.065234375
0 0.836328125 0.154296875 0.08046875 0.07109375
0 0.516015625 0.175 0.100390625 0.0609375
0 0.4453125 0.187109375 0.055859375 0.0953125
0 0.375390625 0.25390625 0.08671875 0.062890625
0 0.460546875 0.351953125 0.0546875 0.09609375
0 0.5640625 0.419140625 0.070703125 0.07265625
0 0.3671875 0.46640625 0.0609375 0.085546875
0 0.98828125 0.609375 0.0234375 0.073828125
0 0.805078125 0.60078125 0.072265625 0.0703125
0 0.830859375 0.690234375 0.075390625 0.0765625
0 0.27578125 0.63125 0.06484375 0.084765625
0 0.405859375 0.7765625 0.055859375 0.07734375
0 0.565625 0.87421875 0.0578125 0.07265625
0 0.552734375 0.903515625 0.056640625 0.05859375
0 0.51328125 0.892578125 0.046484375 0.0953125
0 0.461328125 0.905859375 0.0578125 0.06328125
0 0.461328125 0.866796875 0.053125 0.09296875
0 0.425390625 0.896875 0.046484375 0.062890625
0 0.4046875 0.8578125 0.076953125 0.06796875
0 0.3921875 0.90625 0.04296875 0.06484375
0 0.361328125 0.86875 0.08203125 0.0703125
0 0.3625 0.909375 0.090625 0.0640625
0 0.327734375 0.89921875 0.0546875 0.0796875
0 0.284765625 0.88515625 0.0546875 0.09453125
0 0.242578125 0.871875 0.065234375 0.06484375
0 0.269140625 0.90390625 0.043359375 0.0546875
0 0.217578125 0.89921875 0.051171875 0.0828125
0 0.18671875 0.9 0.04375 0.0828125
0 0.152734375 0.910546875 0.0578125 0.085546875
0 0.109375 0.905078125 0.0765625 0.05703125
0 0.0609375 0.888671875 0.058984375 0.08984375
0 0.01953125 0.903515625 0.0390625 0.07421875
0 0.025390625 0.840625 0.05078125 0.071875
0 0.09921875 0.6671875 0.099609375 0.06640625
0 0.147265625 0.5375 0.109375 0.058984375
0 0.0453125 0.509375 0.06796875 0.090234375
0 0.18671875 0.2171875 0.0796875 0.06640625