0 0.955078125 0.75625 0.072265625 0.086328125
0 0.97109375 0.823046875 0.0578125 0.06171875
0 0.912890625 0.901171875 0.083203125 0.056640625
0 0.728125 0.8515625 0.075 0.069140625
0 0.310546875 0.74140625 0.0640625 0.091015625
0 0.0140625 0.88203125 0.028125 0.051953125
0 0.017578125 0.6671875 0.03515625 0.051171875
0 0.02421875 0.714453125 0.0484375 0.06015625
0 0.034765625 0.169140625 0.06953125 0.087109375
0 0.009765625 0.094140625 0.01953125 0.06015625
0 0.06640625 0.14609375 0.089453125 0.064453125
0 0.036328125 0.0953125 0.065234375 0.0546875
0 0.053125 0.062890625 0.072265625 0.046484375
0 0.092578125 0.0984375 0.071484375 0.0375
0 0.09609375 0.12421875 0.053125 0.034765625
0 0.10703125 0.073046875 0.082421875 0.05546875
0 0.173828125 0.069921875 0.06953125 0.04921875
0 0.14140625 0.1359375 0.075 0.080078125
0 0.189453125 0.111328125 0.06796875 0.04921875
0 0.17109375 0.154296875 0.082421875 0.059375
0 0.183984375 0.189453125 0.083984375 0.059375
0 0.25078125 0.199609375 0.0625 0.073828125
0 0.231640625 0.137109375 0.060546875 0.062890625
0 0.22265625 0.08515625 0.0515625 0.058203125
0 0.25546875 0.08984375 0.044140625 0.080078125
0 0.294921875 0.095703125 0.055078125 0.071875
0 0.33828125 0.095703125 0.0515625 0.0609375
0 0.31953125 0.13125 0.044140625 0.065625
0 0.3578125 0.150390625 0.054296875 0.0765625
0 0.38203125 0.10234375 0.048046875 0.065625
0 0.417578125 0.0875 0.054296875 0.06640625
0 0.416796875 0.17890625 0.066796875 0.104296875
0 0.43828125 0.125 0.05234375 0.081640625
0 0.4734375 0.079296875 0.05078125 0.0609375
0 0.496484375 0.130859375 0.049609375 0.080859375
0 0.51015625 0.06484375 0.071484375 0.039453125
0 0.541015625 0.0984375 0.060546875 0.05
0 0.525 0.1453125 0.05234375 0.0609375
0 0.519140625 0.208984375 0.053125 0.0765625
0 0.559765625 0.162890625 0.055078125 0.078125
0 0.596484375 0.188671875 0.083203125 0.0609375
0 0.5953125 0.134765625 0.083984375 0.06171875
0 0.66015625 0.12265625 0.05703125 0.097265625
0 0.705859375 0.1140625 0.059765625 0.087109375
0 0.824609375 0.124609375 0.082421875 0.064453125
0 0.865625 0.14921875 0.066796875 0.08359375
0 0.9109375 0.148046875 0.061328125 0.08828125
0 0.961328125 0.098046875 0.07734375 0.07734375