0 0.00703125 0.81953125 0.0140625 0.040625
0 0.015625 0.887109375 0.030859375 0.077734375
0 0.045703125 0.893359375 0.05625 0.0921875
0 0.090234375 0.91015625 0.048828125 0.069921875
0 0.12890625 0.898046875 0.0359375 0.058203125
0 0.094140625 0.865234375 0.04921875 0.079296875
0 0.126171875 0.845703125 0.069921875 0.0640625
0 0.1890625 0.869140625 0.073046875 0.05625
0 0.16875 0.909375 0.06328125 0.069921875
0 0.21171875 0.8890625 0.04765625 0.06796875
0 0.238671875 0.91640625 0.060546875 0.061328125
0 0.283203125 0.91640625 0.046484375 0.065625
0 0.30546875 0.894921875 0.057421875 0.07578125
0 0.25234375 0.853125 0.04453125 0.09140625
0 0.2890625 0.830859375 0.053515625 0.076953125
0 0.341796875 0.859765625 0.0671875 0.06875
0 0.35234375 0.912890625 0.062109375 0.053515625
0 0.380859375 0.8734375 0.052734375 0.076171875
0 0.165625 0.71328125 0.08671875 0.051953125
0 0.7125 0.858984375 0.084765625 0.072265625
0 0.719140625 0.821484375 0.063671875 0.078125
0 0.7234375 0.762890625 0.08515625 0.066015625
0 0.65546875 0.778125 0.056640625 0.093359375
0 0.536328125 0.7671875 0.076953125 0.07109375
0 0.610546875 0.9015625 0.07890625 0.0640625
0 0.553125 0.9046875 0.054296875 0.066015625
0 0.5171875 0.87734375 0.051953125 0.070703125
0 0.478125 0.90234375 0.068359375 0.066796875
0 0.381640625 0.75625 0.084765625 0.05625
0 0.46328125 0.822265625 0.0515625 0.0859375
0 0.431640625 0.858984375 0.05546875 0.059375
0 0.424609375 0.90546875 0.05390625 0.053125
0 0.29609375 0.609765625 0.078125 0.071875
0 0.491015625 0.5234375 0.06015625 0.08125
0 0.4375 0.51796875 0.06875 0.069921875
0 0.54609375 0.487890625 0.059765625 0.090234375
0 0.72890625 0.547265625 0.054296875 0.0890625
0 0.645703125 0.59375 0.0640625 0.065234375
0 0.971875 0.54375 0.05625 0.0734375