0 0.081640625 0.3828125 0.05546875 0.0765625
0 0.1546875 0.219140625 0.078125 0.05546875
0 0.19921875 0.203515625 0.0546875 0.07421875
0 0.25703125 0.187890625 0.0515625 0.08984375
0 0.293359375 0.1609375 0.04921875 0.0828125
0 0.3125 0.21640625 0.071875 0.0734375
0 0.571875 0.223046875 0.053125 0.09296875
0 0.744921875 0.28203125 0.05859375 0.0578125
0 0.788671875 0.269140625 0.06328125 0.06640625
0 0.9296875 0.165625 0.071875 0.0875
0 0.983984375 0.255078125 0.03203125 0.07109375
0 0.74375 0.325 0.0890625 0.053125
0 0.389453125 0.330859375 0.05234375 0.08671875
0 0.314453125 0.2984375 0.06484375 0.06875
0 0.1265625 0.575 0.0625 0.071875
0 0.00703125 0.511328125 0.0125 0.05078125
0 0.056640625 0.71640625 0.08828125 0.125
0 0.016796875 0.855859375 0.03203125 0.04765625
0 0.02734375 0.89375 0.053125 0.0546875
0 0.151953125 0.840625 0.08046875 0.0734375
0 0.23046875 0.726171875 0.05625 0.08046875
0 0.14765625 0.63359375 0.0765625 0.075
0 0.227734375 0.621484375 0.08046875 0.09453125
0 0.382421875 0.58046875 0.08515625 0.078125
0 0.525 0.4953125 0.0640625 0.0640625
0 0.54296875 0.539453125 0.0578125 0.06953125
0 0.70703125 0.492578125 0.0578125 0.07578125
0 0.971484375 0.64140625 0.05703125 0.078125
0 0.9953125 0.679296875 0.009375 0.05078125
0 0.989453125 0.81171875 0.02109375 0.0671875
0 0.973046875 0.864453125 0.05390625 0.05546875