0 0.1234375 0.167578125 0.08359375 0.061328125
0 0.05 0.234375 0.07421875 0.0703125
0 0.11640625 0.812890625 0.078125 0.0546875
0 0.687890625 0.86640625 0.07109375 0.06796875
0 0.457421875 0.86015625 0.07578125 0.06328125
0 0.458984375 0.772265625 0.058984375 0.072265625
0 0.48515625 0.821875 0.069921875 0.061328125
0 0.619921875 0.709765625 0.065234375 0.049609375
0 0.56796875 0.7484375 0.05 0.06171875
0 0.534765625 0.788671875 0.064453125 0.051171875
0 0.645703125 0.75546875 0.071875 0.048046875
0 0.590234375 0.788671875 0.04296875 0.078125
0 0.62734375 0.78671875 0.042578125 0.06015625
0 0.775 0.81328125 0.069921875 0.054296875
0 0.859375 0.855859375 0.066015625 0.060546875
0 0.643359375 0.613671875 0.05625 0.059375
0 0.727734375 0.109375 0.065234375 0.06015625