0 0.534765625 0.08359375 0.04765625 0.0859375
0 0.6125 0.223046875 0.05 0.08203125
0 0.73203125 0.708984375 0.05625 0.06171875
0 0.403125 0.305078125 0.0609375 0.05078125
0 0.311328125 0.23359375 0.05703125 0.0875
0 0.148828125 0.26171875 0.04765625 0.0734375
0 0.02265625 0.234765625 0.04375 0.05078125
0 0.23671875 0.484765625 0.06875 0.05078125
0 0.86953125 0.640625 0.05625 0.09375
0 0.937890625 0.68671875 0.09140625 0.075
0 0.233203125 0.8875 0.06015625 0.0765625
0 0.063671875 0.882421875 0.05078125 0.06484375