0 0.012109375 0.908984375 0.02421875 0.06953125
0 0.20078125 0.9015625 0.055078125 0.075
0 0.25 0.865234375 0.057421875 0.06640625
0 0.25703125 0.78125 0.071875 0.059765625
0 0.26171875 0.830078125 0.073828125 0.084375
0 0.31328125 0.8484375 0.05390625 0.0765625
0 0.074609375 0.6859375 0.055078125 0.078515625
0 0.128515625 0.296484375 0.069921875 0.062109375
0 0.052734375 0.27890625 0.06953125 0.06796875
0 0.009375 0.12734375 0.01875 0.054296875
0 0.153125 0.154296875 0.078515625 0.062890625
0 0.197265625 0.119140625 0.0609375 0.075390625
0 0.304296875 0.088671875 0.078125 0.06015625
0 0.310546875 0.153125 0.091796875 0.056640625
0 0.355859375 0.108984375 0.067578125 0.071484375
0 0.409375 0.107421875 0.046875 0.079296875
0 0.39921875 0.168359375 0.08046875 0.064453125
0 0.4546875 0.11328125 0.046875 0.0890625
0 0.490234375 0.075 0.075390625 0.059765625
0 0.544140625 0.090234375 0.05859375 0.055078125
0 0.532421875 0.16328125 0.098046875 0.05859375
0 0.5890625 0.1296875 0.05703125 0.046875
0 0.543359375 0.114453125 0.0671875 0.046484375
0 0.611328125 0.07578125 0.062890625 0.04296875
0 0.59453125 0.096484375 0.04453125 0.019140625
0 0.644140625 0.092578125 0.0390625 0.03125
0 0.641015625 0.125390625 0.05 0.05078125
0 0.623828125 0.16875 0.08671875 0.058203125
0 0.6671875 0.23828125 0.049609375 0.0765625
0 0.70703125 0.137890625 0.053125 0.08671875
0 0.749609375 0.1515625 0.04609375 0.063671875
0 0.790625 0.084765625 0.08671875 0.05390625
0 0.78671875 0.125 0.055078125 0.05703125
0 0.836328125 0.14453125 0.0484375 0.07890625
0 0.819921875 0.182421875 0.055859375 0.0546875
0 0.784375 0.1765625 0.044140625 0.046484375
0 0.790625 0.228515625 0.09140625 0.0515625
0 0.86640625 0.218359375 0.06015625 0.096875
0 0.958984375 0.14140625 0.08203125 0.09609375
0 0.935546875 0.089453125 0.128515625 0.055078125
0 0.709375 0.4296875 0.05 0.06875
0 0.48515625 0.557421875 0.0453125 0.08125
0 0.465625 0.2140625 0.08515625 0.0609375
0 0.5453125 0.259375 0.065234375 0.067578125
0 0.36015625 0.269140625 0.08515625 0.0734375
0 0.267578125 0.2515625 0.061328125 0.073828125
0 0.316796875 0.36796875 0.071875 0.07421875
0 0.41875 0.791015625 0.051171875 0.0734375
0 0.7046875 0.901953125 0.070703125 0.06796875
0 0.922265625 0.781640625 0.07421875 0.062890625
0 0.99296875 0.308984375 0.013671875 0.04921875