0 0.722265625 0.9453125 0.04140625 0.0703125
0 0.772265625 0.762109375 0.06015625 0.04765625
0 0.821484375 0.721484375 0.06328125 0.05703125
0 0.85625 0.84375 0.0546875 0.0671875
0 0.659375 0.85625 0.05625 0.0625
0 0.90390625 0.846875 0.0421875 0.0546875
0 0.880859375 0.8796875 0.04140625 0.05
0 0.92265625 0.884765625 0.0421875 0.04453125
0 0.9625 0.848046875 0.04375 0.05390625
0 0.96953125 0.891015625 0.0484375 0.03515625
0 0.987890625 0.863671875 0.02421875 0.06328125
0 0.97265625 0.7921875 0.0546875 0.0453125
0 0.978125 0.71328125 0.04375 0.046875
0 0.976953125 0.51328125 0.04609375 0.046875
0 0.995703125 0.0921875 0.00859375 0.040625
0 0.96640625 0.1875 0.0671875 0.0625
0 0.907421875 0.182421875 0.06484375 0.04140625
0 0.930078125 0.212109375 0.04140625 0.04921875
0 0.85078125 0.233984375 0.0609375 0.04765625
0 0.904296875 0.10703125 0.03984375 0.0671875
0 0.943359375 0.098828125 0.05859375 0.04609375
0 0.950390625 0.13203125 0.04453125 0.05
0 0.784765625 0.2671875 0.06015625 0.0828125
0 0.75 0.216015625 0.0703125 0.04921875
0 0.815234375 0.127734375 0.04140625 0.06953125
0 0.755078125 0.108984375 0.04609375 0.05390625
0 0.719140625 0.16484375 0.04140625 0.0625
0 0.687890625 0.112109375 0.05234375 0.06171875
0 0.542578125 0.199609375 0.05390625 0.07265625
0 0.6171875 0.23125 0.0703125 0.0890625
0 0.634765625 0.294140625 0.07109375 0.04765625
0 0.671875 0.179296875 0.06875 0.05546875
0 0.653125 0.1203125 0.065625 0.0734375
0 0.578125 0.121484375 0.0421875 0.05859375
0 0.540234375 0.10859375 0.08203125 0.046875
0 0.4921875 0.8921875 0.0546875 0.075
0 0.528125 0.773046875 0.0375 0.05546875
0 0.51796875 0.70703125 0.0453125 0.05625
0 0.750390625 0.621875 0.04140625 0.059375
0 0.61953125 0.563671875 0.0359375 0.06796875
0 0.55078125 0.3484375 0.0640625 0.04375
0 0.484375 0.434375 0.040625 0.0546875
0 0.432421875 0.468359375 0.04921875 0.06171875
0 0.498828125 0.487109375 0.05234375 0.05234375
0 0.57734375 0.501953125 0.0578125 0.04453125
0 0.54140625 0.528125 0.0265625 0.065625
0 0.51171875 0.5203125 0.0578125 0.04375
0 0.5109375 0.560546875 0.0515625 0.04609375
0 0.569921875 0.575 0.06015625 0.0375
0 0.38515625 0.59765625 0.0640625 0.053125
0 0.33125 0.571484375 0.05 0.05546875
0 0.360546875 0.495703125 0.06796875 0.03984375
0 0.38359375 0.522265625 0.0734375 0.04765625
0 0.455859375 0.23203125 0.06640625 0.05
0 0.38828125 0.164453125 0.05 0.06796875
0 0.33046875 0.137890625 0.0609375 0.04453125
0 0.333984375 0.183203125 0.06015625 0.04609375
0 0.323828125 0.21875 0.06015625 0.0515625
0 0.2296875 0.096484375 0.065625 0.03984375
0 0.251171875 0.13359375 0.06953125 0.04375
0 0.166796875 0.10859375 0.04453125 0.04375
0 0.201171875 0.1265625 0.03828125 0.04375
0 0.32265625 0.30078125 0.0640625 0.0515625
0 0.248046875 0.28671875 0.06015625 0.05
0 0.18828125 0.257421875 0.0515625 0.04609375
0 0.223828125 0.214453125 0.07109375 0.06796875
0 0.201171875 0.23359375 0.05390625 0.04375
0 0.154296875 0.215625 0.04296875 0.0546875
0 0.15078125 0.250390625 0.0359375 0.03671875
0 0.15625 0.16953125 0.0484375 0.053125
0 0.162109375 0.1359375 0.04140625 0.04375
0 0.190234375 0.16328125 0.03359375 0.0421875
0 0.284375 0.426171875 0.0328125 0.06328125
0 0.324609375 0.4125 0.05703125 0.04375
0 0.319921875 0.350390625 0.08046875 0.04453125
0 0.330859375 0.371484375 0.07109375 0.03359375
0 0.362109375 0.441796875 0.05859375 0.04609375
0 0.167578125 0.308203125 0.05703125 0.04765625
0 0.201171875 0.31875 0.05390625 0.0375
0 0.14453125 0.35234375 0.0375 0.040625
0 0.172265625 0.341796875 0.03828125 0.03984375
0 0.20859375 0.361328125 0.0515625 0.05078125
0 0.23203125 0.373828125 0.0515625 0.04453125
0 0.261328125 0.348046875 0.05859375 0.04921875
0 0.243359375 0.540234375 0.06953125 0.04140625
0 0.215625 0.490234375 0.0453125 0.05546875
0 0.1984375 0.4546875 0.0375 0.0546875
0 0.31875 0.844140625 0.0578125 0.06328125
0 0.26953125 0.876171875 0.046875 0.06484375
0 0.257421875 0.615625 0.03828125 0.0609375
0 0.151171875 0.501953125 0.05546875 0.05390625
0 0.146875 0.408984375 0.03125 0.05703125
0 0.1765625 0.410546875 0.05 0.03984375
0 0.221484375 0.4109375 0.07109375 0.04375
0 0.4765625 0.741015625 0.0421875 0.05859375
0 0.440234375 0.71328125 0.05546875 0.0578125
0 0.393359375 0.678125 0.04921875 0.046875
0 0.301953125 0.6078125 0.04921875 0.05625
0 0.161328125 0.56875 0.06484375 0.04375
0 0.1515625 0.53359375 0.0625 0.034375
0 0.1921875 0.52578125 0.040625 0.0578125
0 0.150390625 0.604296875 0.04609375 0.04296875
0 0.19921875 0.6171875 0.0578125 0.0703125
0 0.35703125 0.76328125 0.05 0.0671875
0 0.403125 0.73125 0.0390625 0.0703125
0 0.337890625 0.655859375 0.04765625 0.05546875
0 0.3078125 0.641015625 0.065625 0.03984375
0 0.2640625 0.66640625 0.0546875 0.046875
0 0.22265625 0.64609375 0.025 0.0640625
0 0.247265625 0.587890625 0.05546875 0.05390625
0 0.2 0.616796875 0.0546875 0.06328125
0 0.16171875 0.653125 0.0625 0.0515625
0 0.165625 0.672265625 0.059375 0.05234375
0 0.1640625 0.71328125 0.0640625 0.04375
0 0.608203125 0.773046875 0.04609375 0.06796875
0 0.162890625 0.869921875 0.04140625 0.03828125
0 0.218359375 0.8796875 0.04296875 0.0265625
0 0.184375 0.86328125 0.0171875 0.059375
0 0.250390625 0.809765625 0.05234375 0.03984375
0 0.265234375 0.786328125 0.04296875 0.02734375
0 0.319921875 0.774609375 0.04921875 0.03828125
0 0.2171875 0.7125 0.0484375 0.04375
0 0.177734375 0.729296875 0.03515625 0.03984375
0 0.165234375 0.834375 0.04140625 0.0265625
0 0.167578125 0.776953125 0.03828125 0.03203125
0 0.230078125 0.75703125 0.04453125 0.059375
0 0.203515625 0.7765625 0.02734375 0.03125
0 0.205078125 0.8140625 0.03359375 0.0421875
0 0.2359375 0.844140625 0.05625 0.04140625
0 0.35625 0.329296875 0.059375 0.05390625
0 0.516015625 0.1484375 0.044921875 0.07421875
0 0.49921875 0.096484375 0.054296875 0.052734375
0 0.4640625 0.1375 0.044921875 0.068359375
0 0.4546875 0.09140625 0.045703125 0.034375
0 0.423046875 0.096875 0.038671875 0.05625
0 0.38359375 0.103125 0.049609375 0.048046875
0 0.343359375 0.105859375 0.044921875 0.045703125