0 0.13515625 0.133984375 0.087109375 0.08046875
0 0.393359375 0.1875 0.070703125 0.075390625
0 0.525390625 0.09765625 0.07578125 0.06484375
0 0.53359375 0.16796875 0.066015625 0.0625
0 0.77265625 0.113671875 0.10390625 0.071484375
0 0.563671875 0.239453125 0.0765625 0.067578125
0 0.65546875 0.20546875 0.04921875 0.09140625
0 0.723046875 0.302734375 0.055078125 0.06875
0 0.755078125 0.388671875 0.06953125 0.0765625
0 0.60390625 0.48984375 0.06328125 0.092578125
0 0.230859375 0.43359375 0.08359375 0.075390625
0 0.065625 0.43671875 0.075390625 0.073828125
0 0.0828125 0.54140625 0.074609375 0.069921875
0 0.0546875 0.877734375 0.1 0.0640625
0 0.29453125 0.75 0.0671875 0.084765625
0 0.497265625 0.7921875 0.06328125 0.083984375
0 0.266015625 0.90625 0.0734375 0.069140625
0 0.904296875 0.8796875 0.100390625 0.0703125