0 0.1890625 0.597265625 0.080078125 0.053515625
0 0.118359375 0.765234375 0.058984375 0.071875
0 0.204296875 0.799609375 0.068359375 0.075390625
0 0.26953125 0.804296875 0.051171875 0.0734375
0 0.341796875 0.8203125 0.057421875 0.098046875
0 0.526171875 0.880078125 0.058203125 0.078515625
0 0.544921875 0.75234375 0.073046875 0.073046875
0 0.756640625 0.753125 0.0703125 0.05390625
0 0.90234375 0.792578125 0.052734375 0.069140625
0 0.862890625 0.761328125 0.060546875 0.077734375
0 0.4265625 0.733984375 0.080859375 0.062109375