0 0.954296875 0.916015625 0.06953125 0.08515625
0 0.854296875 0.9015625 0.06015625 0.0890625
0 0.800390625 0.90546875 0.05390625 0.0890625
0 0.751953125 0.90390625 0.05546875 0.0859375
0 0.723828125 0.828125 0.07734375 0.0578125
0 0.6921875 0.868359375 0.05 0.06484375
0 0.66484375 0.904296875 0.0578125 0.06640625
0 0.615234375 0.900390625 0.04453125 0.07578125
0 0.553515625 0.8703125 0.05546875 0.0734375
0 0.537890625 0.909765625 0.06953125 0.05234375
0 0.48515625 0.873046875 0.075 0.04765625
0 0.468359375 0.906640625 0.06953125 0.05859375
0 0.441015625 0.830859375 0.05703125 0.08671875
0 0.494921875 0.757421875 0.04765625 0.09453125
0 0.56171875 0.726171875 0.0546875 0.07265625
0 0.783203125 0.70078125 0.05859375 0.06875
0 0.784765625 0.63203125 0.07890625 0.06875
0 0.81953125 0.54609375 0.078125 0.090625
0 0.8453125 0.4546875 0.0625 0.0796875
0 0.88125 0.3453125 0.0765625 0.053125
0 0.971484375 0.317578125 0.05703125 0.06796875
0 0.934375 0.198828125 0.075 0.07109375
0 0.878125 0.169140625 0.0640625 0.08359375
0 0.800390625 0.148828125 0.09140625 0.05234375
0 0.76015625 0.131640625 0.059375 0.06171875
0 0.71875 0.20390625 0.08125 0.0609375
0 0.6296875 0.2828125 0.0703125 0.0765625
0 0.75546875 0.416015625 0.0765625 0.06796875
0 0.598046875 0.38515625 0.06953125 0.05625
0 0.529296875 0.382421875 0.07890625 0.05234375
0 0.557421875 0.3234375 0.06953125 0.0734375
0 0.6375 0.6109375 0.0609375 0.05625
0 0.57890625 0.571875 0.0828125 0.05625
0 0.534375 0.628515625 0.0453125 0.08046875
0 0.484765625 0.6515625 0.04765625 0.0875
0 0.4234375 0.65625 0.0671875 0.05625
0 0.42734375 0.60546875 0.0625 0.06875
0 0.37109375 0.620703125 0.05625 0.08671875
0 0.28671875 0.720703125 0.078125 0.05703125
0 0.2296875 0.828125 0.0640625 0.0703125
0 0.202734375 0.87421875 0.04765625 0.0765625
0 0.176171875 0.8359375 0.03828125 0.071875
0 0.296484375 0.47421875 0.06328125 0.084375
0 0.409765625 0.35234375 0.06328125 0.0671875
0 0.466015625 0.2640625 0.07734375 0.0625
0 0.3796875 0.202734375 0.05625 0.07421875
0 0.45703125 0.2015625 0.090625 0.059375
0 0.54765625 0.1671875 0.084375 0.0609375
0 0.633984375 0.190234375 0.07890625 0.04921875
0 0.6296875 0.141015625 0.0859375 0.06484375
0 0.54453125 0.127734375 0.0734375 0.05078125
0 0.29609375 0.096484375 0.05 0.08671875
0 0.205859375 0.08203125 0.06484375 0.078125
0 0.14453125 0.083984375 0.065625 0.05859375
0 0.147265625 0.142578125 0.08359375 0.05703125
0 0.080859375 0.16875 0.07890625 0.0515625
0 0.032421875 0.128125 0.05546875 0.0578125
0 0.018359375 0.173046875 0.03515625 0.05390625
0 0.017578125 0.25078125 0.03359375 0.10625
0 0.103125 0.237890625 0.1140625 0.05859375
0 0.15390625 0.32421875 0.065625 0.08125
0 0.191015625 0.27265625 0.06640625 0.06875
0 0.0546875 0.3328125 0.071875 0.0703125
0 0.137890625 0.53046875 0.05390625 0.09375
0 0.244140625 0.534375 0.06640625 0.090625
0 0.2375 0.603515625 0.0625 0.06171875
0 0.2171875 0.6625 0.090625 0.0546875
0 0.18671875 0.705078125 0.096875 0.06484375
0 0.1453125 0.617578125 0.078125 0.05234375
0 0.1359375 0.678125 0.0828125 0.053125
0 0.087109375 0.660546875 0.04453125 0.07578125
0 0.05078125 0.657421875 0.0625 0.07578125
0 0.02734375 0.89609375 0.053125 0.05625
0 0.126171875 0.907421875 0.04765625 0.03828125
0 0.08515625 0.895703125 0.0609375 0.05390625
0 0.136328125 0.833203125 0.05390625 0.06328125
0 0.07578125 0.835546875 0.0734375 0.06015625
0 0.05859375 0.80390625 0.0671875 0.071875
0 0.104296875 0.7703125 0.07890625 0.040625
0 0.04375 0.729296875 0.0859375 0.04921875
0 0.0109375 0.76640625 0.0203125 0.0578125
0 0.014453125 0.59375 0.02734375 0.0578125
0 0.0578125 0.48203125 0.0828125 0.0671875
0 0.025390625 0.444921875 0.04921875 0.08828125