0 0.23359375 0.9125 0.0546875 0.0390625
0 0.282421875 0.978125 0.02734375 0.04375
0 0.2921875 0.2515625 0.08125 0.0484375
0 0.16875 0.583984375 0.0578125 0.07734375
0 0.457421875 0.15703125 0.06796875 0.0484375
0 0.502734375 0.103125 0.04609375 0.0640625
0 0.57734375 0.13671875 0.071875 0.05
0 0.521875 0.154296875 0.0484375 0.04921875
0 0.52421875 0.214453125 0.0421875 0.05234375
0 0.55859375 0.19140625 0.0765625 0.0640625
0 0.913671875 0.46953125 0.06796875 0.059375
0 0.950390625 0.532421875 0.09296875 0.04765625
0 0.0984375 0.761328125 0.06875 0.08046875
0 0.4046875 0.7453125 0.0453125 0.0671875
0 0.457421875 0.902734375 0.06484375 0.04609375
0 0.639453125 0.61484375 0.05234375 0.0796875
0 0.703515625 0.555078125 0.05078125 0.06953125
0 0.812109375 0.51953125 0.08515625 0.046875
0 0.86796875 0.694921875 0.0640625 0.04921875
0 0.57265625 0.83828125 0.040625 0.0625
0 0.649609375 0.834375 0.05859375 0.0703125
0 0.993359375 0.80546875 0.01328125 0.046875
0 0.633984375 0.896484375 0.05859375 0.05234375
0 0.690625 0.912890625 0.0625 0.05703125
0 0.98828125 0.884375 0.0234375 0.040625
0 0.988671875 0.92109375 0.02265625 0.05625
0 0.71640625 0.881640625 0.0546875 0.06953125
0 0.760546875 0.908984375 0.06328125 0.05859375
0 0.872265625 0.8484375 0.08515625 0.0703125
0 0.801953125 0.925390625 0.06796875 0.06171875
0 0.85859375 0.941015625 0.0578125 0.08359375
0 0.8765625 0.929296875 0.0671875 0.07890625
0 0.89765625 0.889453125 0.0515625 0.05390625
0 0.941796875 0.928515625 0.07265625 0.08828125