0 0.25234375 0.1328125 0.059375 0.072265625
0 0.46875 0.2140625 0.06640625 0.064453125
0 0.599609375 0.273828125 0.0546875 0.07109375
0 0.601171875 0.1640625 0.0734375 0.0703125
0 0.84453125 0.230859375 0.072265625 0.05390625
0 0.87734375 0.164453125 0.0671875 0.07734375
0 0.828125 0.129296875 0.076171875 0.06171875
0 0.828515625 0.0828125 0.08671875 0.056640625
0 0.81796875 0.4203125 0.059375 0.07734375
0 0.969921875 0.719921875 0.06015625 0.05703125
0 0.744140625 0.740625 0.052734375 0.1046875
0 0.978515625 0.871484375 0.04296875 0.05390625
0 0.90078125 0.888671875 0.06953125 0.01953125
0 0.802734375 0.87734375 0.068359375 0.03828125
0 0.482421875 0.818359375 0.087890625 0.068359375
0 0.226171875 0.6609375 0.06953125 0.060546875
0 0.070703125 0.74296875 0.07734375 0.068359375