0 0.31953125 0.8703125 0.078125 0.06640625
0 0.2359375 0.695703125 0.06953125 0.06328125
0 0.455078125 0.901953125 0.0625 0.07109375
0 0.51328125 0.88046875 0.065625 0.07734375
0 0.5390625 0.906640625 0.068359375 0.06171875
0 0.88515625 0.88984375 0.06171875 0.029296875
0 0.959375 0.087890625 0.04765625 0.076171875
0 0.915625 0.126953125 0.06328125 0.07421875
0 0.901953125 0.076171875 0.0828125 0.09765625
0 0.834375 0.1125 0.05546875 0.07421875
0 0.75234375 0.20703125 0.06953125 0.08203125
0 0.765625 0.1234375 0.072265625 0.0671875
0 0.703515625 0.133203125 0.059375 0.0734375
0 0.7171875 0.0796875 0.08125 0.05
0 0.63203125 0.09296875 0.07421875 0.052734375
0 0.509765625 0.261328125 0.060546875 0.065625
0 0.58203125 0.133984375 0.069921875 0.05859375
0 0.562109375 0.092578125 0.069140625 0.04921875
0 0.521875 0.08046875 0.072265625 0.0546875
0 0.56328125 0.190234375 0.0578125 0.063671875
0 0.51953125 0.154296875 0.051953125 0.06875
0 0.50625 0.209375 0.055078125 0.052734375
0 0.43359375 0.21484375 0.07109375 0.059765625
0 0.448828125 0.159765625 0.05 0.076953125
0 0.466015625 0.086328125 0.05546875 0.073046875
0 0.43359375 0.1078125 0.046875 0.04453125
0 0.41640625 0.06796875 0.0546875 0.044140625
0 0.3890625 0.10859375 0.050390625 0.06171875
0 0.3953125 0.163671875 0.048828125 0.07734375
0 0.349609375 0.123046875 0.041796875 0.084765625
0 0.333984375 0.247265625 0.0578125 0.0921875
0 0.37109375 0.067578125 0.05 0.0375
0 0.3296875 0.062890625 0.033984375 0.0328125
0 0.280078125 0.066796875 0.065234375 0.030078125
0 0.286328125 0.103515625 0.04296875 0.039453125
0 0.25625 0.139453125 0.047265625 0.05625
0 0.246484375 0.1828125 0.0453125 0.07265625
0 0.215234375 0.15625 0.048828125 0.071875
0 0.206640625 0.09140625 0.048046875 0.062890625
0 0.171875 0.08046875 0.0515625 0.064453125
0 0.142578125 0.15625 0.039453125 0.0765625
0 0.178125 0.1515625 0.0515625 0.06484375
0 0.11875 0.194140625 0.0625 0.06953125
0 0.184765625 0.29609375 0.074609375 0.051953125
0 0.12734375 0.06953125 0.051171875 0.042578125
0 0.090625 0.07578125 0.035546875 0.05625
0 0.05234375 0.076171875 0.0359375 0.063671875
0 0.019921875 0.078515625 0.03515625 0.05859375
0 0.04453125 0.146875 0.056640625 0.0546875
0 0.09453125 0.14609375 0.041796875 0.05859375
0 0.292578125 0.195703125 0.052734375 0.065625
0 0.302734375 0.14453125 0.04375 0.040234375
0 0.24453125 0.087890625 0.028125 0.054296875
0 0.123828125 0.109375 0.044140625 0.03828125
0 0.06015625 0.107421875 0.065234375 0.033203125
0 0.009375 0.128515625 0.01875 0.04453125