0 0.098046875 0.090625 0.070703125 0.043359375
0 0.098046875 0.12890625 0.050390625 0.051171875
0 0.087109375 0.1484375 0.036328125 0.033203125
0 0.09296875 0.179296875 0.044140625 0.049609375
0 0.144140625 0.105859375 0.0515625 0.073046875
0 0.175390625 0.075390625 0.046875 0.048046875
0 0.158984375 0.130078125 0.050390625 0.0625
0 0.133203125 0.16953125 0.0515625 0.058984375
0 0.160546875 0.19765625 0.071875 0.055078125
0 0.122265625 0.224609375 0.058203125 0.081640625
0 0.08984375 0.22578125 0.0328125 0.03515625
0 0.094140625 0.266796875 0.07421875 0.057421875
0 0.142578125 0.265625 0.097265625 0.054296875
0 0.18203125 0.185546875 0.060546875 0.078515625
0 0.2265625 0.15078125 0.080078125 0.058203125
0 0.223046875 0.11484375 0.068359375 0.058984375
0 0.1890625 0.11171875 0.03828125 0.071875
0 0.20703125 0.103125 0.05234375 0.04140625
0 0.27265625 0.11953125 0.042578125 0.076953125
0 0.30625 0.11953125 0.046484375 0.090234375
0 0.29921875 0.182421875 0.08828125 0.046875
0 0.287890625 0.241796875 0.071484375 0.0875
0 0.442578125 0.050390625 0.06484375 0.10078125
0 0.496484375 0.079296875 0.064453125 0.071875
0 0.419921875 0.094140625 0.07734375 0.0703125
0 0.39453125 0.0625 0.044140625 0.063671875
0 0.36796875 0.075390625 0.055078125 0.06484375
0 0.38046875 0.128515625 0.062109375 0.0828125
0 0.34140625 0.13359375 0.064453125 0.082421875
0 0.323828125 0.076171875 0.063671875 0.058203125
0 0.38046875 0.197265625 0.068359375 0.08125
0 0.341015625 0.209765625 0.058203125 0.068359375
0 0.35078125 0.2703125 0.066015625 0.07109375
0 0.421484375 0.28359375 0.094140625 0.087109375
0 0.419140625 0.241796875 0.08671875 0.06171875
0 0.461328125 0.203125 0.063671875 0.068359375
0 0.48984375 0.188671875 0.051953125 0.0875
0 0.533203125 0.180078125 0.055078125 0.077734375
0 0.494140625 0.146484375 0.069140625 0.051171875
0 0.05546875 0.303125 0.078515625 0.053515625
0 0.059765625 0.347265625 0.0828125 0.052734375
0 0.126953125 0.341015625 0.08359375 0.08671875
0 0.205078125 0.3453125 0.0609375 0.073046875
0 0.259765625 0.3640625 0.101171875 0.079296875
0 0.268359375 0.297265625 0.071484375 0.08828125
0 0.214453125 0.281640625 0.059375 0.060546875
0 0.229296875 0.40546875 0.069140625 0.069921875
0 0.26640625 0.433984375 0.09609375 0.05625
0 0.30625 0.403125 0.109375 0.053125
0 0.3015625 0.379296875 0.042578125 0.03828125
0 0.373828125 0.355859375 0.101171875 0.057421875
0 0.36640625 0.320703125 0.073828125 0.048046875
0 0.380078125 0.396484375 0.059375 0.04921875
0 0.423828125 0.384765625 0.065625 0.05
0 0.472265625 0.398828125 0.0734375 0.058203125
0 0.548828125 0.426953125 0.075 0.05859375
0 0.526953125 0.37109375 0.0859375 0.056640625
0 0.489453125 0.3328125 0.054296875 0.0546875
0 0.439453125 0.345703125 0.078125 0.056640625
0 0.502734375 0.29609375 0.050390625 0.065625
0 0.541015625 0.30234375 0.055859375 0.03828125
0 0.5453125 0.340234375 0.076953125 0.0484375
0 0.478515625 0.266796875 0.04296875 0.077734375
0 0.530078125 0.23984375 0.065625 0.07109375
0 0.41328125 0.424609375 0.0765625 0.053125
0 0.353515625 0.4421875 0.04609375 0.0765625
0 0.394140625 0.467578125 0.09921875 0.047265625
0 0.28359375 0.489453125 0.078125 0.069140625
0 0.5171875 0.536328125 0.08984375 0.05234375
0 0.47734375 0.59609375 0.079296875 0.057421875
0 0.348046875 0.58515625 0.07265625 0.06953125
0 0.257421875 0.534765625 0.0828125 0.054296875
0 0.100390625 0.35703125 0.064453125 0.0375
0 0.08125 0.398828125 0.048828125 0.0515625
0 0.117578125 0.387890625 0.081640625 0.0390625
0 0.134375 0.41171875 0.075390625 0.044140625
0 0.17109375 0.428515625 0.08203125 0.04296875
0 0.21484375 0.455859375 0.058203125 0.05625
0 0.23046875 0.498828125 0.074609375 0.044140625
0 0.15546875 0.465625 0.069921875 0.051171875
0 0.07265625 0.43671875 0.049609375 0.05859375
0 0.07421875 0.472265625 0.0515625 0.0375
0 0.1140625 0.474609375 0.06796875 0.03984375
0 0.11640625 0.44453125 0.05703125 0.04765625
0 0.075390625 0.5046875 0.0390625 0.046875
0 0.09375 0.532421875 0.0671875 0.045703125
0 0.113671875 0.51015625 0.069921875 0.045703125
0 0.153125 0.526953125 0.041796875 0.0609375
0 0.14453125 0.56953125 0.045703125 0.05234375
0 0.166015625 0.573046875 0.046484375 0.056640625
0 0.178515625 0.6140625 0.0453125 0.0546875
0 0.198046875 0.578125 0.037890625 0.057421875
0 0.178515625 0.5296875 0.05390625 0.049609375
0 0.20625 0.547265625 0.05625 0.0390625
0 0.25078125 0.571875 0.080078125 0.037109375
0 0.271875 0.5953125 0.076953125 0.043359375
0 0.22265625 0.621875 0.050390625 0.073046875
0 0.27265625 0.632421875 0.0703125 0.044921875
0 0.322265625 0.634765625 0.09765625 0.059375
0 0.0875 0.57109375 0.060546875 0.053515625
0 0.082421875 0.6171875 0.052734375 0.06015625
0 0.121875 0.621875 0.05234375 0.070703125
0 0.15390625 0.63984375 0.042578125 0.065234375
0 0.097265625 0.65234375 0.0609375 0.05859375
0 0.1078125 0.687109375 0.078125 0.066015625
0 0.085546875 0.718359375 0.049609375 0.04296875
0 0.13671875 0.725 0.07734375 0.051953125
0 0.16328125 0.689453125 0.082421875 0.048828125
0 0.193359375 0.660546875 0.094140625 0.05390625
0 0.095703125 0.753125 0.046875 0.037890625
0 0.1515625 0.769140625 0.062890625 0.05078125
0 0.14375 0.768359375 0.079296875 0.046484375
0 0.224609375 0.73203125 0.057421875 0.054296875
0 0.28359375 0.724609375 0.090625 0.075390625
0 0.35234375 0.67109375 0.072265625 0.051171875
0 0.4546875 0.687890625 0.072265625 0.080859375
0 0.40078125 0.730859375 0.0703125 0.0671875
0 0.565234375 0.7359375 0.07421875 0.078515625
0 0.551953125 0.78203125 0.054296875 0.0765625
0 0.477734375 0.777734375 0.086328125 0.062109375
0 0.4953125 0.845703125 0.078125 0.062109375
0 0.41875 0.8203125 0.0953125 0.05625
0 0.352734375 0.8703125 0.090234375 0.079296875
0 0.44140625 0.902734375 0.08203125 0.046484375
0 0.262109375 0.854296875 0.06640625 0.078125
0 0.215234375 0.81484375 0.063671875 0.066015625
0 0.161328125 0.80390625 0.059375 0.059765625
0 0.18359375 0.85703125 0.07421875 0.055859375
0 0.181640625 0.8859375 0.059765625 0.05078125
0 0.158203125 0.900390625 0.047265625 0.03046875
0 0.1140625 0.891015625 0.040625 0.030078125
0 0.131640625 0.865625 0.0484375 0.041796875
0 0.10859375 0.86328125 0.035546875 0.03828125
0 0.10390625 0.837109375 0.045703125 0.03359375
0 0.1453125 0.8375 0.04921875 0.033984375
0 0.1 0.809765625 0.03359375 0.038671875
0 0.123828125 0.807421875 0.03515625 0.05625
0 0.097265625 0.780078125 0.053515625 0.040234375
0 0.5328125 0.051171875 0.078515625 0.090234375
0 0.740234375 0.053125 0.06015625 0.10625
0 0.70078125 0.0578125 0.05234375 0.04375
0 0.672265625 0.071484375 0.04765625 0.078125
0 0.630859375 0.065625 0.0640625 0.0453125
0 0.59609375 0.082421875 0.047265625 0.08046875
0 0.7125 0.095703125 0.0453125 0.074609375
0 0.69375 0.13828125 0.055078125 0.0703125
0 0.656640625 0.1109375 0.042578125 0.06875
0 0.62265625 0.101171875 0.053125 0.0734375
0 0.580078125 0.14921875 0.054296875 0.07265625
0 0.58671875 0.203125 0.052734375 0.082421875
0 0.623828125 0.225 0.053125 0.070703125
0 0.63984375 0.2 0.05859375 0.078515625
0 0.670703125 0.17421875 0.043359375 0.080859375
0 0.627734375 0.15 0.0609375 0.05390625
0 0.58359375 0.279296875 0.062890625 0.06484375
0 0.639453125 0.283984375 0.04921875 0.077734375
0 0.582421875 0.31796875 0.063671875 0.05703125
0 0.697265625 0.26796875 0.0578125 0.06953125
0 0.7484375 0.251171875 0.046875 0.08359375
0 0.802734375 0.26640625 0.057421875 0.07421875
0 0.848046875 0.258984375 0.080078125 0.049609375
0 0.7984375 0.163671875 0.08203125 0.0625
0 0.887109375 0.19296875 0.051953125 0.076171875
0 0.924609375 0.176171875 0.052734375 0.091796875
0 0.924609375 0.294921875 0.069140625 0.06875
0 0.9015625 0.34375 0.084765625 0.0515625
0 0.778515625 0.343359375 0.0734375 0.06171875
0 0.736328125 0.3484375 0.050390625 0.073046875
0 0.687890625 0.3171875 0.0671875 0.0625
0 0.6484375 0.3234375 0.045703125 0.04765625
0 0.591796875 0.366015625 0.055859375 0.056640625
0 0.605078125 0.40625 0.053125 0.078515625
0 0.63125 0.3828125 0.0453125 0.083203125
0 0.656640625 0.379296875 0.05234375 0.0765625
0 0.68828125 0.3609375 0.069140625 0.055859375
0 0.753125 0.38984375 0.079296875 0.064453125
0 0.723046875 0.4640625 0.0625 0.07265625
0 0.743359375 0.494140625 0.06328125 0.065625
0 0.8625 0.558984375 0.06953125 0.06484375
0 0.7046875 0.691796875 0.09140625 0.05390625
0 0.666796875 0.759375 0.084375 0.05859375
0 0.741796875 0.78984375 0.06953125 0.069140625
0 0.789453125 0.8203125 0.065625 0.078515625
0 0.71171875 0.898046875 0.089453125 0.067578125
0 0.952734375 0.89296875 0.055078125 0.05625
0 0.932421875 0.851171875 0.08046875 0.046484375
0 0.9234375 0.81640625 0.0828125 0.05703125
0 0.92109375 0.758203125 0.096875 0.0671875
0 0.89140625 0.4453125 0.06953125 0.066015625
0 0.90390625 0.392578125 0.071875 0.05625
0 0.81171875 0.051171875 0.048046875 0.089453125
0 0.84375 0.06640625 0.053125 0.07421875
0 0.83125 0.126953125 0.069921875 0.05390625
0 0.87734375 0.087109375 0.04453125 0.07890625
0 0.90625 0.101171875 0.045703125 0.08515625
0 0.947265625 0.109375 0.054296875 0.08046875
0 0.926953125 0.055078125 0.061328125 0.06171875
0 0.974609375 0.06015625 0.05078125 0.085546875
0 0.984765625 0.227734375 0.03046875 0.06484375
0 0.97109375 0.357421875 0.051171875 0.090234375
0 0.9671875 0.6640625 0.06328125 0.0671875
0 0.984765625 0.865625 0.03046875 0.06171875