0 0.012890625 0.066015625 0.02578125 0.043359375
0 0.04765625 0.07421875 0.046875 0.050390625
0 0.0203125 0.10625 0.040625 0.04296875
0 0.01171875 0.147265625 0.0234375 0.05546875
0 0.050390625 0.187890625 0.08515625 0.048046875
0 0.003125 0.198828125 0.00625 0.05234375
0 0.096484375 0.166015625 0.0796875 0.064453125
0 0.039453125 0.124609375 0.048046875 0.07734375
0 0.08828125 0.11875 0.0765625 0.067578125
0 0.0953125 0.066796875 0.09453125 0.04375
0 0.105859375 0.0890625 0.0859375 0.033984375
0 0.133203125 0.10703125 0.076953125 0.0453125
0 0.1625 0.078125 0.059765625 0.05546875
0 0.155859375 0.137890625 0.06484375 0.062890625
0 0.200390625 0.080859375 0.0609375 0.059375
0 0.2484375 0.076953125 0.0703125 0.0578125
0 0.234375 0.124609375 0.0515625 0.076953125
0 0.193359375 0.121875 0.048046875 0.082421875
0 0.203515625 0.181640625 0.08359375 0.05703125
0 0.246875 0.208203125 0.0546875 0.07890625
0 0.27578125 0.160546875 0.04609375 0.058203125
0 0.2734375 0.122265625 0.0625 0.05390625
0 0.296875 0.07890625 0.07109375 0.057421875
0 0.324609375 0.121875 0.075 0.055078125
0 0.348828125 0.09140625 0.054296875 0.085546875
0 0.3609375 0.1734375 0.04765625 0.07421875
0 0.315234375 0.166015625 0.06171875 0.055859375
0 0.296875 0.205078125 0.07265625 0.0578125
0 0.3828125 0.2171875 0.056640625 0.068359375
0 0.444140625 0.19296875 0.090234375 0.0625
0 0.401953125 0.1296875 0.083203125 0.0546875
0 0.3828125 0.076171875 0.048046875 0.065625
0 0.428515625 0.091015625 0.060546875 0.072265625
0 0.461328125 0.091796875 0.06953125 0.0859375
0 0.484765625 0.16171875 0.07421875 0.0640625
0 0.448046875 0.26328125 0.068359375 0.07109375
0 0.5625 0.192578125 0.05625 0.07734375
0 0.53984375 0.1296875 0.083984375 0.0609375
0 0.529296875 0.07734375 0.06796875 0.062109375
0 0.574609375 0.084375 0.04921875 0.078515625
0 0.630859375 0.135546875 0.0546875 0.066015625
0 0.701171875 0.123828125 0.0625 0.079296875
0 0.68984375 0.085546875 0.087890625 0.0625
0 0.752734375 0.1140625 0.0578125 0.080078125
0 0.769921875 0.0765625 0.07265625 0.05078125
0 0.794921875 0.11484375 0.046484375 0.0765625
0 0.8375 0.088671875 0.04765625 0.075
0 0.8359375 0.13359375 0.074609375 0.044140625
0 0.869140625 0.094140625 0.0515625 0.066015625
0 0.904296875 0.084765625 0.052734375 0.079296875
0 0.9640625 0.07265625 0.071875 0.0484375
0 0.9359375 0.1203125 0.0546875 0.076171875
0 0.9703125 0.128125 0.055859375 0.090234375
0 0.930859375 0.18125 0.06796875 0.069140625
0 0.890625 0.1390625 0.0703125 0.061328125
0 0.81015625 0.166796875 0.085546875 0.054296875
0 0.868359375 0.191796875 0.069140625 0.083984375
0 0.78828125 0.21953125 0.089453125 0.0578125
0 0.705078125 0.376953125 0.08515625 0.07421875
0 0.6265625 0.298828125 0.059375 0.082421875
0 0.533984375 0.475 0.0546875 0.088671875
0 0.584765625 0.586328125 0.047265625 0.080078125
0 0.6359375 0.669140625 0.087890625 0.05234375
0 0.876171875 0.6765625 0.072265625 0.090625
0 0.98125 0.708984375 0.0375 0.069140625
0 0.664453125 0.7953125 0.065234375 0.0921875
0 0.6234375 0.9046875 0.0765625 0.079296875
0 0.515234375 0.85859375 0.0859375 0.055859375
0 0.31484375 0.40859375 0.09296875 0.122265625
0 0.040234375 0.798046875 0.080078125 0.05390625
0 0.0921875 0.875 0.12734375 0.04140625