0 0.065625 0.621875 0.084765625 0.073046875
0 0.215234375 0.5328125 0.077734375 0.07265625
0 0.375 0.592578125 0.06328125 0.06484375
0 0.209375 0.60546875 0.068359375 0.06875
0 0.09453125 0.74453125 0.058203125 0.065625
0 0.30703125 0.82109375 0.073828125 0.068359375
0 0.432421875 0.825 0.08671875 0.059375
0 0.355859375 0.869140625 0.053515625 0.07734375
0 0.486328125 0.8765625 0.092578125 0.065234375
0 0.740625 0.415625 0.05546875 0.08203125
0 0.706640625 0.46484375 0.066796875 0.05390625
0 0.76953125 0.55546875 0.067578125 0.088671875
0 0.527734375 0.6828125 0.0859375 0.0578125
0 0.545703125 0.7734375 0.084375 0.06875