0 0.786328125 0.1265625 0.075390625 0.07578125
0 0.86328125 0.1109375 0.09375 0.057421875
0 0.962109375 0.119140625 0.07578125 0.053125
0 0.828125 0.184765625 0.062890625 0.06640625
0 0.9671875 0.171484375 0.065625 0.05390625
0 0.91015625 0.200390625 0.08984375 0.061328125
0 0.66796875 0.387890625 0.0765625 0.07578125
0 0.560546875 0.225390625 0.07109375 0.067578125
0 0.6125 0.2640625 0.078515625 0.0484375
0 0.94765625 0.591015625 0.0734375 0.05859375
0 0.958984375 0.633984375 0.069140625 0.05625
0 0.315625 0.35546875 0.07109375 0.05859375
0 0.38515625 0.8453125 0.046875 0.068359375
0 0.28984375 0.86796875 0.062109375 0.05625
0 0.440234375 0.87734375 0.055859375 0.0609375