0 0.928125 0.875390625 0.062890625 0.073046875
0 0.97265625 0.876953125 0.0546875 0.069921875
0 0.962109375 0.83203125 0.065234375 0.0734375
0 0.98359375 0.64140625 0.0328125 0.067578125
0 0.895703125 0.350390625 0.051171875 0.079296875
0 0.866796875 0.301953125 0.05703125 0.079296875
0 0.873046875 0.509375 0.06953125 0.084765625
0 0.7296875 0.17109375 0.06640625 0.08515625
0 0.615625 0.219140625 0.058203125 0.0875
0 0.487109375 0.16953125 0.05625 0.078515625
0 0.425390625 0.143359375 0.049609375 0.086328125
0 0.348828125 0.17109375 0.05625 0.083203125
0 0.036328125 0.17421875 0.07265625 0.07265625
0 0.463671875 0.453125 0.043359375 0.0859375
0 0.600390625 0.4625 0.0484375 0.080859375
0 0.6 0.52578125 0.081640625 0.058984375
0 0.269921875 0.56875 0.066015625 0.063671875
0 0.270703125 0.697265625 0.058984375 0.0546875
0 0.351953125 0.74375 0.066015625 0.0703125
0 0.45234375 0.83125 0.062109375 0.075
0 0.4546875 0.66015625 0.058984375 0.08125
0 0.646484375 0.71484375 0.058203125 0.065625
0 0.722265625 0.68125 0.055078125 0.069140625
0 0.84140625 0.830859375 0.06484375 0.076171875
0 0.564453125 0.82265625 0.0703125 0.05234375
0 0.5109375 0.85 0.046484375 0.063671875