0 0.94453125 0.1203125 0.06484375 0.06640625
0 0.903125 0.107421875 0.062890625 0.07109375
0 0.811328125 0.103125 0.089453125 0.057421875
0 0.875 0.50625 0.067578125 0.053515625
0 0.53828125 0.41875 0.06796875 0.06484375
0 0.476171875 0.25859375 0.049609375 0.085546875
0 0.52578125 0.251953125 0.059765625 0.0734375
0 0.5140625 0.19609375 0.063671875 0.059375
0 0.510546875 0.15078125 0.0828125 0.054296875
0 0.523046875 0.110546875 0.050390625 0.0578125
0 0.4671875 0.10546875 0.0640625 0.05390625
0 0.28671875 0.190625 0.075 0.058203125
0 0.280078125 0.121484375 0.055078125 0.074609375
0 0.162109375 0.122265625 0.083203125 0.04921875
0 0.128515625 0.14609375 0.064453125 0.055078125
0 0.0984375 0.1015625 0.060546875 0.0546875
0 0.150390625 0.0875 0.07265625 0.044140625
0 0.024609375 0.109375 0.04921875 0.073828125
0 0.0390625 0.23515625 0.058984375 0.076171875
0 0.1140625 0.22890625 0.05859375 0.075
0 0.02109375 0.294140625 0.0421875 0.07421875
0 0.1 0.341015625 0.0671875 0.070703125
0 0.166015625 0.358203125 0.070703125 0.060546875
0 0.163671875 0.329296875 0.062109375 0.05703125
0 0.144921875 0.393359375 0.062890625 0.057421875
0 0.1546875 0.440234375 0.05078125 0.062109375
0 0.016796875 0.636328125 0.03359375 0.07265625
0 0.89921875 0.79921875 0.06328125 0.088671875
0 0.663671875 0.755859375 0.071875 0.06796875
0 0.665625 0.8609375 0.065625 0.085546875
0 0.70859375 0.959765625 0.059375 0.08046875
0 0.181640625 0.842578125 0.0625 0.071484375
0 0.13828125 0.850390625 0.048828125 0.069921875
0 0.1484375 0.890625 0.076171875 0.055859375
0 0.1109375 0.86796875 0.042578125 0.067578125
0 0.07109375 0.84765625 0.048046875 0.08125
0 0.063671875 0.893359375 0.0828125 0.051953125
0 0.035546875 0.851171875 0.05234375 0.084375