0 0.561328125 0.812109375 0.05703125 0.081640625
0 0.67734375 0.880859375 0.055859375 0.0625
0 0.703515625 0.84921875 0.04453125 0.068359375
0 0.71015625 0.7765625 0.0578125 0.047265625
0 0.761328125 0.763671875 0.0546875 0.0734375
0 0.7390625 0.82421875 0.0546875 0.0796875
0 0.73671875 0.8734375 0.052734375 0.07265625
0 0.778125 0.871484375 0.055859375 0.0765625
0 0.790625 0.8046875 0.0546875 0.078515625
0 0.834375 0.831640625 0.048828125 0.0796875
0 0.8703125 0.769921875 0.0640625 0.05625
0 0.87734375 0.8453125 0.049609375 0.0765625
0 0.914453125 0.7984375 0.066796875 0.058203125
0 0.9296875 0.83203125 0.058984375 0.050390625
0 0.952734375 0.864453125 0.05390625 0.068359375
0 0.94140625 0.703515625 0.0640625 0.061328125
0 0.98671875 0.793359375 0.0265625 0.060546875