0 0.848046875 0.614453125 0.084765625 0.0671875
0 0.9578125 0.624609375 0.084375 0.07421875
0 0.975390625 0.678125 0.04921875 0.0578125
0 0.753125 0.63515625 0.066796875 0.05546875
0 0.785546875 0.667578125 0.078125 0.05703125
0 0.8375 0.66796875 0.0671875 0.06328125
0 0.79375 0.7109375 0.048828125 0.064453125
0 0.834765625 0.725390625 0.05703125 0.0734375
0 0.74765625 0.71796875 0.06015625 0.0828125
0 0.812109375 0.7671875 0.059765625 0.079296875
0 0.7734375 0.789453125 0.053125 0.087109375
0 0.85390625 0.810546875 0.064453125 0.08671875
0 0.6515625 0.820703125 0.0625 0.083984375
0 0.5984375 0.849609375 0.062109375 0.066015625
0 0.56328125 0.866796875 0.052734375 0.060546875
0 0.5484375 0.80859375 0.051171875 0.07578125
0 0.5140625 0.829296875 0.043359375 0.069140625
0 0.49375 0.76484375 0.051953125 0.072265625
0 0.465234375 0.825 0.065625 0.062109375
0 0.44375 0.795703125 0.065234375 0.066015625
0 0.458203125 0.7390625 0.0546875 0.06015625
0 0.4265625 0.718359375 0.048828125 0.06015625
0 0.332421875 0.6609375 0.0609375 0.073046875
0 0.4015625 0.789453125 0.07265625 0.063671875
0 0.386328125 0.748046875 0.063671875 0.062890625
0 0.355859375 0.723828125 0.063671875 0.05234375
0 0.28671875 0.84609375 0.05703125 0.07265625
0 0.3109375 0.68984375 0.048828125 0.044921875
0 0.319140625 0.760546875 0.07109375 0.05859375
0 0.30078125 0.791796875 0.06796875 0.05390625
0 0.2578125 0.694140625 0.078515625 0.065234375
0 0.28125 0.731640625 0.062109375 0.047265625
0 0.2375 0.80625 0.065625 0.061328125
0 0.237109375 0.71015625 0.030859375 0.009375
0 0.095703125 0.612109375 0.059375 0.065234375
0 0.165234375 0.609375 0.0578125 0.07109375
0 0.2109375 0.7015625 0.073828125 0.0546875
0 0.1765625 0.673046875 0.066796875 0.051953125
0 0.085546875 0.726953125 0.0640625 0.073046875
0 0.1453125 0.773046875 0.077734375 0.05
0 0.24765625 0.743359375 0.05625 0.06328125
0 0.0953125 0.6625 0.062109375 0.056640625
0 0.11875 0.6765625 0.051171875 0.05390625
0 0.0296875 0.65703125 0.059375 0.05703125
0 0.009765625 0.716796875 0.01953125 0.06015625
0 0.0390625 0.703515625 0.058203125 0.048828125
0 0.019921875 0.793359375 0.039453125 0.04375
0 0.045703125 0.78125 0.070703125 0.083203125
0 0.14140625 0.823046875 0.083203125 0.08515625