0 0.22265625 0.301953125 0.055078125 0.063671875
0 0.253515625 0.36015625 0.071875 0.052734375
0 0.119140625 0.63203125 0.06171875 0.0859375
0 0.18671875 0.674609375 0.06328125 0.084375
0 0.005859375 0.743359375 0.01171875 0.06484375
0 0.065234375 0.802734375 0.069140625 0.058984375
0 0.09296875 0.86484375 0.08125 0.066796875
0 0.2140625 0.801171875 0.069140625 0.06953125
0 0.351171875 0.885546875 0.06015625 0.055859375
0 0.3984375 0.891015625 0.0609375 0.044921875
0 0.373828125 0.850390625 0.060546875 0.063671875
0 0.428125 0.84921875 0.0671875 0.055078125