0 0.360546875 0.1171875 0.0609375 0.049609375
0 0.305859375 0.120703125 0.04921875 0.06953125
0 0.140625 0.207421875 0.0515625 0.06640625
0 0.209375 0.243359375 0.074609375 0.058984375
0 0.3734375 0.325 0.065625 0.06171875
0 0.4453125 0.321484375 0.075 0.055859375
0 0.4828125 0.419140625 0.07109375 0.058984375
0 0.61171875 0.692578125 0.04921875 0.0828125
0 0.45078125 0.725 0.069140625 0.06015625
0 0.23515625 0.7546875 0.062890625 0.060546875
0 0.172265625 0.68125 0.05390625 0.06015625
0 0.130859375 0.606640625 0.07578125 0.044140625
0 0.130859375 0.533203125 0.06796875 0.040625
0 0.0359375 0.431640625 0.071875 0.09453125
0 0.994140625 0.869140625 0.01171875 0.03984375
0 0.820703125 0.8890625 0.05625 0.074609375
0 0.6890625 0.88515625 0.06171875 0.068359375
0 0.6921875 0.829296875 0.07421875 0.061328125
0 0.480078125 0.828125 0.05390625 0.051171875
0 0.415234375 0.8765625 0.07265625 0.049609375
0 0.1515625 0.869140625 0.05234375 0.069140625
0 0.198828125 0.882421875 0.0796875 0.061328125
0 0.24375 0.8875 0.07578125 0.051171875