0 0.898046875 0.858984375 0.07421875 0.068359375
0 0.79453125 0.849609375 0.059375 0.087890625
0 0.73359375 0.884375 0.06171875 0.0875
0 0.648046875 0.889453125 0.055078125 0.06328125
0 0.60859375 0.88984375 0.06015625 0.07421875
0 0.581640625 0.88359375 0.05078125 0.07421875
0 0.54609375 0.88203125 0.04921875 0.07734375
0 0.51328125 0.871875 0.06640625 0.090234375
0 0.47890625 0.878515625 0.041796875 0.08359375
0 0.439453125 0.837890625 0.073828125 0.05859375
0 0.44921875 0.887109375 0.0546875 0.075390625
0 0.291015625 0.825 0.05859375 0.08046875
0 0.309765625 0.87109375 0.049609375 0.06796875
0 0.35078125 0.88046875 0.055859375 0.057421875
0 0.396484375 0.83984375 0.053515625 0.071484375
0 0.397265625 0.8859375 0.062109375 0.05234375
0 0.049609375 0.872265625 0.070703125 0.0703125
0 0.01640625 0.8578125 0.0328125 0.080078125
0 0.078125 0.801953125 0.0703125 0.07734375
0 0.033203125 0.674609375 0.06640625 0.07578125
0 0.09921875 0.584765625 0.067578125 0.072265625
0 0.2421875 0.5375 0.069140625 0.0640625
0 0.415625 0.531640625 0.062890625 0.058984375
0 0.06015625 0.5078125 0.0828125 0.0546875
0 0.475 0.491015625 0.069921875 0.06015625
0 0.46484375 0.3234375 0.04609375 0.0828125
0 0.415234375 0.26171875 0.092578125 0.066796875
0 0.290625 0.334375 0.0828125 0.050390625
0 0.9046875 0.545703125 0.069921875 0.088671875
0 0.650390625 0.606640625 0.05859375 0.081640625
0 0.69140625 0.712109375 0.067578125 0.0671875
0 0.759375 0.74140625 0.087890625 0.082421875
0 0.975390625 0.29609375 0.04921875 0.05625
0 0.941015625 0.129296875 0.061328125 0.08828125
0 0.843359375 0.105078125 0.09375 0.07734375
0 0.875390625 0.141796875 0.10078125 0.06953125
0 0.68203125 0.119921875 0.08046875 0.0625
0 0.58125 0.128515625 0.06171875 0.08671875
0 0.21484375 0.09921875 0.06484375 0.075
0 0.288671875 0.11328125 0.07109375 0.062109375
0 0.31328125 0.09453125 0.058203125 0.055078125
0 0.25703125 0.151953125 0.058984375 0.07890625
0 0.15625 0.757421875 0.071484375 0.08203125
0 0.321484375 0.703515625 0.065625 0.069140625
0 0.26328125 0.691015625 0.06015625 0.068359375
0 0.109765625 0.88515625 0.07265625 0.058984375
0 0.116796875 0.837890625 0.0796875 0.058203125
0 0.15 0.8671875 0.071875 0.06328125