0 0.019921875 0.07109375 0.03984375 0.0609375
0 0.02890625 0.127734375 0.0578125 0.081640625
0 0.044140625 0.09375 0.071484375 0.070703125
0 0.076953125 0.07265625 0.07265625 0.054296875
0 0.08359375 0.151953125 0.063671875 0.06953125
0 0.110546875 0.09765625 0.093359375 0.053515625
0 0.1265625 0.145703125 0.076171875 0.08203125
0 0.162890625 0.0828125 0.041796875 0.071484375
0 0.196484375 0.08125 0.050390625 0.066796875
0 0.16953125 0.143359375 0.06796875 0.08359375
0 0.2046875 0.134375 0.053515625 0.07578125
0 0.214453125 0.24765625 0.08515625 0.10390625
0 0.280078125 0.198046875 0.097265625 0.102734375
0 0.24140625 0.127734375 0.04765625 0.080078125
0 0.278515625 0.129296875 0.04453125 0.072265625
0 0.240234375 0.076171875 0.061328125 0.056640625
0 0.282421875 0.083984375 0.046484375 0.072265625
0 0.324609375 0.105859375 0.058984375 0.08671875
0 0.37109375 0.1390625 0.071484375 0.07421875
0 0.412890625 0.129296875 0.060546875 0.075390625
0 0.369921875 0.0828125 0.05703125 0.063671875
0 0.417578125 0.0796875 0.0625 0.06796875
0 0.463671875 0.09140625 0.052734375 0.090234375
0 0.5109375 0.0953125 0.0484375 0.073046875
0 0.498046875 0.15625 0.062890625 0.090625
0 0.60703125 0.2421875 0.058203125 0.0953125
0 0.738671875 0.477734375 0.1 0.08984375
0 0.55703125 0.142578125 0.0515625 0.069140625
0 0.645703125 0.170703125 0.068359375 0.062109375
0 0.69609375 0.169140625 0.0875 0.060546875
0 0.683203125 0.13046875 0.07578125 0.05546875
0 0.628125 0.065234375 0.065625 0.042578125
0 0.678125 0.080078125 0.05625 0.06484375
0 0.65 0.112890625 0.04375 0.057421875
0 0.60859375 0.142578125 0.058203125 0.067578125
0 0.605859375 0.0828125 0.064453125 0.063671875
0 0.56171875 0.075 0.053125 0.0671875
0 0.581640625 0.109375 0.040234375 0.054296875
0 0.987109375 0.19609375 0.02578125 0.05859375
0 0.971875 0.163671875 0.055859375 0.05625
0 0.98125 0.11171875 0.0375 0.04921875
0 0.968359375 0.08984375 0.05625 0.065234375
0 0.9390625 0.133984375 0.079296875 0.05234375
0 0.9046875 0.185546875 0.08984375 0.0765625
0 0.901171875 0.105078125 0.036328125 0.0640625
0 0.934765625 0.074609375 0.05546875 0.067578125
0 0.88828125 0.074609375 0.05 0.066015625
0 0.83984375 0.073046875 0.05859375 0.05078125
0 0.740625 0.089453125 0.085546875 0.07265625
0 0.844921875 0.105859375 0.071484375 0.044921875
0 0.85859375 0.152734375 0.08125 0.06640625
0 0.80625 0.133984375 0.05625 0.10546875
0 0.76328125 0.13125 0.08125 0.0671875
0 0.80703125 0.598828125 0.074609375 0.080859375
0 0.90859375 0.72109375 0.08828125 0.072265625
0 0.919140625 0.871484375 0.078125 0.05546875
0 0.63828125 0.870703125 0.0859375 0.069140625
0 0.5515625 0.758203125 0.057421875 0.087890625
0 0.747265625 0.687890625 0.0859375 0.058984375
0 0.04609375 0.883203125 0.06171875 0.034375
0 0.105078125 0.85 0.08359375 0.089453125
0 0.025390625 0.678125 0.05078125 0.0625