0 0.01640625 0.137109375 0.032421875 0.069140625
0 0.448046875 0.1515625 0.052734375 0.08203125
0 0.190625 0.65390625 0.0828125 0.062109375
0 0.1609375 0.831640625 0.076953125 0.07265625
0 0.338671875 0.75703125 0.071484375 0.07265625
0 0.421875 0.77109375 0.046875 0.08125
0 0.2234375 0.735546875 0.080859375 0.05859375
0 0.25390625 0.798828125 0.06796875 0.07265625
0 0.243359375 0.884375 0.0625 0.069921875
0 0.545703125 0.768359375 0.052734375 0.07421875
0 0.479296875 0.79453125 0.0609375 0.06953125
0 0.57265625 0.83671875 0.0828125 0.063671875
0 0.963671875 0.86875 0.07265625 0.074609375
0 0.93203125 0.765625 0.08359375 0.05390625
0 0.728125 0.768359375 0.058203125 0.08515625
0 0.74765625 0.846875 0.09140625 0.05703125
0 0.773046875 0.67578125 0.063671875 0.07421875
0 0.03828125 0.749609375 0.0765625 0.07890625
0 0.03984375 0.8390625 0.0796875 0.06640625
0 0.857421875 0.85390625 0.097265625 0.069140625