0 0.065625 0.06484375 0.05625 0.0515625
0 0.133203125 0.071875 0.05703125 0.0546875
0 0.22265625 0.090234375 0.0453125 0.06015625
0 0.27109375 0.077734375 0.0375 0.07109375
0 0.303125 0.09296875 0.0375 0.065625
0 0.337109375 0.111328125 0.04765625 0.03984375
0 0.5390625 0.184375 0.04375 0.065625
0 0.97890625 0.20390625 0.0421875 0.0578125
0 0.75625 0.407421875 0.0625 0.03671875
0 0.36953125 0.429296875 0.046875 0.04140625
0 0.261328125 0.86640625 0.06015625 0.046875
0 0.24921875 0.890625 0.05 0.0390625
0 0.2203125 0.905078125 0.0578125 0.03828125
0 0.75234375 0.9015625 0.0515625 0.0765625
0 0.805859375 0.80390625 0.05546875 0.040625