0 0.02734375 0.101953125 0.054296875 0.07578125
0 0.316796875 0.194140625 0.0546875 0.075
0 0.375 0.169140625 0.05390625 0.07578125
0 0.415625 0.221484375 0.064453125 0.090625
0 0.400390625 0.383203125 0.076171875 0.059375
0 0.176171875 0.58125 0.08359375 0.089453125
0 0.189453125 0.701171875 0.0578125 0.08359375
0 0.12890625 0.701953125 0.0890625 0.0671875
0 0.070703125 0.7296875 0.053515625 0.052734375
0 0.037890625 0.7234375 0.0578125 0.080859375
0 0.42890625 0.83671875 0.09140625 0.078515625
0 0.53984375 0.875390625 0.093359375 0.073828125
0 0.834375 0.769921875 0.07578125 0.070703125
0 0.790625 0.846484375 0.064453125 0.094140625
0 0.69296875 0.88828125 0.073828125 0.07109375
0 0.963671875 0.8703125 0.07265625 0.081640625
0 0.945703125 0.7953125 0.060546875 0.085546875
0 0.8921875 0.77890625 0.05546875 0.071484375
0 0.0515625 0.867578125 0.06953125 0.040625
0 0.482421875 0.77265625 0.076171875 0.059375
0 0.559375 0.234375 0.085546875 0.089453125
0 0.526953125 0.2765625 0.059765625 0.094140625