0 0.965234375 0.790625 0.06953125 0.06953125
0 0.898828125 0.77890625 0.06328125 0.092578125
0 0.78515625 0.77734375 0.0828125 0.062890625
0 0.80078125 0.875 0.071875 0.074609375
0 0.82265625 0.809375 0.0875 0.06484375
0 0.889453125 0.8984375 0.04453125 0.076953125
0 0.921484375 0.90078125 0.034765625 0.0625
0 0.953125 0.914453125 0.04921875 0.04609375
0 0.935546875 0.841015625 0.075 0.06640625
0 0.952734375 0.87421875 0.045703125 0.051171875
0 0.983984375 0.881640625 0.03203125 0.08046875
0 0.493359375 0.769921875 0.06484375 0.058984375
0 0.55234375 0.846875 0.055078125 0.08203125
0 0.6140625 0.82421875 0.06796875 0.087109375
0 0.69765625 0.871875 0.056640625 0.096875
0 0.63828125 0.879296875 0.077734375 0.0765625
0 0.558203125 0.90234375 0.05078125 0.048046875
0 0.63125 0.91640625 0.064453125 0.0203125
0 0.4859375 0.895703125 0.06953125 0.05546875
0 0.433203125 0.901171875 0.04140625 0.04765625
0 0.385546875 0.87578125 0.062109375 0.062109375
0 0.3390625 0.8484375 0.065234375 0.078515625
0 0.27578125 0.88359375 0.047265625 0.071875
0 0.236328125 0.889453125 0.04453125 0.058203125
0 0.183984375 0.887109375 0.056640625 0.0546875
0 0.1484375 0.88515625 0.04140625 0.0453125
0 0.16796875 0.798828125 0.069921875 0.08359375
0 0.23515625 0.80390625 0.094140625 0.06796875
0 0.116015625 0.883984375 0.042578125 0.0359375
0 0.125390625 0.85625 0.079296875 0.0484375
0 0.112109375 0.815234375 0.051953125 0.053125
0 0.10703125 0.7734375 0.05 0.05546875
0 0.101953125 0.6515625 0.080078125 0.058203125
0 0.10234375 0.7078125 0.053515625 0.0765625
0 0.305078125 0.56484375 0.11875 0.060546875
0 0.46796875 0.580078125 0.058984375 0.080859375
0 0.52578125 0.676171875 0.08671875 0.066796875
0 0.7359375 0.659765625 0.05625 0.083203125
0 0.573828125 0.733984375 0.09375 0.060546875
0 0.20625 0.69921875 0.098828125 0.0546875
0 0.13828125 0.7328125 0.059375 0.051171875
0 0.264453125 0.716796875 0.113671875 0.060546875
0 0.28671875 0.75234375 0.07578125 0.0625
0 0.20078125 0.59921875 0.089453125 0.06015625
0 0.1859375 0.64453125 0.119140625 0.058203125
0 0.2859375 0.616796875 0.096484375 0.058203125
0 0.07578125 0.572265625 0.075 0.0640625
0 0.084375 0.52265625 0.100390625 0.0453125
0 0.06171875 0.52421875 0.04296875 0.07265625
0 0.104296875 0.48828125 0.105078125 0.052734375
0 0.426171875 0.49765625 0.0875 0.0484375
0 0.611328125 0.53984375 0.08671875 0.075390625
0 0.226953125 0.3609375 0.059765625 0.07578125
0 0.278515625 0.358203125 0.06953125 0.071875
0 0.19609375 0.451953125 0.100390625 0.0546875
0 0.608984375 0.04609375 0.05234375 0.081640625
0 0.65390625 0.069921875 0.07109375 0.078515625
0 0.749609375 0.111328125 0.090625 0.049609375
0 0.722265625 0.083984375 0.050390625 0.061328125
0 0.751171875 0.062890625 0.047265625 0.06796875
0 0.82265625 0.052734375 0.06171875 0.105078125
0 0.7296875 0.206640625 0.07109375 0.080859375
0 0.334375 0.223828125 0.06171875 0.07578125
0 0.434375 0.06875 0.049609375 0.06484375
0 0.589453125 0.15625 0.054296875 0.0625
0 0.63984375 0.1515625 0.0890625 0.061328125
0 0.61328125 0.0890625 0.074609375 0.07578125
0 0.558984375 0.08125 0.055859375 0.079296875
0 0.5 0.092578125 0.080859375 0.10859375
0 0.51875 0.055859375 0.057421875 0.043359375
0 0.478515625 0.298828125 0.083984375 0.0703125
0 0.516796875 0.36953125 0.07265625 0.05234375
0 0.4734375 0.34453125 0.075390625 0.048828125
0 0.54921875 0.387109375 0.0953125 0.066796875
0 0.538671875 0.43125 0.08125 0.05703125
0 0.701171875 0.36015625 0.066015625 0.0640625
0 0.8171875 0.325 0.09609375 0.06171875
0 0.756640625 0.3984375 0.091015625 0.059375
0 0.54296875 0.51796875 0.0546875 0.067578125
0 0.56796875 0.48359375 0.1015625 0.05234375
0 0.248046875 0.483203125 0.07109375 0.060546875
0 0.1578125 0.432421875 0.088671875 0.0703125
0 0.09453125 0.437890625 0.062109375 0.06875
0 0.4078125 0.089453125 0.048828125 0.07265625
0 0.39453125 0.055078125 0.043359375 0.051171875
0 0.27109375 0.1765625 0.06171875 0.071484375
0 0.321484375 0.18515625 0.059375 0.041796875
0 0.3703125 0.07265625 0.03828125 0.05703125
0 0.2953125 0.065234375 0.04609375 0.050390625
0 0.33671875 0.06640625 0.041015625 0.0609375
0 0.231640625 0.092578125 0.04609375 0.071484375
0 0.24375 0.056640625 0.065234375 0.04609375
0 0.265625 0.1 0.048046875 0.055078125
0 0.2828125 0.134375 0.04375 0.05234375
0 0.302734375 0.098828125 0.0359375 0.034375
0 0.313671875 0.14140625 0.048046875 0.062890625
0 0.335546875 0.12109375 0.03671875 0.0625
0 0.3703125 0.119921875 0.044140625 0.04609375
0 0.400390625 0.14296875 0.05234375 0.066015625
0 0.36328125 0.154296875 0.051171875 0.03203125
0 0.380078125 0.1953125 0.084375 0.05703125
0 0.243359375 0.135546875 0.04375 0.051171875
0 0.160546875 0.38515625 0.059765625 0.05703125
0 0.10859375 0.38671875 0.0515625 0.0453125
0 0.06484375 0.41015625 0.06015625 0.05078125
0 0.16640625 0.328515625 0.080078125 0.048046875
0 0.188671875 0.299609375 0.065625 0.04765625
0 0.2 0.252734375 0.0671875 0.041015625
0 0.21953125 0.22421875 0.080859375 0.064453125
0 0.221875 0.178125 0.0765625 0.054296875
0 0.09453125 0.101953125 0.03359375 0.04453125
0 0.126953125 0.0921875 0.038671875 0.054296875
0 0.15078125 0.06875 0.026171875 0.03828125
0 0.18359375 0.066796875 0.0421875 0.040625
0 0.204296875 0.07421875 0.0421875 0.047265625
0 0.114453125 0.321875 0.0375 0.053515625
0 0.08984375 0.347265625 0.083203125 0.041015625
0 0.06953125 0.375390625 0.053515625 0.039453125
0 0.140234375 0.29140625 0.040625 0.03984375
0 0.067578125 0.308203125 0.05703125 0.04296875
0 0.0703125 0.26640625 0.033984375 0.055859375
0 0.0984375 0.272265625 0.040625 0.04765625
0 0.08359375 0.167578125 0.032421875 0.05234375
0 0.106640625 0.13359375 0.053125 0.03203125
0 0.113671875 0.159375 0.040234375 0.03828125
0 0.083984375 0.2125 0.05390625 0.029296875
0 0.08359375 0.190234375 0.02890625 0.03125
0 0.076953125 0.236328125 0.02734375 0.033984375
0 0.165625 0.105078125 0.0734375 0.039453125
0 0.19609375 0.129296875 0.055859375 0.044921875
0 0.13984375 0.126953125 0.050390625 0.030078125
0 0.154296875 0.1578125 0.0390625 0.033984375
0 0.104296875 0.24609375 0.03359375 0.035546875
0 0.13203125 0.25390625 0.034375 0.04765625
0 0.15859375 0.246484375 0.030078125 0.048828125
0 0.16953125 0.200390625 0.04140625 0.06171875
0 0.112109375 0.187109375 0.032421875 0.021484375
0 0.125390625 0.20859375 0.031640625 0.03828125
0 0.144921875 0.1921875 0.0328125 0.048828125
0 0.96328125 0.6703125 0.0734375 0.065625
0 0.962109375 0.71875 0.07578125 0.0484375
0 0.86796875 0.6609375 0.069140625 0.073046875
0 0.906640625 0.52421875 0.0671875 0.06953125
0 0.8640625 0.5484375 0.0875 0.04609375
0 0.8546875 0.59375 0.079296875 0.04375
0 0.86171875 0.410546875 0.0734375 0.071875
0 0.835546875 0.486328125 0.060546875 0.065234375
0 0.921875 0.046484375 0.04921875 0.0921875
0 0.87734375 0.066015625 0.04609375 0.109375
0 0.980859375 0.069140625 0.037890625 0.054296875
0 0.98671875 0.110546875 0.0265625 0.06015625
0 0.94375 0.14921875 0.067578125 0.05234375
0 0.98203125 0.162109375 0.0359375 0.05390625
0 0.876953125 0.14296875 0.0484375 0.075390625
0 0.91171875 0.183203125 0.053125 0.074609375
0 0.955859375 0.19296875 0.0703125 0.05390625
0 0.881640625 0.237890625 0.0640625 0.082421875
0 0.959375 0.24375 0.08125 0.06015625
0 0.583984375 0.192578125 0.0828125 0.05546875
0 0.626953125 0.222265625 0.0796875 0.054296875
0 0.765625 0.15234375 0.06328125 0.060546875
0 0.84375 0.27734375 0.060546875 0.060546875
0 0.441796875 0.1390625 0.054296875 0.07734375
0 0.314453125 0.894921875 0.056640625 0.06484375