0 0.1015625 0.726171875 0.055078125 0.060546875
0 0.073828125 0.881640625 0.089453125 0.06796875
0 0.026171875 0.975390625 0.051953125 0.048046875
0 0.06953125 0.96015625 0.051171875 0.066796875
0 0.2609375 0.953515625 0.0578125 0.06875
0 0.323046875 0.94921875 0.03984375 0.063671875
0 0.699609375 0.9546875 0.038671875 0.06640625
0 0.729296875 0.954296875 0.038671875 0.067578125
0 0.76171875 0.956640625 0.04609375 0.06953125
0 0.5578125 0.784765625 0.0640625 0.056640625
0 0.61953125 0.86875 0.04296875 0.062890625
0 0.43125 0.8515625 0.049609375 0.051171875
0 0.496484375 0.861328125 0.040625 0.0703125
0 0.585546875 0.866796875 0.040625 0.06640625
0 0.5671875 0.8765625 0.03671875 0.0578125
0 0.5453125 0.884765625 0.05 0.055078125
0 0.510546875 0.884765625 0.03828125 0.0578125
0 0.425 0.894140625 0.05859375 0.05
0 0.45546875 0.8640625 0.039453125 0.062109375
0 0.469140625 0.891015625 0.0390625 0.042578125
0 0.844140625 0.85078125 0.080078125 0.063671875