0 0.988671875 0.894140625 0.02265625 0.03828125
0 0.96015625 0.89375 0.049609375 0.0328125
0 0.982421875 0.74296875 0.03515625 0.048046875
0 0.986328125 0.787890625 0.02734375 0.04296875
0 0.974609375 0.817578125 0.05078125 0.04375
0 0.9375 0.824609375 0.0390625 0.044140625
0 0.91171875 0.841015625 0.046484375 0.052734375
0 0.903515625 0.881640625 0.063671875 0.052734375
0 0.93359375 0.862890625 0.048046875 0.033203125
0 0.9421875 0.875390625 0.037890625 0.020703125
0 0.973046875 0.8546875 0.045703125 0.047265625
0 0.9953125 0.85390625 0.008984375 0.0453125
0 0.79921875 0.79765625 0.04765625 0.07421875
0 0.74765625 0.779296875 0.047265625 0.07421875
0 0.67421875 0.803125 0.060546875 0.069921875
0 0.535546875 0.906640625 0.052734375 0.037109375
0 0.356640625 0.903125 0.065625 0.039453125
0 0.441015625 0.744140625 0.08203125 0.05703125
0 0.378515625 0.7234375 0.06015625 0.078125
0 0.33359375 0.730859375 0.05 0.07109375
0 0.2921875 0.823046875 0.078125 0.05
0 0.21875 0.873828125 0.07734375 0.046875
0 0.176953125 0.874609375 0.052734375 0.039453125
0 0.231640625 0.835546875 0.06171875 0.060546875
0 0.19765625 0.832421875 0.04609375 0.053515625
0 0.165625 0.84296875 0.040625 0.046875
0 0.166796875 0.81640625 0.04765625 0.02890625
0 0.28515625 0.781640625 0.0625 0.0421875
0 0.237109375 0.78671875 0.056640625 0.0515625
0 0.201171875 0.790234375 0.03671875 0.03984375
0 0.161328125 0.785546875 0.053515625 0.035546875
0 0.31640625 0.6390625 0.059765625 0.053125
0 0.28828125 0.666796875 0.076171875 0.056640625
0 0.2671875 0.687109375 0.0625 0.04609375
0 0.284765625 0.72734375 0.05703125 0.057421875
0 0.237109375 0.74296875 0.08359375 0.03515625
0 0.23984375 0.703125 0.045703125 0.052734375
0 0.161328125 0.756640625 0.05390625 0.0375
0 0.20234375 0.757421875 0.04453125 0.0390625
0 0.1640625 0.730078125 0.0609375 0.03125
0 0.20703125 0.715234375 0.046484375 0.039453125
0 0.156640625 0.701171875 0.05546875 0.035546875
0 0.183203125 0.7015625 0.04765625 0.033203125
0 0.211328125 0.6734375 0.06328125 0.046875
0 0.153125 0.665234375 0.05859375 0.048046875
0 0.156640625 0.640234375 0.05625 0.035546875
0 0.187890625 0.629296875 0.057421875 0.044921875
0 0.1625 0.60078125 0.0671875 0.036328125
0 0.1453125 0.569921875 0.07421875 0.041796875
0 0.157421875 0.54609375 0.079296875 0.04375
0 0.22578125 0.541015625 0.061328125 0.044921875
0 0.228515625 0.592578125 0.049609375 0.0640625
0 0.262890625 0.573828125 0.052734375 0.057421875
0 0.307421875 0.57421875 0.06328125 0.05
0 0.325 0.537890625 0.060546875 0.055859375
0 0.484765625 0.57578125 0.06875 0.048828125
0 0.457421875 0.52890625 0.0640625 0.043359375
0 0.477734375 0.47109375 0.0734375 0.049609375
0 0.541015625 0.4203125 0.052734375 0.058203125
0 0.63359375 0.603125 0.066015625 0.08515625
0 0.7265625 0.51953125 0.075 0.059375
0 0.624609375 0.496875 0.06171875 0.076953125
0 0.61484375 0.426171875 0.055859375 0.0671875
0 0.7546875 0.429296875 0.065234375 0.072265625
0 0.61875 0.354296875 0.0546875 0.077734375
0 0.46328125 0.364453125 0.07578125 0.04765625
0 0.372265625 0.446484375 0.073828125 0.050390625
0 0.31953125 0.454296875 0.058984375 0.04921875
0 0.284375 0.46015625 0.05703125 0.054296875
0 0.266015625 0.497265625 0.071875 0.0546875
0 0.228125 0.48515625 0.04453125 0.06484375
0 0.190625 0.49375 0.058203125 0.041015625
0 0.148828125 0.50625 0.067578125 0.044140625
0 0.15859375 0.48046875 0.041796875 0.033203125
0 0.1859375 0.4578125 0.078515625 0.03828125
0 0.140234375 0.4546875 0.040234375 0.04296875
0 0.150390625 0.42265625 0.05703125 0.0453125
0 0.344140625 0.400390625 0.05078125 0.0640625
0 0.308984375 0.421484375 0.058984375 0.05
0 0.2703125 0.426953125 0.04609375 0.06484375
0 0.247265625 0.41640625 0.051171875 0.0734375
0 0.19765625 0.431640625 0.066796875 0.0453125
0 0.2078125 0.402734375 0.06484375 0.04375
0 0.14921875 0.38046875 0.059375 0.046484375
0 0.19140625 0.380078125 0.06015625 0.044921875
0 0.220703125 0.37109375 0.06875 0.045703125
0 0.24609375 0.348828125 0.060546875 0.056640625
0 0.290234375 0.37890625 0.060546875 0.05234375
0 0.321484375 0.34609375 0.05703125 0.0609375
0 0.279296875 0.330078125 0.05859375 0.053125
0 0.3765625 0.369140625 0.076171875 0.04375
0 0.416796875 0.339453125 0.0484375 0.05390625
0 0.37265625 0.3375 0.05078125 0.0375
0 0.369140625 0.305078125 0.072265625 0.040234375
0 0.40703125 0.294140625 0.05546875 0.052734375
0 0.9953125 0.587109375 0.009375 0.042578125
0 0.92578125 0.415234375 0.06171875 0.05703125
0 0.92890625 0.301171875 0.06015625 0.054296875
0 0.995703125 0.3046875 0.00859375 0.0515625
0 0.8890625 0.253515625 0.046484375 0.071875
0 0.922265625 0.216015625 0.048046875 0.0765625
0 0.966796875 0.203125 0.062109375 0.05625
0 0.969140625 0.174609375 0.06171875 0.04453125
0 0.98046875 0.1203125 0.0390625 0.06875
0 0.994140625 0.09140625 0.01171875 0.0390625
0 0.990625 0.144140625 0.01875 0.05390625
0 0.155859375 0.108984375 0.034765625 0.0359375
0 0.205859375 0.114453125 0.066796875 0.046875
0 0.218359375 0.09375 0.069921875 0.045703125
0 0.1859375 0.133203125 0.055078125 0.0390625
0 0.16484375 0.182421875 0.058203125 0.04375
0 0.159765625 0.151171875 0.055078125 0.038671875
0 0.15546875 0.203125 0.05703125 0.03984375
0 0.149609375 0.3421875 0.0453125 0.041015625
0 0.176953125 0.34296875 0.041796875 0.034375
0 0.216015625 0.3328125 0.071875 0.0359375
0 0.312890625 0.29296875 0.0484375 0.034375
0 0.2578125 0.2953125 0.060546875 0.04140625
0 0.227734375 0.291796875 0.053515625 0.0484375
0 0.19453125 0.308984375 0.0515625 0.03671875
0 0.147265625 0.306640625 0.0421875 0.035546875
0 0.15 0.234765625 0.0578125 0.03046875
0 0.14140625 0.27109375 0.0375 0.041796875
0 0.177734375 0.2703125 0.04765625 0.04296875
0 0.20390625 0.275 0.034375 0.037890625
0 0.197265625 0.233984375 0.051171875 0.043359375
0 0.205078125 0.19609375 0.048828125 0.0375
0 0.234765625 0.244140625 0.046875 0.0515625
0 0.208984375 0.15703125 0.05 0.048046875
0 0.22734375 0.194921875 0.0453125 0.039453125
0 0.25546875 0.21875 0.050390625 0.0515625
0 0.2546875 0.262109375 0.04140625 0.0390625
0 0.29140625 0.273046875 0.040234375 0.030078125
0 0.340234375 0.2703125 0.039453125 0.03828125
0 0.2875 0.243359375 0.041015625 0.03671875
0 0.3140625 0.25625 0.04375 0.041015625
0 0.232421875 0.158203125 0.041015625 0.040234375
0 0.27265625 0.194140625 0.057421875 0.041796875
0 0.301953125 0.216796875 0.049609375 0.03828125
0 0.35 0.21171875 0.06015625 0.042578125
0 0.31796875 0.178125 0.06171875 0.045703125
0 0.35625 0.24375 0.063671875 0.053515625
0 0.2703125 0.1640625 0.062890625 0.034765625
0 0.254296875 0.109765625 0.04609375 0.059375
0 0.27421875 0.125390625 0.049609375 0.052734375
0 0.303515625 0.136328125 0.04609375 0.05
0 0.2984375 0.091796875 0.051953125 0.03125
0 0.30546875 0.108203125 0.03984375 0.0328125
0 0.343359375 0.09453125 0.04453125 0.04140625
0 0.338671875 0.134765625 0.05859375 0.04296875
0 0.368359375 0.196875 0.056640625 0.064453125
0 0.362109375 0.161328125 0.045703125 0.03828125
0 0.4140625 0.18828125 0.065234375 0.0515625
0 0.42265625 0.133984375 0.04921875 0.05625
0 0.375390625 0.113671875 0.055078125 0.07109375
0 0.387890625 0.092578125 0.0484375 0.04140625
0 0.405859375 0.08984375 0.03984375 0.040625
0 0.434375 0.08984375 0.03046875 0.038671875
0 0.471484375 0.093359375 0.058984375 0.048828125
0 0.466796875 0.13515625 0.049609375 0.04375
0 0.403125 0.250390625 0.0625 0.051953125
0 0.43984375 0.269921875 0.05234375 0.049609375
0 0.427734375 0.212109375 0.04453125 0.064453125
0 0.568359375 0.319921875 0.055078125 0.06015625
0 0.534375 0.298046875 0.058984375 0.05703125
0 0.49921875 0.287109375 0.056640625 0.058984375
0 0.477734375 0.2515625 0.058203125 0.044140625
0 0.462109375 0.173828125 0.03046875 0.0328125
0 0.458203125 0.20078125 0.03359375 0.02890625
0 0.46953125 0.225390625 0.045703125 0.024609375
0 0.483984375 0.203125 0.041015625 0.040234375
0 0.5046875 0.211328125 0.053515625 0.0359375
0 0.528125 0.233203125 0.053515625 0.04921875
0 0.550390625 0.253515625 0.067578125 0.036328125
0 0.5828125 0.27265625 0.059765625 0.046875
0 0.61640625 0.294140625 0.055078125 0.0625
0 0.656640625 0.295703125 0.059765625 0.05234375
0 0.686328125 0.27421875 0.04375 0.058984375
0 0.721875 0.267578125 0.05546875 0.05390625
0 0.666796875 0.222265625 0.05703125 0.048046875
0 0.6484375 0.246875 0.047265625 0.05078125
0 0.607421875 0.244140625 0.0546875 0.041015625
0 0.616796875 0.19765625 0.047265625 0.0625
0 0.5859375 0.21484375 0.051171875 0.053125
0 0.564453125 0.191015625 0.071484375 0.051953125
0 0.51484375 0.1765625 0.04453125 0.046484375
0 0.484375 0.169140625 0.04375 0.04921875
0 0.552734375 0.161328125 0.05703125 0.0375
0 0.57421875 0.134375 0.063671875 0.057421875
0 0.51640625 0.131640625 0.055078125 0.05234375
0 0.519140625 0.08984375 0.0484375 0.039453125
0 0.55625 0.090234375 0.0359375 0.0421875
0 0.583984375 0.10390625 0.031640625 0.070703125
0 0.61015625 0.1109375 0.044921875 0.07421875
0 0.651171875 0.138671875 0.0671875 0.04375
0 0.64609375 0.09609375 0.049609375 0.0484375
0 0.683203125 0.103125 0.041015625 0.066015625
0 0.66953125 0.18359375 0.059375 0.0625
0 0.69140625 0.15859375 0.04453125 0.057421875
0 0.719140625 0.2078125 0.045703125 0.07109375
0 0.741796875 0.179296875 0.04453125 0.048828125
0 0.717578125 0.139453125 0.049609375 0.062890625
0 0.748046875 0.12421875 0.04765625 0.075390625
0 0.718359375 0.091796875 0.03984375 0.051953125
0 0.7484375 0.09375 0.04609375 0.05390625
0 0.784375 0.095703125 0.037109375 0.06015625
0 0.781640625 0.14609375 0.0453125 0.063671875
0 0.784375 0.189453125 0.0546875 0.03984375
0 0.78828125 0.228125 0.0515625 0.051953125
0 0.84375 0.219921875 0.07109375 0.0484375
0 0.871484375 0.1875 0.05859375 0.04375
0 0.821484375 0.187109375 0.055859375 0.03984375
0 0.812890625 0.155078125 0.040234375 0.04296875
0 0.825 0.12265625 0.0578125 0.037890625
0 0.855078125 0.15625 0.062109375 0.049609375
0 0.81796875 0.090234375 0.044921875 0.045703125
0 0.851953125 0.092578125 0.0375 0.048046875
0 0.905859375 0.144140625 0.04375 0.07421875
0 0.87578125 0.1234375 0.04296875 0.049609375
0 0.880859375 0.090234375 0.036328125 0.044140625
0 0.913671875 0.09375 0.037109375 0.0515625
0 0.945703125 0.1421875 0.0421875 0.066015625
0 0.9421875 0.109375 0.044921875 0.041015625
0 0.946875 0.090234375 0.03984375 0.0375