0 0.058984375 0.884375 0.0578125 0.078125
0 0.012109375 0.821875 0.02421875 0.065625
0 0.011328125 0.760546875 0.02265625 0.053125
0 0.051171875 0.74375 0.05703125 0.04140625
0 0.04453125 0.783203125 0.055078125 0.056640625
0 0.05703125 0.827734375 0.073828125 0.0421875
0 0.103125 0.726171875 0.062109375 0.046484375
0 0.139453125 0.6796875 0.04921875 0.07734375
0 0.10546875 0.7765625 0.06875 0.053125
0 0.116796875 0.83671875 0.042578125 0.06640625
0 0.166015625 0.7125 0.04609375 0.05546875
0 0.154296875 0.7703125 0.04921875 0.05546875
0 0.158203125 0.82421875 0.051953125 0.053125
0 0.158984375 0.882421875 0.0453125 0.0640625
0 0.19140625 0.746875 0.04609375 0.04375
0 0.18671875 0.79453125 0.041796875 0.0390625
0 0.1921875 0.834375 0.0328125 0.03984375
0 0.19453125 0.8609375 0.04765625 0.026171875
0 0.22578125 0.7203125 0.043359375 0.06484375
0 0.21875 0.79765625 0.04453125 0.082421875
0 0.233984375 0.861328125 0.052734375 0.0625
0 0.25625 0.75234375 0.0453125 0.078125
0 0.25390625 0.8265625 0.052734375 0.0546875
0 0.29296875 0.86484375 0.076953125 0.048828125
0 0.296875 0.74921875 0.051171875 0.05390625
0 0.28203125 0.7859375 0.046875 0.037109375
0 0.30546875 0.82109375 0.0484375 0.05390625
0 0.34140625 0.78046875 0.065234375 0.0546875
0 0.351953125 0.823828125 0.059375 0.05234375
0 0.955078125 0.644921875 0.065234375 0.06328125
0 0.9828125 0.66328125 0.034375 0.0453125
0 0.736328125 0.666796875 0.050390625 0.049609375
0 0.669140625 0.69609375 0.04765625 0.068359375
0 0.635546875 0.70546875 0.04765625 0.06484375
0 0.580859375 0.73125 0.053515625 0.048046875
0 0.60234375 0.753125 0.04765625 0.04140625
0 0.62109375 0.792578125 0.055078125 0.0421875
0 0.60703125 0.836328125 0.04609375 0.057421875
0 0.59140625 0.87109375 0.04765625 0.058203125
0 0.63984375 0.869921875 0.051171875 0.05546875
0 0.66875 0.844921875 0.076953125 0.046484375
0 0.659375 0.79765625 0.046875 0.047265625
0 0.651171875 0.75546875 0.050390625 0.048046875
0 0.69375 0.755078125 0.0453125 0.060546875
0 0.711328125 0.718359375 0.053515625 0.065625
0 0.709375 0.87578125 0.06796875 0.05234375
0 0.6890625 0.823828125 0.052734375 0.047265625
0 0.7109375 0.782421875 0.05625 0.04296875
0 0.72421875 0.82421875 0.04609375 0.058203125
0 0.75625 0.691015625 0.04609375 0.056640625
0 0.744140625 0.7515625 0.03671875 0.058984375
0 0.775 0.73359375 0.041796875 0.03984375
0 0.771875 0.774609375 0.04765625 0.037890625
0 0.756640625 0.84609375 0.043359375 0.06328125
0 0.780859375 0.818359375 0.0453125 0.053125
0 0.7828125 0.87890625 0.051171875 0.060546875
0 0.803125 0.696484375 0.041015625 0.045703125
0 0.8390625 0.697265625 0.0375 0.05078125
0 0.875390625 0.6796875 0.041796875 0.069140625
0 0.82265625 0.737109375 0.050390625 0.04296875
0 0.80546875 0.77890625 0.039453125 0.046484375
0 0.848046875 0.7796875 0.052734375 0.049609375
0 0.8140625 0.83359375 0.042578125 0.05390625
0 0.8359375 0.8703125 0.055078125 0.03984375
0 0.869140625 0.829296875 0.07109375 0.0546875
0 0.89453125 0.878125 0.0484375 0.0625
0 0.934765625 0.834765625 0.078515625 0.05546875
0 0.937890625 0.876953125 0.059375 0.03984375
0 0.89765625 0.778125 0.04921875 0.0515625
0 0.885546875 0.725 0.053515625 0.0421875
0 0.923828125 0.6921875 0.073828125 0.0421875
0 0.93046875 0.7359375 0.05859375 0.05234375
0 0.926171875 0.7859375 0.04609375 0.048828125
0 0.958984375 0.7796875 0.0453125 0.059765625
0 0.982421875 0.757421875 0.03515625 0.05390625
0 0.976953125 0.83046875 0.04609375 0.0390625
0 0.984375 0.87265625 0.030859375 0.046484375