0 0.996484375 0.909765625 0.00703125 0.03359375
0 0.96953125 0.87890625 0.0484375 0.078125
0 0.921484375 0.907421875 0.04765625 0.07734375
0 0.879296875 0.91796875 0.05390625 0.075
0 0.4328125 0.8984375 0.0765625 0.065625
0 0.11484375 0.8921875 0.0640625 0.065625
0 0.060546875 0.908984375 0.06015625 0.08046875
0 0.028125 0.890625 0.0546875 0.078125
0 0.33125 0.7515625 0.09375 0.06875
0 0.755078125 0.635546875 0.04609375 0.05703125
0 0.532421875 0.5109375 0.08046875 0.0578125
0 0.887109375 0.434765625 0.09140625 0.06328125
0 0.1203125 0.619921875 0.059375 0.07734375
0 0.0609375 0.6765625 0.0578125 0.0828125
0 0.79765625 0.376171875 0.053125 0.07109375
0 0.74609375 0.383984375 0.053125 0.08203125
0 0.909765625 0.33046875 0.09296875 0.0578125
0 0.96953125 0.27890625 0.059375 0.06875
0 0.9578125 0.199609375 0.0578125 0.07421875
0 0.987890625 0.077734375 0.02421875 0.04296875
0 0.80546875 0.1140625 0.04375 0.071875
0 0.773046875 0.082421875 0.10390625 0.06953125
0 0.75546875 0.13203125 0.05625 0.065625
0 0.65546875 0.153515625 0.0640625 0.08515625
0 0.570703125 0.225390625 0.08359375 0.06640625
0 0.58046875 0.1703125 0.0640625 0.059375
0 0.533984375 0.086328125 0.07890625 0.05234375
0 0.548828125 0.15390625 0.07890625 0.0890625
0 0.5 0.183203125 0.059375 0.08515625
0 0.4046875 0.144921875 0.06875 0.05703125
0 0.333984375 0.157421875 0.07421875 0.05234375
0 0.3625 0.209375 0.0734375 0.053125
0 0.16328125 0.168359375 0.0625 0.07734375
0 0.1796875 0.091796875 0.05625 0.06640625
0 0.14453125 0.102734375 0.0453125 0.07578125
0 0.108203125 0.083203125 0.04453125 0.07578125
0 0.064453125 0.143359375 0.05859375 0.06015625
0 0.069921875 0.0890625 0.06328125 0.0703125
0 0.0328125 0.0890625 0.0546875 0.071875
0 0.03515625 0.262890625 0.0578125 0.06953125
0 0.015234375 0.3328125 0.02890625 0.046875
0 0.121484375 0.3234375 0.07734375 0.05625
0 0.311328125 0.296875 0.07421875 0.0671875
0 0.315625 0.50625 0.05625 0.071875
0 0.27578125 0.477734375 0.0625 0.04765625
0 0.086328125 0.473828125 0.09140625 0.05234375
0 0.091015625 0.527734375 0.07734375 0.04921875