0 0.8953125 0.77109375 0.073046875 0.0609375
0 0.97578125 0.693359375 0.048046875 0.062890625
0 0.443359375 0.751953125 0.0578125 0.09765625
0 0.546484375 0.894921875 0.053125 0.07734375
0 0.57421875 0.876171875 0.051953125 0.062890625
0 0.558984375 0.8265625 0.071484375 0.05
0 0.55 0.78203125 0.053515625 0.052734375
0 0.498828125 0.817578125 0.060546875 0.06328125
0 0.47578125 0.86015625 0.073828125 0.04921875
0 0.45078125 0.892578125 0.04609375 0.062109375
0 0.484375 0.898828125 0.03984375 0.042578125
0 0.087109375 0.804296875 0.07109375 0.083203125
0 0.146875 0.76953125 0.080859375 0.059765625
0 0.298046875 0.5609375 0.0640625 0.066796875
0 0.09921875 0.461328125 0.06953125 0.0546875
0 0.143359375 0.3046875 0.059765625 0.07109375
0 0.30703125 0.22421875 0.04921875 0.075
0 0.32265625 0.15078125 0.055078125 0.083984375
0 0.379296875 0.1546875 0.064453125 0.085546875
0 0.421484375 0.218359375 0.07265625 0.055078125
0 0.35390625 0.229296875 0.068359375 0.05625
0 0.433984375 0.271875 0.0578125 0.05625
0 0.48515625 0.227734375 0.07109375 0.0828125
0 0.03359375 0.223046875 0.0671875 0.07109375
0 0.026953125 0.3046875 0.05390625 0.073046875
0 0.8515625 0.397265625 0.0609375 0.058984375
0 0.913671875 0.321484375 0.065625 0.08515625
0 0.969921875 0.312109375 0.06015625 0.075390625
0 0.991796875 0.613671875 0.016015625 0.051171875
0 0.488671875 0.474609375 0.06875 0.051171875
0 0.52265625 0.566015625 0.0453125 0.078125
0 0.5859375 0.533203125 0.03671875 0.063671875
0 0.448828125 0.33671875 0.057421875 0.0765625