0 0.01796875 0.06953125 0.0359375 0.05703125
0 0.015234375 0.107421875 0.03046875 0.05859375
0 0.025 0.15703125 0.05 0.05
0 0.0140625 0.209375 0.028125 0.0421875
0 0.021484375 0.3 0.04296875 0.06875
0 0.0671875 0.078125 0.07109375 0.0796875
0 0.0515625 0.109375 0.06015625 0.0703125
0 0.10859375 0.139453125 0.05 0.07734375
0 0.127734375 0.08984375 0.0484375 0.062890625
0 0.145703125 0.137890625 0.05078125 0.073828125
0 0.163671875 0.087890625 0.043359375 0.050390625
0 0.173828125 0.139453125 0.044140625 0.0703125
0 0.193359375 0.096875 0.033203125 0.051953125
0 0.22578125 0.095703125 0.04921875 0.06640625
0 0.204296875 0.144921875 0.06328125 0.049609375
0 0.228125 0.165234375 0.04765625 0.058984375
0 0.269140625 0.08359375 0.057421875 0.047265625
0 0.251171875 0.137890625 0.03828125 0.073828125
0 0.28515625 0.1359375 0.0515625 0.073046875
0 0.311328125 0.1 0.055078125 0.074609375
0 0.33359375 0.101953125 0.040234375 0.072265625
0 0.371484375 0.105859375 0.0359375 0.078125
0 0.391015625 0.12421875 0.066015625 0.048046875
0 0.412890625 0.089453125 0.053515625 0.0421875
0 0.4359375 0.13046875 0.045703125 0.050390625
0 0.459375 0.10078125 0.04921875 0.062890625
0 0.327734375 0.16171875 0.08671875 0.049609375
0 0.40390625 0.169921875 0.06328125 0.051171875
0 0.462890625 0.157421875 0.066796875 0.0578125
0 0.540625 0.113671875 0.043359375 0.07734375
0 0.569921875 0.1109375 0.053515625 0.06953125
0 0.612890625 0.1125 0.055859375 0.06640625
0 0.727734375 0.120703125 0.052734375 0.06796875
0 0.76953125 0.141015625 0.05078125 0.072265625
0 0.84140625 0.121875 0.080859375 0.072265625
0 0.92109375 0.128515625 0.053515625 0.073828125
0 0.9484375 0.1125 0.0484375 0.06796875
0 0.980078125 0.108984375 0.03984375 0.06484375
0 0.705859375 0.194921875 0.0734375 0.061328125
0 0.7953125 0.236328125 0.10078125 0.0421875
0 0.055859375 0.200390625 0.071875 0.072265625
0 0.11875 0.20234375 0.092578125 0.06640625
0 0.20078125 0.210546875 0.055859375 0.060546875
0 0.213671875 0.268359375 0.075 0.059765625
0 0.10234375 0.27734375 0.07109375 0.083984375
0 0.084375 0.342578125 0.055078125 0.061328125
0 0.29375 0.244921875 0.066796875 0.05625
0 0.34453125 0.20859375 0.053515625 0.07734375
0 0.391015625 0.21171875 0.09609375 0.050390625
0 0.460546875 0.21875 0.06171875 0.07734375
0 0.463671875 0.272265625 0.0734375 0.051953125
0 0.51328125 0.173828125 0.04765625 0.0703125
0 0.54296875 0.191015625 0.0484375 0.074609375
0 0.573046875 0.180078125 0.055078125 0.06796875
0 0.28046875 0.3046875 0.05 0.07734375
0 0.369140625 0.268359375 0.079296875 0.06953125
0 0.439453125 0.321875 0.078515625 0.049609375
0 0.47109375 0.35234375 0.054296875 0.07890625
0 0.5359375 0.341015625 0.067578125 0.061328125
0 0.4671875 0.4203125 0.0984375 0.051171875
0 0.292578125 0.43984375 0.055859375 0.0921875
0 0.803125 0.316796875 0.07421875 0.0546875
0 0.96875 0.33984375 0.0625 0.058984375
0 0.895703125 0.353515625 0.069140625 0.078125
0 0.933984375 0.437109375 0.0859375 0.049609375
0 0.8578125 0.429296875 0.066015625 0.049609375
0 0.653125 0.46484375 0.0734375 0.0453125
0 0.038671875 0.4296875 0.07265625 0.050390625
0 0.05 0.4890625 0.1 0.062109375
0 0.037109375 0.54375 0.07109375 0.0578125
0 0.11484375 0.53984375 0.0640625 0.050390625
0 0.187890625 0.59296875 0.065234375 0.0546875
0 0.037890625 0.58828125 0.07578125 0.058984375
0 0.0328125 0.652734375 0.065625 0.05078125
0 0.009765625 0.706640625 0.01953125 0.04609375
0 0.016796875 0.76484375 0.033203125 0.061328125
0 0.052734375 0.7625 0.055078125 0.07890625
0 0.14921875 0.78984375 0.06171875 0.087890625
0 0.1234375 0.85390625 0.08359375 0.05625
0 0.40078125 0.66328125 0.0859375 0.050390625
0 0.354296875 0.634765625 0.05078125 0.076171875
0 0.313671875 0.65703125 0.046875 0.076171875
0 0.341796875 0.691796875 0.07109375 0.050390625
0 0.291015625 0.696484375 0.05 0.06953125
0 0.2578125 0.68515625 0.075 0.048828125
0 0.48828125 0.7046875 0.084375 0.062890625
0 0.38359375 0.760546875 0.068359375 0.06796875
0 0.8953125 0.606640625 0.06171875 0.075390625
0 0.961328125 0.730078125 0.07734375 0.05703125
0 0.968359375 0.785546875 0.06328125 0.06484375
0 0.844921875 0.790234375 0.069921875 0.097265625
0 0.758984375 0.6265625 0.08671875 0.05546875
0 0.647265625 0.62265625 0.0765625 0.07890625
0 0.739453125 0.712109375 0.0640625 0.086328125
0 0.74609375 0.8140625 0.082421875 0.0828125
0 0.598046875 0.66640625 0.068359375 0.06640625
0 0.623046875 0.716796875 0.06015625 0.05390625
0 0.45546875 0.798046875 0.046875 0.078125
0 0.582421875 0.8375 0.05859375 0.06640625
0 0.55546875 0.83984375 0.05859375 0.061328125
0 0.552734375 0.88828125 0.0859375 0.048046875
0 0.509765625 0.84609375 0.05859375 0.0703125
0 0.47578125 0.873046875 0.057421875 0.073046875
0 0.318359375 0.8140625 0.084375 0.05625
0 0.3046875 0.863671875 0.090234375 0.051953125