0 0.96875 0.871875 0.0625 0.067578125
0 0.578515625 0.798828125 0.07578125 0.07265625
0 0.284375 0.809375 0.0625 0.084765625
0 0.165625 0.83828125 0.071875 0.0640625
0 0.1234375 0.83046875 0.069140625 0.0703125
0 0.065234375 0.8421875 0.05546875 0.077734375
0 0.023046875 0.796484375 0.04609375 0.06015625
0 0.599609375 0.5140625 0.08359375 0.0625
0 0.630078125 0.333984375 0.08046875 0.05859375
0 0.316015625 0.401953125 0.057421875 0.082421875
0 0.155078125 0.24375 0.07890625 0.078515625
0 0.218359375 0.1390625 0.055859375 0.087890625
0 0.163671875 0.105078125 0.06171875 0.06640625
0 0.111328125 0.128515625 0.06328125 0.07734375
0 0.0875 0.409765625 0.08125 0.060546875
0 0.03125 0.443359375 0.0625 0.07578125
0 0.030859375 0.547265625 0.06171875 0.06484375
0 0.15859375 0.583984375 0.091796875 0.06875
0 0.13359375 0.517578125 0.0953125 0.048828125