0 0.987890625 0.86328125 0.02421875 0.075
0 0.82890625 0.8828125 0.068359375 0.091015625
0 0.907421875 0.89921875 0.0609375 0.0609375
0 0.96015625 0.903125 0.059765625 0.06171875
0 0.751171875 0.78828125 0.062890625 0.078515625
0 0.5046875 0.897265625 0.076171875 0.057421875
0 0.3875 0.88515625 0.08125 0.075
0 0.38359375 0.7078125 0.090234375 0.066796875
0 0.619140625 0.728515625 0.066796875 0.088671875
0 0.556640625 0.759375 0.076171875 0.0703125
0 0.84375 0.578125 0.06484375 0.070703125
0 0.978515625 0.466796875 0.04296875 0.06171875
0 0.939453125 0.05703125 0.076953125 0.087109375
0 0.825 0.06875 0.078515625 0.0546875
0 0.78125 0.107421875 0.049609375 0.08125
0 0.84140625 0.11796875 0.065625 0.059765625
0 0.8890625 0.128125 0.0453125 0.064453125
0 0.94375 0.124609375 0.0625 0.060546875
0 0.924609375 0.1859375 0.05390625 0.08125
0 0.9828125 0.154296875 0.034375 0.071875
0 0.53046875 0.26328125 0.072265625 0.07421875
0 0.710546875 0.241015625 0.063671875 0.08203125
0 0.765625 0.16484375 0.048046875 0.07265625
0 0.84609375 0.1875 0.0796875 0.066796875
0 0.81484375 0.237890625 0.069140625 0.061328125
0 0.7546875 0.065234375 0.040234375 0.06484375
0 0.666015625 0.159765625 0.080859375 0.072265625
0 0.610546875 0.16171875 0.091015625 0.06484375
0 0.718359375 0.364453125 0.084765625 0.06328125
0 0.73125 0.29921875 0.05078125 0.08359375
0 0.562109375 0.4640625 0.07734375 0.0796875
0 0.427734375 0.51875 0.09921875 0.05859375
0 0.425390625 0.464453125 0.066796875 0.07109375
0 0.569140625 0.50859375 0.060546875 0.070703125
0 0.651171875 0.256640625 0.076171875 0.0578125
0 0.77890625 0.197265625 0.0828125 0.041015625
0 0.767578125 0.242578125 0.059765625 0.075390625
0 0.706640625 0.058984375 0.066796875 0.055078125
0 0.671875 0.05859375 0.04296875 0.048828125
0 0.713671875 0.09765625 0.050390625 0.06875
0 0.66953125 0.10546875 0.075 0.055859375
0 0.625 0.07421875 0.0515625 0.04921875
0 0.61484375 0.11640625 0.063671875 0.055078125
0 0.439453125 0.245703125 0.075 0.057421875
0 0.3640625 0.236328125 0.084375 0.0609375
0 0.584375 0.053125 0.0515625 0.038671875
0 0.55234375 0.071484375 0.053125 0.03828125
0 0.5 0.058203125 0.047265625 0.05703125
0 0.536328125 0.155078125 0.0546875 0.0703125
0 0.541015625 0.108984375 0.057421875 0.03984375
0 0.320703125 0.285546875 0.064453125 0.100390625
0 0.479296875 0.14921875 0.061328125 0.069140625
0 0.49375 0.10703125 0.048828125 0.0515625
0 0.456640625 0.09375 0.04921875 0.062109375
0 0.468359375 0.059765625 0.035546875 0.0421875
0 0.42578125 0.137890625 0.05390625 0.06796875
0 0.369921875 0.1390625 0.062890625 0.05
0 0.415234375 0.080859375 0.0375 0.057421875
0 0.382421875 0.059375 0.066796875 0.047265625
0 0.384375 0.101171875 0.05703125 0.041796875
0 0.211328125 0.794921875 0.098046875 0.072265625
0 0.110546875 0.841015625 0.0734375 0.039453125
0 0.108203125 0.87734375 0.07890625 0.04765625
0 0.19921875 0.878125 0.076171875 0.061328125
0 0.155078125 0.8796875 0.046875 0.057421875
0 0.232421875 0.645703125 0.06328125 0.062890625
0 0.096484375 0.700390625 0.05625 0.053125
0 0.24140625 0.47109375 0.07421875 0.09375
0 0.294921875 0.462109375 0.0640625 0.07109375
0 0.335546875 0.371875 0.082421875 0.06796875
0 0.080078125 0.449609375 0.04296875 0.060546875
0 0.16171875 0.436328125 0.0625 0.07109375
0 0.089453125 0.669140625 0.045703125 0.03515625
0 0.129296875 0.64140625 0.0796875 0.053515625
0 0.0734375 0.60703125 0.030859375 0.041015625
0 0.084375 0.535546875 0.05078125 0.0484375
0 0.098046875 0.49296875 0.06640625 0.0546875
0 0.145703125 0.530078125 0.056640625 0.045703125
0 0.105859375 0.5515625 0.034765625 0.057421875
0 0.15546875 0.569140625 0.071875 0.0421875
0 0.15234375 0.60859375 0.072265625 0.0484375
0 0.106640625 0.598828125 0.0484375 0.04140625
0 0.075390625 0.5671875 0.03515625 0.036328125
0 0.123828125 0.396484375 0.075 0.0421875
0 0.2390625 0.341015625 0.075390625 0.081640625
0 0.23359375 0.393359375 0.077734375 0.06171875
0 0.064453125 0.364453125 0.06484375 0.05625
0 0.120703125 0.3578125 0.062109375 0.044921875
0 0.1734375 0.27109375 0.04921875 0.069921875
0 0.187890625 0.198828125 0.06328125 0.058203125
0 0.25 0.196484375 0.0796875 0.044921875
0 0.259375 0.246484375 0.060546875 0.057421875
0 0.221484375 0.2875 0.053515625 0.05703125
0 0.259375 0.2890625 0.051953125 0.061328125
0 0.18046875 0.359765625 0.05546875 0.05703125
0 0.182421875 0.326171875 0.04921875 0.040234375
0 0.083984375 0.3203125 0.043359375 0.054296875
0 0.060546875 0.266015625 0.06328125 0.076953125
0 0.13515625 0.3125 0.062890625 0.04375
0 0.115625 0.277734375 0.060546875 0.033203125
0 0.089453125 0.2234375 0.05859375 0.034375
0 0.146484375 0.23515625 0.045703125 0.057421875
0 0.07109375 0.178515625 0.054296875 0.062109375
0 0.08828125 0.133984375 0.044140625 0.0359375
0 0.115234375 0.145703125 0.06171875 0.034375
0 0.115234375 0.171875 0.0578125 0.03046875
0 0.121484375 0.2 0.0484375 0.02890625
0 0.30546875 0.153125 0.069140625 0.08125
0 0.215625 0.082421875 0.03828125 0.0609375
0 0.105078125 0.087890625 0.049609375 0.044921875
0 0.18359375 0.071484375 0.039453125 0.04453125
0 0.133984375 0.0828125 0.028125 0.041015625
0 0.15703125 0.076171875 0.0296875 0.03984375
0 0.14453125 0.108203125 0.021484375 0.04609375
0 0.175390625 0.1171875 0.04765625 0.0578125
0 0.205078125 0.140234375 0.054296875 0.0484375
0 0.248046875 0.078515625 0.033203125 0.05546875
0 0.27109375 0.059375 0.038671875 0.041796875
0 0.308984375 0.062890625 0.04453125 0.03984375
0 0.340234375 0.109375 0.0625 0.04375
0 0.255078125 0.1515625 0.05 0.047265625
0 0.2078125 0.240625 0.06328125 0.055078125
0 0.747265625 0.893359375 0.073828125 0.07265625
0 0.116015625 0.444921875 0.05390625 0.0609375