0 0.07265625 0.87890625 0.096484375 0.04921875
0 0.11015625 0.839453125 0.0921875 0.064453125
0 0.063671875 0.800390625 0.071484375 0.05859375
0 0.055859375 0.708984375 0.069140625 0.06328125
0 0.106640625 0.684765625 0.06640625 0.059375
0 0.03203125 0.619921875 0.063671875 0.08203125
0 0.0140625 0.53828125 0.028125 0.053515625
0 0.26015625 0.559375 0.06171875 0.068359375
0 0.30546875 0.48046875 0.0796875 0.046484375
0 0.176953125 0.33671875 0.073046875 0.05859375
0 0.0234375 0.397265625 0.046875 0.05078125
0 0.029296875 0.291796875 0.05859375 0.08046875
0 0.075 0.248828125 0.05859375 0.05078125
0 0.146875 0.259765625 0.05546875 0.064453125
0 0.2 0.258203125 0.05703125 0.09296875
0 0.291015625 0.243359375 0.044921875 0.06796875
0 0.244921875 0.251171875 0.067578125 0.057421875
0 0.05 0.19296875 0.063671875 0.0546875
0 0.0203125 0.097265625 0.040625 0.065234375
0 0.049609375 0.082421875 0.054296875 0.035546875
0 0.025 0.173828125 0.049609375 0.0796875
0 0.093359375 0.087890625 0.053125 0.067578125
0 0.061328125 0.1203125 0.052734375 0.053125
0 0.115234375 0.14609375 0.080078125 0.073828125
0 0.130078125 0.09296875 0.04453125 0.080078125
0 0.155078125 0.11484375 0.039453125 0.063671875
0 0.183203125 0.092578125 0.08359375 0.045703125
0 0.18828125 0.13203125 0.05703125 0.052734375
0 0.178125 0.167578125 0.073828125 0.05
0 0.15703125 0.201171875 0.08046875 0.048828125
0 0.098046875 0.21015625 0.066015625 0.04140625
0 0.091015625 0.159765625 0.058984375 0.066015625
0 0.2265625 0.1375 0.038671875 0.05546875
0 0.2546875 0.175390625 0.06015625 0.096875
0 0.259765625 0.073828125 0.051953125 0.076171875
0 0.28671875 0.126953125 0.05625 0.06328125
0 0.31484375 0.167578125 0.059765625 0.059765625
0 0.36484375 0.159765625 0.04296875 0.07890625
0 0.393359375 0.10234375 0.074609375 0.051953125
0 0.403515625 0.146484375 0.060546875 0.055859375
0 0.392578125 0.18984375 0.045703125 0.057421875
0 0.425 0.212890625 0.059375 0.103125
0 0.353515625 0.225 0.075390625 0.046484375
0 0.342578125 0.255859375 0.080859375 0.048828125
0 0.35 0.302734375 0.0765625 0.055859375
0 0.4296875 0.30390625 0.06640625 0.05546875
0 0.393359375 0.40703125 0.078125 0.06015625
0 0.452734375 0.13203125 0.050390625 0.073046875
0 0.480078125 0.098828125 0.04765625 0.051953125
0 0.4953125 0.154296875 0.06796875 0.072265625
0 0.519140625 0.106640625 0.046484375 0.075390625
0 0.553515625 0.124609375 0.061328125 0.0578125
0 0.59140625 0.1 0.076171875 0.0625
0 0.6625 0.10859375 0.07421875 0.06015625
0 0.58359375 0.201953125 0.05703125 0.07578125
0 0.630859375 0.22890625 0.0765625 0.07734375
0 0.70703125 0.148046875 0.08125 0.06796875
0 0.741015625 0.132421875 0.08125 0.057421875
0 0.794921875 0.10703125 0.062890625 0.063671875
0 0.86328125 0.15546875 0.071484375 0.055078125
0 0.97421875 0.117578125 0.0515625 0.07578125
0 0.94375 0.13828125 0.085546875 0.062890625
0 0.87890625 0.54296875 0.076171875 0.060546875
0 0.9046875 0.63671875 0.076171875 0.060546875
0 0.837890625 0.76171875 0.053515625 0.0796875
0 0.96953125 0.68828125 0.0609375 0.065625
0 0.93671875 0.709765625 0.078515625 0.05703125
0 0.956640625 0.761328125 0.074609375 0.06484375
0 0.64765625 0.798828125 0.078515625 0.059765625
0 0.674609375 0.853515625 0.077734375 0.049609375
0 0.525 0.696484375 0.04609375 0.07421875
0 0.56171875 0.73359375 0.072265625 0.071875
0 0.357421875 0.737890625 0.073828125 0.0578125
0 0.3109375 0.780078125 0.080859375 0.06484375
0 0.29765625 0.83046875 0.0890625 0.049609375
0 0.427734375 0.602734375 0.0546875 0.092578125
0 0.30546875 0.66015625 0.07265625 0.06875
0 0.635546875 0.448828125 0.0609375 0.0765625