0 0.784375 0.9171875 0.0546875 0.0875
0 0.99140625 0.88359375 0.0171875 0.0375
0 0.755078125 0.65859375 0.05546875 0.0546875
0 0.828125 0.434375 0.059375 0.0703125
0 0.871875 0.27578125 0.0609375 0.0796875
0 0.987109375 0.16484375 0.02578125 0.071875
0 0.990234375 0.105078125 0.01953125 0.05078125
0 0.952734375 0.140625 0.07109375 0.0734375
0 0.91875 0.134375 0.040625 0.0578125
0 0.879296875 0.1390625 0.05546875 0.0703125
0 0.914453125 0.09140625 0.06796875 0.0484375
0 0.873046875 0.094140625 0.05703125 0.07265625
0 0.843359375 0.087890625 0.05703125 0.05703125
0 0.8109375 0.120703125 0.065625 0.05078125
0 0.734375 0.093359375 0.075 0.05859375
0 0.6859375 0.0921875 0.065625 0.05
0 0.63515625 0.10390625 0.053125 0.0671875
0 0.592578125 0.10546875 0.06328125 0.0609375
0 0.608984375 0.231640625 0.06640625 0.04921875
0 0.576953125 0.142578125 0.06640625 0.05234375
0 0.54921875 0.160546875 0.0546875 0.05234375
0 0.515234375 0.18203125 0.06015625 0.078125
0 0.533984375 0.369140625 0.07578125 0.06171875
0 0.529296875 0.406640625 0.08359375 0.05546875
0 0.47578125 0.428515625 0.0546875 0.07421875
0 0.426171875 0.45546875 0.07265625 0.0515625
0 0.46640625 0.7359375 0.0609375 0.040625
0 0.3984375 0.8421875 0.0765625 0.0640625
0 0.332421875 0.93671875 0.07265625 0.05
0 0.298046875 0.82265625 0.04921875 0.053125
0 0.228125 0.750390625 0.0546875 0.04921875
0 0.249609375 0.782421875 0.04296875 0.04921875
0 0.20546875 0.792578125 0.059375 0.04921875
0 0.24765625 0.8234375 0.0625 0.0484375
0 0.257421875 0.865234375 0.07734375 0.07578125
0 0.20390625 0.8484375 0.053125 0.06875
0 0.141015625 0.840234375 0.05234375 0.06328125
0 0.094140625 0.726953125 0.05078125 0.05234375
0 0.05859375 0.773046875 0.084375 0.04609375
0 0.046484375 0.734765625 0.06796875 0.04296875
0 0.0296875 0.711328125 0.0546875 0.06640625
0 0.332421875 0.4390625 0.06640625 0.059375
0 0.4328125 0.25 0.05625 0.0609375
0 0.362109375 0.1671875 0.06640625 0.05
0 0.341015625 0.268359375 0.06640625 0.04921875
0 0.240625 0.4234375 0.05625 0.053125
0 0.230078125 0.477734375 0.05078125 0.06953125
0 0.207421875 0.5328125 0.07421875 0.06875
0 0.160546875 0.537890625 0.05234375 0.07890625
0 0.126953125 0.511328125 0.05234375 0.06171875
0 0.0484375 0.494921875 0.0796875 0.06953125
0 0.014453125 0.454296875 0.02734375 0.08203125
0 0.02734375 0.37890625 0.0515625 0.071875
0 0.00859375 0.21171875 0.015625 0.0453125
0 0.0546875 0.278125 0.0640625 0.0578125
0 0.083984375 0.207421875 0.06171875 0.06796875
0 0.129296875 0.18203125 0.05234375 0.0640625
0 0.0625 0.104296875 0.0515625 0.06953125
0 0.01875 0.1046875 0.0359375 0.059375
0 0.15625 0.13046875 0.065625 0.06875
0 0.34921875 0.105859375 0.0625 0.04921875
0 0.296875 0.111328125 0.0359375 0.05546875
0 0.262890625 0.100390625 0.03203125 0.05546875
0 0.228515625 0.1015625 0.04921875 0.0578125
0 0.196484375 0.1015625 0.05234375 0.0515625
0 0.18203125 0.17109375 0.0578125 0.059375
0 0.2125 0.135546875 0.0609375 0.03671875
0 0.26484375 0.15078125 0.059375 0.053125
0 0.23203125 0.17421875 0.05 0.0765625