0 0.0546875 0.70390625 0.07578125 0.07734375
0 0.042578125 0.808203125 0.08515625 0.08203125
0 0.04296875 0.89375 0.06484375 0.05390625
0 0.083984375 0.89140625 0.0578125 0.0671875
0 0.1046875 0.9078125 0.0609375 0.056640625
0 0.159375 0.89453125 0.062890625 0.06484375
0 0.3703125 0.895703125 0.078125 0.062890625
0 0.30078125 0.812890625 0.06015625 0.057421875
0 0.4484375 0.814453125 0.061328125 0.091796875
0 0.480078125 0.850390625 0.040234375 0.076953125
0 0.53828125 0.891015625 0.058203125 0.069921875
0 0.705078125 0.862890625 0.069140625 0.065234375