0 0.182421875 0.542578125 0.04765625 0.07109375
0 0.046484375 0.3234375 0.08515625 0.0546875
0 0.293359375 0.332421875 0.04609375 0.07109375
0 0.277734375 0.263671875 0.05390625 0.07109375
0 0.040625 0.118359375 0.05625 0.05546875
0 0.008984375 0.101953125 0.01640625 0.04609375
0 0.00859375 0.13828125 0.015625 0.0359375
0 0.172265625 0.089453125 0.05234375 0.03671875
0 0.1828125 0.12109375 0.05 0.0375
0 0.1875 0.1515625 0.0546875 0.040625
0 0.271875 0.1828125 0.0640625 0.0453125
0 0.41640625 0.223828125 0.0671875 0.06171875
0 0.382421875 0.28515625 0.06640625 0.0484375
0 0.428125 0.31875 0.04375 0.065625
0 0.6578125 0.28046875 0.0453125 0.0578125
0 0.810546875 0.270703125 0.06015625 0.06328125
0 0.933203125 0.248828125 0.05859375 0.06953125
0 0.655859375 0.3875 0.06953125 0.046875
0 0.5171875 0.53203125 0.05 0.0734375
0 0.56796875 0.53984375 0.0625 0.0546875
0 0.908984375 0.528515625 0.07265625 0.05546875
0 0.530859375 0.187109375 0.06796875 0.09453125
0 0.5640625 0.10625 0.0671875 0.065625
0 0.500390625 0.094921875 0.05859375 0.05390625
0 0.334765625 0.151953125 0.06484375 0.04921875
0 0.38828125 0.126953125 0.03828125 0.052734375
0 0.425 0.13671875 0.0375 0.05625
0 0.45703125 0.13984375 0.0234375 0.0640625
0 0.4859375 0.16484375 0.0296875 0.075
0 0.225 0.105859375 0.0359375 0.06171875
0 0.254296875 0.107421875 0.02578125 0.05234375
0 0.28828125 0.0984375 0.04375 0.0484375
0 0.36640625 0.085546875 0.053125 0.02421875
0 0.332421875 0.11484375 0.06328125 0.0421875
0 0.519140625 0.673828125 0.07109375 0.04921875
0 0.5921875 0.657421875 0.0640625 0.06484375
0 0.83359375 0.6953125 0.059375 0.0328125
0 0.009375 0.8 0.0171875 0.046875
0 0.029296875 0.8515625 0.05234375 0.059375
0 0.0796875 0.82265625 0.0484375 0.05625
0 0.140234375 0.82734375 0.06015625 0.0484375
0 0.112890625 0.861328125 0.05703125 0.04609375
0 0.191015625 0.85390625 0.04609375 0.06875
0 0.453125 0.747265625 0.078125 0.04140625
0 0.410546875 0.823828125 0.04453125 0.06953125
0 0.501953125 0.802734375 0.06640625 0.05078125
0 0.56328125 0.8859375 0.04296875 0.064453125
0 0.58671875 0.842578125 0.0578125 0.05234375
0 0.536328125 0.85 0.03984375 0.0703125
0 0.465234375 0.867578125 0.04296875 0.07109375
0 0.494921875 0.8953125 0.05078125 0.053125
0 0.283203125 0.962109375 0.05234375 0.07578125
0 0.240234375 0.958203125 0.04296875 0.08203125
0 0.20390625 0.95859375 0.0421875 0.0765625
0 0.15078125 0.9734375 0.0859375 0.053125
0 0.058984375 0.88515625 0.06171875 0.06328125
0 0.41796875 0.08671875 0.048828125 0.041015625
0 0.465625 0.08671875 0.048828125 0.037109375