0 0.9203125 0.6671875 0.07109375 0.090234375
0 0.86796875 0.723828125 0.085546875 0.08671875
0 0.9703125 0.50703125 0.059375 0.0640625
0 0.9765625 0.426953125 0.046484375 0.065234375
0 0.91484375 0.35625 0.090625 0.093359375
0 0.911328125 0.133203125 0.074609375 0.1
0 0.789453125 0.09296875 0.076171875 0.08515625
0 0.97734375 0.1984375 0.0453125 0.0609375
0 0.97265625 0.103515625 0.0546875 0.07109375
0 0.58515625 0.18046875 0.087890625 0.076953125
0 0.590625 0.058984375 0.071484375 0.10859375
0 0.655859375 0.053515625 0.07265625 0.077734375
0 0.421875 0.202734375 0.0953125 0.071484375
0 0.44765625 0.147265625 0.09453125 0.0703125
0 0.031640625 0.241015625 0.06328125 0.08828125
0 0.050390625 0.1890625 0.06640625 0.090234375
0 0.133203125 0.12265625 0.085546875 0.0765625
0 0.213671875 0.161328125 0.08984375 0.087109375
0 0.2609375 0.073828125 0.062890625 0.0703125
0 0.31171875 0.073828125 0.059375 0.0765625
0 0.394921875 0.09453125 0.059765625 0.08671875
0 0.327734375 0.119921875 0.071484375 0.093359375
0 0.2625 0.24921875 0.09921875 0.068359375
0 0.316015625 0.307421875 0.058203125 0.07734375
0 0.53046875 0.323046875 0.090234375 0.0765625
0 0.241015625 0.36875 0.10078125 0.064453125
0 0.27734375 0.4265625 0.091796875 0.060546875
0 0.3875 0.492578125 0.06796875 0.0890625
0 0.2109375 0.567578125 0.076171875 0.085546875
0 0.08671875 0.573046875 0.06953125 0.094140625
0 0.045703125 0.348046875 0.09140625 0.08359375
0 0.036328125 0.475390625 0.07109375 0.090234375
0 0.01875 0.6328125 0.0375 0.078125
0 0.2046875 0.6703125 0.063671875 0.0828125
0 0.1015625 0.743359375 0.084765625 0.0859375
0 0.02421875 0.813671875 0.0484375 0.09921875
0 0.025 0.71171875 0.05 0.080859375
0 0.26953125 0.765625 0.06484375 0.09609375
0 0.532421875 0.798046875 0.059765625 0.096875
0 0.353515625 0.856640625 0.095703125 0.073828125
0 0.725390625 0.32890625 0.08125 0.10078125