0 0.02265625 0.8328125 0.0453125 0.03515625
0 0.017578125 0.8703125 0.03515625 0.0484375
0 0.06015625 0.866796875 0.070703125 0.044921875
0 0.05390625 0.7046875 0.08828125 0.055859375
0 0.0421875 0.74375 0.06484375 0.059765625
0 0.015625 0.743359375 0.03125 0.06796875
0 0.375 0.536328125 0.082421875 0.06171875
0 0.7859375 0.471484375 0.0703125 0.04921875
0 0.79765625 0.594921875 0.054296875 0.09375
0 0.0109375 0.098046875 0.021875 0.06640625
0 0.063671875 0.0875 0.095703125 0.054296875
0 0.402734375 0.807421875 0.057421875 0.08203125
0 0.362890625 0.86796875 0.066796875 0.07421875
0 0.33125 0.896875 0.07734375 0.055859375
0 0.403125 0.886328125 0.069140625 0.075
0 0.44375 0.902734375 0.0484375 0.071875
0 0.485546875 0.9 0.059375 0.05625
0 0.529296875 0.8859375 0.037890625 0.0671875
0 0.563671875 0.901953125 0.05703125 0.0546875
0 0.600390625 0.891796875 0.046484375 0.07734375
0 0.650390625 0.898046875 0.0609375 0.063671875