0 0.0234375 0.880859375 0.046875 0.055859375
0 0.009765625 0.851171875 0.019140625 0.04453125
0 0.0265625 0.798046875 0.053125 0.072265625
0 0.085546875 0.778125 0.06640625 0.062890625
0 0.1796875 0.6640625 0.05859375 0.075390625
0 0.241015625 0.641015625 0.05625 0.062109375
0 0.094140625 0.480078125 0.06015625 0.074609375
0 0.173046875 0.421875 0.071875 0.066015625
0 0.195703125 0.469921875 0.0734375 0.054296875
0 0.22265625 0.490625 0.059375 0.08046875
0 0.27421875 0.51640625 0.0671875 0.061328125
0 0.26171875 0.41796875 0.0609375 0.073828125
0 0.455078125 0.588671875 0.04765625 0.07578125
0 0.485546875 0.4359375 0.0453125 0.07578125
0 0.53203125 0.454296875 0.05234375 0.058984375
0 0.6359375 0.525390625 0.0515625 0.065234375
0 0.403515625 0.908203125 0.076953125 0.061328125
0 0.472265625 0.77578125 0.083984375 0.051953125
0 0.4921875 0.714453125 0.04921875 0.066796875
0 0.49765625 0.8296875 0.06796875 0.059765625
0 0.6109375 0.861328125 0.076953125 0.058203125
0 0.636328125 0.6578125 0.05390625 0.075390625
0 0.68828125 0.64453125 0.0640625 0.066015625
0 0.701171875 0.780859375 0.05546875 0.08046875
0 0.708203125 0.83046875 0.087890625 0.058203125
0 0.89140625 0.80390625 0.073828125 0.08046875