0 0.700390625 0.204296875 0.08671875 0.063671875
0 0.702734375 0.3359375 0.04296875 0.071484375
0 0.67265625 0.31875 0.06796875 0.07265625
0 0.727734375 0.455078125 0.057421875 0.074609375
0 0.30546875 0.805859375 0.058984375 0.047265625
0 0.2390625 0.848046875 0.053125 0.05546875
0 0.216015625 0.892578125 0.062109375 0.0546875
0 0.34296875 0.874609375 0.07734375 0.05703125
0 0.30625 0.865625 0.06015625 0.058984375
0 0.268359375 0.865625 0.0625 0.054296875
0 0.31953125 0.586328125 0.068359375 0.053125
0 0.157421875 0.660546875 0.048828125 0.073828125
0 0.19609375 0.66953125 0.046484375 0.063671875
0 0.151953125 0.56171875 0.046484375 0.058984375
0 0.194921875 0.570703125 0.052734375 0.04296875
0 0.178515625 0.605078125 0.046484375 0.0484375
0 0.205078125 0.633984375 0.039453125 0.05703125
0 0.23046875 0.619140625 0.0640625 0.053125
0 0.124609375 0.60625 0.066015625 0.044140625
0 0.1375 0.641015625 0.066015625 0.0484375
0 0.034765625 0.71875 0.06953125 0.05625
0 0.028125 0.6625 0.05625 0.0453125
0 0.033984375 0.54609375 0.066796875 0.04921875
0 0.113671875 0.428125 0.065234375 0.0625
0 0.08828125 0.357421875 0.0703125 0.0484375
0 0.1765625 0.231640625 0.046484375 0.068359375
0 0.203515625 0.21328125 0.066796875 0.05390625
0 0.072265625 0.2046875 0.047265625 0.066015625
0 0.458984375 0.419921875 0.050390625 0.069140625
0 0.44296875 0.4875 0.043359375 0.066796875
0 0.6359375 0.556640625 0.050390625 0.0671875
0 0.460546875 0.6359375 0.07109375 0.040234375
0 0.623046875 0.678515625 0.06171875 0.05703125
0 0.74609375 0.6875 0.06171875 0.069140625
0 0.858203125 0.6234375 0.056640625 0.071484375
0 0.740625 0.61953125 0.006640625 0.001171875
0 0.958203125 0.612890625 0.05390625 0.036328125
0 0.008203125 0.452734375 0.016015625 0.03203125
0 0.009765625 0.33828125 0.01953125 0.048828125