0 0.0296875 0.099609375 0.059375 0.05390625
0 0.0171875 0.13515625 0.034375 0.053515625
0 0.059375 0.176171875 0.06015625 0.070703125
0 0.403515625 0.18203125 0.05625 0.07265625
0 0.270703125 0.098046875 0.0609375 0.0515625
0 0.2484375 0.123046875 0.04453125 0.0765625
0 0.2984375 0.1421875 0.0640625 0.053515625
0 0.286328125 0.18671875 0.048828125 0.065625
0 0.198046875 0.108203125 0.05625 0.062890625
0 0.153125 0.09375 0.0578125 0.04921875
0 0.148828125 0.120703125 0.055078125 0.043359375
0 0.19296875 0.130859375 0.04765625 0.041015625
0 0.192578125 0.151171875 0.052734375 0.041015625
0 0.2046875 0.1875 0.072265625 0.054296875
0 0.139453125 0.2078125 0.07734375 0.062890625
0 0.134375 0.144140625 0.051953125 0.05859375
0 0.155078125 0.174609375 0.055078125 0.059765625
0 0.02890625 0.79921875 0.0578125 0.0703125
0 0.01953125 0.758203125 0.0390625 0.06171875
0 0.184765625 0.659765625 0.062109375 0.074609375
0 0.370703125 0.8265625 0.058984375 0.06484375