0 0.784375 0.091796875 0.065234375 0.08828125
0 0.844921875 0.081640625 0.075390625 0.05390625
0 0.8375 0.12109375 0.075 0.055859375
0 0.4703125 0.69453125 0.07578125 0.0609375
0 0.508984375 0.7703125 0.04921875 0.0875
0 0.54296875 0.78828125 0.049609375 0.08203125
0 0.758203125 0.87890625 0.08125 0.06171875
0 0.9703125 0.866015625 0.058984375 0.074609375
0 0.48046875 0.87421875 0.058984375 0.080078125
0 0.51328125 0.8609375 0.066796875 0.06640625
0 0.60625 0.8453125 0.0703125 0.0609375
0 0.679296875 0.84609375 0.06953125 0.05390625
0 0.645703125 0.866796875 0.044921875 0.076953125
0 0.68046875 0.891796875 0.061328125 0.062890625
0 0.566015625 0.878515625 0.076171875 0.0546875
0 0.61015625 0.894921875 0.070703125 0.05078125
0 0.3203125 0.763671875 0.078125 0.071875
0 0.2125 0.4578125 0.075390625 0.06640625
0 0.290234375 0.471484375 0.08125 0.0578125
0 0.2546875 0.34296875 0.0546875 0.0671875
0 0.21640625 0.3 0.06796875 0.066015625
0 0.301953125 0.3359375 0.0609375 0.0734375
0 0.331640625 0.305859375 0.058984375 0.066796875