0 0.891015625 0.821875 0.0609375 0.069140625
0 0.84296875 0.84140625 0.072265625 0.089453125
0 0.742578125 0.869140625 0.094921875 0.055078125
0 0.9671875 0.71953125 0.065234375 0.0671875
0 0.9671875 0.648046875 0.053515625 0.070703125
0 0.91953125 0.691796875 0.075 0.055078125
0 0.86328125 0.73828125 0.067578125 0.080078125
0 0.814453125 0.562890625 0.071484375 0.065234375
0 0.898828125 0.59296875 0.071484375 0.051953125
0 0.85625 0.626171875 0.07421875 0.060546875
0 0.8109375 0.636328125 0.052734375 0.053125
0 0.832421875 0.68671875 0.076953125 0.055859375
0 0.7703125 0.75703125 0.06953125 0.074609375
0 0.7015625 0.66796875 0.062890625 0.04453125
0 0.758984375 0.684375 0.048828125 0.06796875
0 0.7015625 0.714453125 0.066796875 0.051171875
0 0.6875 0.754296875 0.066796875 0.0484375
0 0.66953125 0.7875 0.049609375 0.0625
0 0.675 0.878515625 0.066796875 0.051171875
0 0.63984375 0.88046875 0.058203125 0.060546875
0 0.64375 0.829296875 0.067578125 0.05390625
0 0.64921875 0.619140625 0.052734375 0.059765625
0 0.618359375 0.6546875 0.058203125 0.06328125
0 0.603515625 0.81953125 0.063671875 0.045703125
0 0.599609375 0.733203125 0.063671875 0.071875
0 0.58828125 0.858984375 0.052734375 0.047265625
0 0.58125 0.8984375 0.066796875 0.04375
0 0.535546875 0.82421875 0.07421875 0.051171875
0 0.526953125 0.87109375 0.068359375 0.055078125
0 0.5625 0.680859375 0.0515625 0.0671875
0 0.5390625 0.628515625 0.066796875 0.055859375
0 0.522265625 0.684765625 0.062890625 0.0765625
0 0.48046875 0.691015625 0.048828125 0.069921875
0 0.43359375 0.733984375 0.05625 0.069921875
0 0.404296875 0.783984375 0.063671875 0.055078125
0 0.3609375 0.825 0.0703125 0.05859375
0 0.33359375 0.88515625 0.077734375 0.051171875
0 0.385546875 0.88125 0.05625 0.071875
0 0.458984375 0.892578125 0.05625 0.060546875
0 0.45078125 0.828515625 0.058984375 0.04453125
0 0.43125 0.85703125 0.053515625 0.034375
0 0.48671875 0.840234375 0.049609375 0.051171875
0 0.412109375 0.590625 0.066015625 0.053125
0 0.353515625 0.5765625 0.05625 0.080078125
0 0.46015625 0.6296875 0.075390625 0.05546875
0 0.412109375 0.683203125 0.04765625 0.0671875
0 0.37421875 0.670703125 0.0453125 0.060546875
0 0.326953125 0.6609375 0.051171875 0.058203125
0 0.2953125 0.64375 0.0453125 0.048828125
0 0.245703125 0.647265625 0.0375 0.060546875
0 0.22890625 0.5625 0.04921875 0.058984375
0 0.201953125 0.61484375 0.051171875 0.068359375
0 0.344140625 0.7453125 0.051953125 0.073046875
0 0.315625 0.78515625 0.053515625 0.072265625
0 0.3109375 0.723046875 0.04765625 0.058203125
0 0.26328125 0.72265625 0.059375 0.058984375
0 0.22421875 0.77265625 0.06875 0.05390625
0 0.21015625 0.6875 0.063671875 0.05078125
0 0.153125 0.729296875 0.062109375 0.04375
0 0.072265625 0.579296875 0.0609375 0.072265625
0 0.02890625 0.5984375 0.0578125 0.0625
0 0.0328125 0.653125 0.065625 0.0609375
0 0.105078125 0.65546875 0.066015625 0.04375
0 0.133984375 0.68515625 0.046875 0.049609375
0 0.080078125 0.700390625 0.074609375 0.03984375
0 0.03515625 0.733203125 0.046875 0.0640625
0 0.08828125 0.73984375 0.062890625 0.0421875
0 0.108984375 0.789453125 0.066796875 0.0625
0 0.05859375 0.787890625 0.050390625 0.058984375
0 0.0203125 0.794140625 0.040625 0.05703125