0 0.038671875 0.5421875 0.07734375 0.05625
0 0.1125 0.558984375 0.083203125 0.051953125
0 0.025390625 0.570703125 0.05078125 0.05078125
0 0.212109375 0.691015625 0.07890625 0.0625
0 0.0140625 0.651171875 0.027734375 0.051171875
0 0.046875 0.872265625 0.0640625 0.04765625
0 0.206640625 0.784765625 0.09375 0.0578125
0 0.445703125 0.608984375 0.0765625 0.047265625
0 0.453515625 0.701171875 0.075390625 0.05078125
0 0.646875 0.625 0.05625 0.083203125
0 0.689453125 0.734375 0.087109375 0.05390625
0 0.833984375 0.79140625 0.068359375 0.082421875
0 0.7546875 0.796484375 0.067578125 0.06015625
0 0.9765625 0.7703125 0.046875 0.0703125
0 0.3796875 0.503515625 0.075 0.063671875