0 0.01171875 0.207421875 0.0234375 0.066015625
0 0.133203125 0.2921875 0.066796875 0.0953125
0 0.201171875 0.27109375 0.0796875 0.058984375
0 0.2640625 0.3296875 0.0765625 0.0640625
0 0.33828125 0.48125 0.078125 0.069921875
0 0.344921875 0.578515625 0.08125 0.06328125
0 0.457421875 0.540234375 0.057421875 0.069921875
0 0.0328125 0.11328125 0.065234375 0.084765625
0 0.071875 0.1421875 0.066015625 0.0703125
0 0.111328125 0.109765625 0.055859375 0.080859375
0 0.144921875 0.144921875 0.081640625 0.084375
0 0.197265625 0.175390625 0.072265625 0.090625
0 0.196484375 0.11015625 0.058984375 0.063671875
0 0.248828125 0.1359375 0.058984375 0.070703125
0 0.284765625 0.10859375 0.06953125 0.053515625
0 0.323046875 0.106640625 0.0625 0.04609375
0 0.34140625 0.15078125 0.065625 0.065625
0 0.29765625 0.1359375 0.046875 0.05546875
0 0.287109375 0.173828125 0.06953125 0.044921875
0 0.3296875 0.214453125 0.066015625 0.085546875
0 0.280078125 0.222265625 0.063671875 0.062109375
0 0.478515625 0.16015625 0.08515625 0.060546875
0 0.5078125 0.203125 0.06015625 0.073046875
0 0.5890625 0.305859375 0.046875 0.083203125
0 0.653125 0.308984375 0.084765625 0.078515625
0 0.649609375 0.232421875 0.073046875 0.06171875
0 0.54453125 0.16875 0.056640625 0.060546875
0 0.596875 0.18203125 0.07421875 0.063671875
0 0.693359375 0.17265625 0.06171875 0.07734375
0 0.729296875 0.15625 0.052734375 0.0765625
0 0.7921875 0.17890625 0.11328125 0.06875
0 0.77890625 0.221875 0.083203125 0.0671875
0 0.817578125 0.701171875 0.04765625 0.028515625
0 0.71015625 0.718359375 0.066015625 0.092578125
0 0.40625 0.671484375 0.062109375 0.082421875
0 0.24921875 0.719921875 0.093359375 0.07890625
0 0.01796875 0.677734375 0.0359375 0.06015625
0 0.215234375 0.667578125 0.075390625 0.080859375
0 0.458984375 0.719140625 0.066015625 0.067578125
0 0.531640625 0.7578125 0.07421875 0.05703125
0 0.01015625 0.75546875 0.019921875 0.04453125
0 0.656640625 0.865625 0.051953125 0.0765625
0 0.6078125 0.87890625 0.062109375 0.075390625
0 0.542578125 0.882421875 0.07265625 0.06171875
0 0.479296875 0.8890625 0.053125 0.06953125
0 0.462890625 0.8546875 0.046875 0.058984375
0 0.515234375 0.84296875 0.051953125 0.0515625
0 0.558984375 0.798828125 0.0484375 0.08515625
0 0.523828125 0.80234375 0.04375 0.059765625
0 0.4859375 0.7953125 0.050390625 0.07578125
0 0.44765625 0.770703125 0.05390625 0.06640625
0 0.441015625 0.8109375 0.0734375 0.05546875
0 0.42109375 0.83359375 0.05 0.06875
0 0.4140625 0.878515625 0.047265625 0.0578125
0 0.384375 0.893359375 0.06015625 0.06796875
0 0.34140625 0.891796875 0.062890625 0.057421875
0 0.379296875 0.843359375 0.0765625 0.0546875
0 0.2703125 0.77421875 0.066796875 0.073828125
0 0.2125 0.7828125 0.059765625 0.08046875
0 0.1734375 0.81328125 0.06640625 0.06953125
0 0.2125 0.845703125 0.06328125 0.069921875
0 0.2296875 0.887109375 0.07734375 0.078515625
0 0.03828125 0.901171875 0.0765625 0.07890625
0 0.121484375 0.846875 0.065234375 0.083984375
0 0.0765625 0.84609375 0.044921875 0.076953125
0 0.034765625 0.845703125 0.06953125 0.0578125
0 0.1171875 0.78828125 0.071484375 0.0640625
0 0.08125 0.76953125 0.059765625 0.08203125
0 0.03203125 0.786328125 0.05625 0.064453125
0 0.014453125 0.828515625 0.02890625 0.05703125
0 0.034375 0.84375 0.062890625 0.05546875