0 0.9515625 0.328125 0.065625 0.069140625
0 0.831640625 0.4 0.06171875 0.071875
0 0.71328125 0.426171875 0.073046875 0.040625
0 0.764453125 0.41484375 0.0578125 0.0703125
0 0.778515625 0.457421875 0.055859375 0.070703125
0 0.0546875 0.841796875 0.05859375 0.073828125
0 0.192578125 0.8109375 0.059765625 0.053125
0 0.2859375 0.7625 0.0734375 0.059765625
0 0.22421875 0.861328125 0.0640625 0.05234375
0 0.8703125 0.78984375 0.083984375 0.062109375
0 0.645703125 0.84921875 0.044921875 0.08046875
0 0.609375 0.872265625 0.05078125 0.06328125
0 0.48828125 0.865625 0.080078125 0.065234375
0 0.5140625 0.76328125 0.0546875 0.07109375
0 0.460546875 0.755859375 0.044140625 0.059765625
0 0.494140625 0.66484375 0.04765625 0.066015625
0 0.436328125 0.796484375 0.07734375 0.0640625
0 0.3953125 0.6765625 0.0484375 0.066796875
0 0.580078125 0.61953125 0.057421875 0.07734375
0 0.084765625 0.42578125 0.062890625 0.0765625
0 0.035546875 0.56328125 0.07109375 0.052734375
0 0.025390625 0.62578125 0.05078125 0.048828125
0 0.5140625 0.521484375 0.06640625 0.044921875
0 0.75703125 0.528515625 0.071484375 0.051171875