0 0.89296875 0.71484375 0.0390625 0.0703125
0 0.9484375 0.70703125 0.0546875 0.0375
0 0.888671875 0.844921875 0.06328125 0.05703125
0 0.966796875 0.83984375 0.05703125 0.05
0 0.8046875 0.819921875 0.06875 0.04765625
0 0.763671875 0.84140625 0.06796875 0.0515625
0 0.73984375 0.876953125 0.0640625 0.05078125
0 0.762890625 0.909765625 0.07265625 0.05703125
0 0.83515625 0.869921875 0.059375 0.04921875
0 0.916796875 0.904296875 0.03671875 0.06796875
0 0.952734375 0.896484375 0.03828125 0.06640625
0 0.98515625 0.90078125 0.0296875 0.053125