0 0.978515625 0.258203125 0.04296875 0.06484375
0 0.98046875 0.380859375 0.0390625 0.05390625
0 0.884375 0.666796875 0.06015625 0.091796875
0 0.433984375 0.50859375 0.07890625 0.05546875
0 0.44296875 0.637109375 0.044921875 0.078125
0 0.398046875 0.648828125 0.044921875 0.080859375
0 0.101953125 0.5640625 0.0765625 0.053125
0 0.03046875 0.59453125 0.0609375 0.059375
0 0.09296875 0.595703125 0.059375 0.066015625
0 0.039453125 0.704296875 0.07890625 0.05546875
0 0.0515625 0.78359375 0.068359375 0.07890625
0 0.244921875 0.85859375 0.063671875 0.074609375