0 0.987890625 0.21796875 0.02421875 0.0578125
0 0.73046875 0.095703125 0.059765625 0.09296875
0 0.89765625 0.315625 0.076171875 0.076171875
0 0.96171875 0.396484375 0.0765625 0.065625
0 0.46328125 0.371875 0.064453125 0.0765625
0 0.93515625 0.7796875 0.05859375 0.087109375
0 0.8921875 0.80234375 0.062109375 0.081640625
0 0.913671875 0.662890625 0.073828125 0.055078125
0 0.765625 0.679296875 0.05625 0.09921875
0 0.8265625 0.56796875 0.076171875 0.06328125
0 0.783984375 0.8703125 0.06875 0.055859375
0 0.653125 0.784765625 0.062109375 0.093359375
0 0.623046875 0.815234375 0.0640625 0.08359375
0 0.6984375 0.668359375 0.08046875 0.05859375
0 0.66484375 0.647265625 0.05625 0.067578125
0 0.670703125 0.58984375 0.080859375 0.055859375
0 0.504296875 0.492578125 0.06015625 0.075
0 0.459375 0.644921875 0.079296875 0.064453125
0 0.5109375 0.684375 0.0796875 0.058203125
0 0.60546875 0.902734375 0.08125 0.062890625
0 0.4515625 0.79375 0.071875 0.067578125
0 0.312109375 0.717578125 0.0921875 0.0515625
0 0.24765625 0.651171875 0.071484375 0.056640625
0 0.210546875 0.734375 0.0515625 0.0734375
0 0.12890625 0.669921875 0.06484375 0.076953125
0 0.022265625 0.884375 0.04453125 0.0859375
0 0.059375 0.894140625 0.054296875 0.073828125
0 0.107421875 0.85078125 0.0609375 0.086328125
0 0.09765625 0.916015625 0.057421875 0.05546875
0 0.13984375 0.880078125 0.05625 0.069140625
0 0.16171875 0.9015625 0.057421875 0.077734375
0 0.198828125 0.87890625 0.046484375 0.08515625
0 0.2359375 0.911328125 0.070703125 0.059765625
0 0.246484375 0.853125 0.055078125 0.0890625
0 0.273046875 0.89296875 0.057421875 0.08203125
0 0.312890625 0.903515625 0.0515625 0.073828125
0 0.344140625 0.8609375 0.062109375 0.0796875
0 0.35859375 0.90703125 0.053515625 0.0546875
0 0.399609375 0.8921875 0.05 0.071484375
0 0.508203125 0.89609375 0.062109375 0.060546875
0 0.457421875 0.9109375 0.049609375 0.055078125
0 0.47578125 0.850390625 0.060546875 0.080859375
0 0.43359375 0.888671875 0.051171875 0.087109375