0 0.0140625 0.5875 0.028125 0.051953125
0 0.051953125 0.615234375 0.055859375 0.0671875
0 0.019921875 0.661328125 0.03984375 0.0578125
0 0.057421875 0.760546875 0.087890625 0.0640625
0 0.4125 0.8296875 0.066015625 0.06015625
0 0.58515625 0.858984375 0.044921875 0.06953125
0 0.468359375 0.867578125 0.047265625 0.066796875
0 0.497265625 0.88828125 0.0484375 0.065234375
0 0.53828125 0.87109375 0.059765625 0.057421875
0 0.33671875 0.5546875 0.070703125 0.056640625
0 0.626171875 0.667578125 0.05390625 0.07109375
0 0.965625 0.79921875 0.06875 0.06875