0 0.928515625 0.873046875 0.0546875 0.074609375
0 0.9796875 0.87578125 0.040625 0.0515625
0 0.93671875 0.656640625 0.059375 0.066015625
0 0.98828125 0.6875 0.023046875 0.055078125
0 0.86640625 0.7625 0.075390625 0.065625
0 0.787109375 0.60703125 0.0703125 0.0578125
0 0.72265625 0.66171875 0.07421875 0.046484375
0 0.7359375 0.7125 0.059375 0.056640625
0 0.628515625 0.766015625 0.06484375 0.067578125
0 0.7296875 0.823828125 0.046875 0.07265625
0 0.9625 0.375390625 0.0578125 0.0765625
0 0.984375 0.1125 0.030859375 0.06484375
0 0.955078125 0.103125 0.05859375 0.075
0 0.84921875 0.092578125 0.073828125 0.057421875
0 0.780859375 0.105078125 0.064453125 0.0546875
0 0.7078125 0.140625 0.075390625 0.069140625
0 0.689453125 0.098828125 0.07890625 0.049609375
0 0.624609375 0.126953125 0.067578125 0.069921875
0 0.689453125 0.23125 0.05 0.08203125
0 0.96796875 0.174609375 0.0640625 0.05390625
0 0.917578125 0.1953125 0.076171875 0.06484375
0 0.9 0.141796875 0.059765625 0.055859375
0 0.855859375 0.1640625 0.0578125 0.06796875
0 0.88046875 0.36640625 0.06015625 0.05703125
0 0.80078125 0.419921875 0.055859375 0.066015625
0 0.699609375 0.421484375 0.05859375 0.051953125
0 0.39140625 0.378515625 0.07109375 0.05390625
0 0.558984375 0.44296875 0.0703125 0.047265625
0 0.646875 0.483984375 0.073828125 0.04609375
0 0.46953125 0.48046875 0.040625 0.070703125
0 0.69609375 0.459765625 0.048828125 0.058203125
0 0.6765625 0.521484375 0.06015625 0.053125
0 0.724609375 0.573828125 0.059765625 0.05703125
0 0.596484375 0.5890625 0.06328125 0.076953125
0 0.488671875 0.51875 0.077734375 0.0625
0 0.330078125 0.480078125 0.07734375 0.055859375
0 0.394140625 0.5 0.055078125 0.06640625
0 0.2953125 0.49296875 0.064453125 0.068359375
0 0.415625 0.609375 0.06640625 0.04296875
0 0.5140625 0.648828125 0.05 0.07109375
0 0.6046875 0.678515625 0.045703125 0.08046875
0 0.481640625 0.843359375 0.079296875 0.063671875
0 0.527734375 0.774609375 0.06171875 0.0609375
0 0.56640625 0.77578125 0.062890625 0.06171875
0 0.578515625 0.81640625 0.053515625 0.061328125
0 0.842578125 0.8375 0.0609375 0.05546875
0 0.86640625 0.884765625 0.07265625 0.055859375
0 0.7890625 0.87109375 0.067578125 0.058984375
0 0.746484375 0.893359375 0.048046875 0.078125
0 0.683984375 0.844140625 0.059765625 0.057421875
0 0.65234375 0.878125 0.06640625 0.058203125
0 0.580078125 0.87890625 0.067578125 0.05546875
0 0.488671875 0.9109375 0.06328125 0.0375
0 0.390625 0.855078125 0.062890625 0.06953125
0 0.3328125 0.88125 0.078125 0.08515625
0 0.296484375 0.910546875 0.08359375 0.02734375
0 0.259765625 0.735546875 0.06796875 0.0609375
0 0.311328125 0.666015625 0.059765625 0.07109375
0 0.432421875 0.72421875 0.059765625 0.054296875
0 0.366015625 0.715625 0.10078125 0.047265625
0 0.39140625 0.7703125 0.06328125 0.066796875
0 0.271875 0.79140625 0.065234375 0.048828125
0 0.299609375 0.759765625 0.04296875 0.06953125
0 0.33515625 0.766015625 0.054296875 0.07578125
0 0.355859375 0.807421875 0.071484375 0.057421875
0 0.208203125 0.81328125 0.048046875 0.05625
0 0.156640625 0.771875 0.09609375 0.058984375
0 0.166796875 0.740625 0.06796875 0.038671875
0 0.1640625 0.815234375 0.05546875 0.04453125
0 0.1640625 0.8640625 0.062890625 0.04375
0 0.200390625 0.868359375 0.041015625 0.03671875
0 0.220703125 0.855078125 0.042578125 0.066015625
0 0.26640625 0.85 0.068359375 0.059375
0 0.159765625 0.580078125 0.059765625 0.052734375
0 0.159375 0.609765625 0.065234375 0.030859375
0 0.2265625 0.36015625 0.069921875 0.049609375
0 0.194140625 0.383984375 0.062109375 0.070703125
0 0.169140625 0.459375 0.061328125 0.03984375
0 0.172265625 0.4296875 0.06640625 0.0375
0 0.212109375 0.46640625 0.07265625 0.053515625
0 0.146484375 0.416796875 0.039453125 0.04296875
0 0.223046875 0.576171875 0.0515625 0.074609375
0 0.26171875 0.603515625 0.069140625 0.063671875
0 0.196875 0.628125 0.065234375 0.045703125
0 0.153515625 0.665234375 0.04140625 0.037890625
0 0.2109375 0.659375 0.0640625 0.05234375
0 0.191015625 0.686328125 0.062109375 0.031640625
0 0.165625 0.704296875 0.06875 0.037890625
0 0.331640625 0.53046875 0.073828125 0.0453125
0 0.1984375 0.50859375 0.06015625 0.0484375
0 0.161328125 0.49140625 0.063671875 0.034765625
0 0.153515625 0.5296875 0.05625 0.05078125
0 0.190234375 0.55234375 0.037109375 0.05
0 0.17890625 0.28046875 0.076953125 0.070703125
0 0.156640625 0.22578125 0.04140625 0.05078125
0 0.191796875 0.220703125 0.053515625 0.062109375
0 0.213671875 0.20078125 0.062109375 0.06328125
0 0.241796875 0.1953125 0.047265625 0.068359375
0 0.2796875 0.172265625 0.048046875 0.07265625
0 0.31328125 0.185546875 0.046875 0.0796875
0 0.364453125 0.20859375 0.04609375 0.053125
0 0.3921875 0.22890625 0.056640625 0.06484375
0 0.304296875 0.254296875 0.055859375 0.083203125
0 0.259765625 0.265234375 0.071484375 0.05546875
0 0.172265625 0.122265625 0.048828125 0.058203125
0 0.265234375 0.1 0.075390625 0.05234375
0 0.2265625 0.12890625 0.05546875 0.049609375
0 0.196484375 0.146484375 0.04765625 0.03671875
0 0.61796875 0.091796875 0.0546875 0.041015625
0 0.56796875 0.103515625 0.05546875 0.0515625
0 0.53828125 0.21796875 0.06015625 0.08671875
0 0.426171875 0.267578125 0.063671875 0.0484375
0 0.47109375 0.3140625 0.066015625 0.0734375
0 0.534375 0.3578125 0.060546875 0.07265625
0 0.571484375 0.310546875 0.067578125 0.05703125
0 0.613671875 0.282421875 0.0578125 0.062890625
0 0.66796875 0.306640625 0.06015625 0.075
0 0.734375 0.322265625 0.073828125 0.06796875
0 0.36953125 0.136328125 0.053125 0.07109375
0 0.33046875 0.576171875 0.0578125 0.052734375
0 0.372265625 0.569921875 0.04140625 0.066015625
0 0.39609375 0.5546875 0.048828125 0.063671875
0 0.428515625 0.538671875 0.066015625 0.051171875
0 0.44765625 0.640625 0.066796875 0.04921875
0 0.555078125 0.696484375 0.056640625 0.06796875