0 0.983203125 0.051953125 0.03359375 0.06015625
0 0.96015625 0.0609375 0.054296875 0.07265625
0 0.885546875 0.05546875 0.054296875 0.064453125
0 0.9265625 0.055078125 0.0421875 0.059375
0 0.837890625 0.065625 0.03984375 0.0765625
0 0.976171875 0.2359375 0.04765625 0.06640625
0 0.982421875 0.191796875 0.03515625 0.03984375
0 0.9875 0.150390625 0.025 0.05
0 0.95546875 0.17734375 0.045703125 0.090234375
0 0.92109375 0.16796875 0.069140625 0.07265625
0 0.85234375 0.171484375 0.08125 0.09609375
0 0.977734375 0.115234375 0.044140625 0.045703125
0 0.93359375 0.11171875 0.081640625 0.060546875
0 0.8859375 0.105078125 0.073828125 0.060546875
0 0.81171875 0.141015625 0.06328125 0.08203125
0 0.818359375 0.089453125 0.043359375 0.05703125
0 0.7875 0.051171875 0.066796875 0.045703125
0 0.780078125 0.0875 0.061328125 0.0765625
0 0.798828125 0.242578125 0.0890625 0.0625
0 0.81015625 0.301171875 0.0859375 0.06796875
0 0.6859375 0.31015625 0.084765625 0.08125
0 0.67578125 0.417578125 0.051953125 0.09296875
0 0.73046875 0.39140625 0.071875 0.0765625
0 0.819921875 0.42890625 0.091015625 0.065625
0 0.72890625 0.130859375 0.06875 0.0671875
0 0.704296875 0.167578125 0.041796875 0.098046875
0 0.66796875 0.15 0.05625 0.080078125
0 0.63125 0.145703125 0.0546875 0.064453125
0 0.605859375 0.18359375 0.062890625 0.087890625
0 0.563671875 0.204296875 0.05234375 0.082421875
0 0.573828125 0.14375 0.0671875 0.0546875
0 0.652734375 0.112109375 0.051953125 0.0390625
0 0.695703125 0.093359375 0.055078125 0.0484375
0 0.73359375 0.067578125 0.046484375 0.080078125
0 0.698046875 0.053515625 0.053515625 0.0671875
0 0.6625 0.06015625 0.04609375 0.07265625
0 0.612109375 0.051171875 0.0625 0.049609375
0 0.6234375 0.08984375 0.051953125 0.051171875
0 0.59765625 0.112890625 0.058984375 0.054296875
0 0.541796875 0.10546875 0.06953125 0.06015625
0 0.53125 0.166015625 0.04609375 0.0796875
0 0.489453125 0.19453125 0.071875 0.064453125
0 0.441796875 0.19296875 0.053515625 0.088671875
0 0.49140625 0.139453125 0.058203125 0.063671875
0 0.568359375 0.057421875 0.037109375 0.066796875
0 0.532421875 0.0625 0.04453125 0.07578125
0 0.498046875 0.068359375 0.043359375 0.078125
0 0.45546875 0.05703125 0.056640625 0.060546875
0 0.46171875 0.09453125 0.059375 0.056640625
0 0.4359375 0.13046875 0.0609375 0.05234375
0 0.4125 0.147265625 0.04609375 0.05625
0 0.420703125 0.064453125 0.057421875 0.071484375
0 0.405859375 0.110546875 0.05078125 0.05546875
0 0.382421875 0.05625 0.0578125 0.05390625
0 0.36796875 0.090234375 0.04453125 0.0640625
0 0.34375 0.060546875 0.040234375 0.060546875
0 0.31328125 0.056640625 0.049609375 0.066796875
0 0.269140625 0.061328125 0.0609375 0.062109375
0 0.38359375 0.14140625 0.05859375 0.0609375
0 0.38828125 0.18203125 0.05078125 0.077734375
0 0.346875 0.198828125 0.0765625 0.05625
0 0.3296875 0.162109375 0.05078125 0.07578125
0 0.34765625 0.12890625 0.05625 0.06015625
0 0.31796875 0.099609375 0.0484375 0.052734375
0 0.293359375 0.148046875 0.0546875 0.0671875
0 0.24921875 0.136328125 0.044921875 0.08046875
0 0.268359375 0.09453125 0.055078125 0.06015625
0 0.183203125 0.36640625 0.067578125 0.09609375
0 0.19375 0.178515625 0.090234375 0.055859375
0 0.192578125 0.1375 0.06171875 0.04296875
0 0.210546875 0.073046875 0.08359375 0.088671875
0 0.1859375 0.045703125 0.051953125 0.051953125
0 0.141796875 0.05859375 0.04921875 0.060546875
0 0.103515625 0.06171875 0.051171875 0.066015625
0 0.06796875 0.055859375 0.05078125 0.059765625
0 0.061328125 0.091015625 0.08203125 0.04921875
0 0.019921875 0.05390625 0.03984375 0.065234375
0 0.01640625 0.096875 0.0328125 0.0640625
0 0.04296875 0.13203125 0.066015625 0.058203125
0 0.1328125 0.105078125 0.079296875 0.05234375
0 0.147265625 0.15390625 0.065234375 0.0640625
0 0.096484375 0.13359375 0.069921875 0.053515625
0 0.11015625 0.176953125 0.079296875 0.089453125
0 0.059375 0.169140625 0.06796875 0.061328125
0 0.043359375 0.22109375 0.0578125 0.09375
0 0.09453125 0.219140625 0.083984375 0.10078125
0 0.082421875 0.5375 0.088671875 0.07109375
0 0.116796875 0.571484375 0.07890625 0.066015625
0 0.14921875 0.6546875 0.08359375 0.053125
0 0.266796875 0.745703125 0.105078125 0.074609375
0 0.277734375 0.54296875 0.08515625 0.08203125
0 0.738671875 0.571875 0.07109375 0.069921875
0 0.755078125 0.71328125 0.078515625 0.074609375
0 0.704296875 0.745703125 0.051171875 0.088671875
0 0.53046875 0.738671875 0.065625 0.06796875
0 0.4140625 0.765234375 0.084765625 0.0765625
0 0.9796875 0.89609375 0.040625 0.064453125
0 0.9453125 0.896875 0.050390625 0.06015625
0 0.90859375 0.89296875 0.068359375 0.04453125
0 0.938671875 0.848828125 0.065625 0.065625
0 0.976953125 0.848828125 0.04609375 0.0671875
0 0.9875 0.794921875 0.025 0.059375
0 0.9484375 0.803125 0.068359375 0.069140625
0 0.93125 0.755078125 0.064453125 0.08671875
0 0.97890625 0.730859375 0.0421875 0.073046875
0 0.864453125 0.746484375 0.05859375 0.07734375
0 0.89921875 0.800390625 0.05234375 0.069140625
0 0.84921875 0.790625 0.052734375 0.08125
0 0.8921875 0.8515625 0.049609375 0.06328125
0 0.865625 0.8875 0.048828125 0.071875
0 0.829296875 0.8859375 0.05 0.07265625
0 0.84140625 0.835546875 0.07265625 0.047265625
0 0.807421875 0.783984375 0.0625 0.065234375
0 0.764453125 0.793359375 0.0640625 0.055078125
0 0.79921875 0.867578125 0.053125 0.047265625
0 0.774609375 0.891015625 0.0671875 0.06171875
0 0.763671875 0.837890625 0.055078125 0.064453125
0 0.722265625 0.83125 0.05 0.081640625
0 0.73203125 0.888671875 0.05859375 0.06640625
0 0.698828125 0.872265625 0.053515625 0.078515625
0 0.673046875 0.853125 0.056640625 0.080859375
0 0.65390625 0.791796875 0.0625 0.08046875
0 0.592578125 0.78359375 0.06796875 0.05859375
0 0.55859375 0.798046875 0.041015625 0.072265625
0 0.51171875 0.7984375 0.06328125 0.056640625
0 0.4796875 0.823046875 0.0734375 0.059765625
0 0.43125 0.86640625 0.049609375 0.08046875
0 0.371875 0.8859375 0.080078125 0.052734375
0 0.32890625 0.851171875 0.08515625 0.0625
0 0.39375 0.839453125 0.07734375 0.063671875
0 0.46015625 0.870703125 0.06328125 0.062890625
0 0.510546875 0.875 0.052734375 0.078125
0 0.551953125 0.88828125 0.051171875 0.059765625
0 0.5921875 0.89453125 0.05859375 0.050390625
0 0.6484375 0.897265625 0.065234375 0.043359375
0 0.63203125 0.85078125 0.05 0.072265625
0 0.6046875 0.827734375 0.064453125 0.065234375
0 0.58515625 0.85859375 0.049609375 0.047265625
0 0.54453125 0.84453125 0.060546875 0.07109375