0 0.02421875 0.0875 0.0484375 0.05859375
0 0.01171875 0.128515625 0.023046875 0.062890625
0 0.085546875 0.157421875 0.0484375 0.07421875
0 0.13046875 0.172265625 0.055859375 0.0765625
0 0.18046875 0.18125 0.05078125 0.077734375
0 0.099609375 0.225 0.062109375 0.078515625
0 0.115234375 0.2953125 0.073828125 0.07109375
0 0.36953125 0.11328125 0.05703125 0.078515625
0 0.628515625 0.121484375 0.055859375 0.0890625
0 0.727734375 0.11015625 0.062109375 0.080859375
0 0.475 0.575390625 0.052734375 0.0703125
0 0.57578125 0.698046875 0.070703125 0.059765625
0 0.882421875 0.58671875 0.055078125 0.0859375
0 0.788671875 0.276953125 0.078125 0.063671875