0 0.215234375 0.139453125 0.054296875 0.083984375
0 0.173046875 0.13125 0.04609375 0.08515625
0 0.14296875 0.105859375 0.049609375 0.075390625
0 0.102734375 0.09140625 0.0515625 0.043359375
0 0.115625 0.143359375 0.05703125 0.066015625
0 0.08359375 0.168359375 0.039453125 0.06953125
0 0.04921875 0.185546875 0.051171875 0.07265625
0 0.016796875 0.17421875 0.03359375 0.065625
0 0.073828125 0.097265625 0.0375 0.061328125
0 0.018359375 0.087890625 0.03671875 0.05390625
0 0.026171875 0.115625 0.03828125 0.06875
0 0.01875 0.5765625 0.0375 0.06875
0 0.015625 0.715234375 0.03125 0.072265625
0 0.106640625 0.672265625 0.05078125 0.073046875
0 0.156640625 0.691796875 0.05859375 0.0796875
0 0.105859375 0.752734375 0.062109375 0.05546875
0 0.084375 0.70078125 0.07578125 0.0578125
0 0.03515625 0.758203125 0.069921875 0.065625
0 0.2046875 0.80390625 0.084765625 0.06484375
0 0.308984375 0.768359375 0.056640625 0.080078125
0 0.28203125 0.839453125 0.078515625 0.073046875
0 0.1078125 0.85859375 0.05234375 0.07890625
0 0.08359375 0.825390625 0.076953125 0.058203125
0 0.815625 0.834375 0.06640625 0.1015625
0 0.752734375 0.844921875 0.05078125 0.076171875
0 0.591796875 0.83828125 0.066015625 0.066015625
0 0.328515625 0.536328125 0.06640625 0.06796875
0 0.2171875 0.55 0.08125 0.07109375
0 0.139453125 0.61171875 0.08828125 0.051171875
0 0.97890625 0.873828125 0.041796875 0.099609375