0 0.023046875 0.17109375 0.04609375 0.075
0 0.146875 0.160546875 0.06328125 0.0546875
0 0.20546875 0.091796875 0.048828125 0.0796875
0 0.1578125 0.08125 0.046875 0.067578125
0 0.14453125 0.115234375 0.0640625 0.04609375
0 0.19296875 0.13046875 0.044921875 0.076171875
0 0.32578125 0.661328125 0.069921875 0.057421875
0 0.37265625 0.64375 0.041796875 0.07734375
0 0.3625 0.796484375 0.0828125 0.0609375
0 0.398828125 0.868359375 0.07734375 0.062109375
0 0.34296875 0.8859375 0.07265625 0.05546875
0 0.702734375 0.85859375 0.055078125 0.0734375
0 0.672265625 0.834375 0.06640625 0.048046875
0 0.691015625 0.796484375 0.074609375 0.0546875