0 0.284375 0.866015625 0.055078125 0.062890625
0 0.32265625 0.954296875 0.04609375 0.071484375
0 0.4390625 0.855859375 0.05234375 0.05390625
0 0.710546875 0.891796875 0.07734375 0.057421875
0 0.79375 0.956640625 0.0703125 0.08671875
0 0.74140625 0.965234375 0.0578125 0.06953125
0 0.71875 0.95859375 0.0578125 0.06640625
0 0.148046875 0.471484375 0.09453125 0.063671875
0 0.129296875 0.5203125 0.072265625 0.080859375
0 0.07578125 0.4890625 0.09453125 0.068359375
0 0.24609375 0.469140625 0.070703125 0.07109375
0 0.30859375 0.501953125 0.069140625 0.079296875
0 0.28359375 0.5796875 0.0734375 0.0625
0 0.24609375 0.65625 0.057421875 0.07421875
0 0.20234375 0.644921875 0.066796875 0.07109375
0 0.054296875 0.630859375 0.071484375 0.05859375
0 0.016796875 0.670703125 0.03359375 0.04765625
0 0.027734375 0.540234375 0.05546875 0.06640625
0 0.053125 0.548828125 0.0625 0.059375
0 0.0953125 0.5640625 0.05234375 0.080078125
0 0.316015625 0.646875 0.05703125 0.0671875
0 0.384375 0.690625 0.05 0.076171875
0 0.36953125 0.6328125 0.053515625 0.070703125
0 0.426171875 0.625390625 0.071484375 0.059765625
0 0.40546875 0.588671875 0.058984375 0.0625
0 0.466796875 0.60703125 0.053125 0.076171875
0 0.544921875 0.6390625 0.05546875 0.07421875
0 0.624609375 0.579296875 0.054296875 0.073828125
0 0.5421875 0.506640625 0.06953125 0.05859375
0 0.4546875 0.5171875 0.062890625 0.06328125
0 0.464453125 0.461328125 0.061328125 0.06171875
0 0.427734375 0.440234375 0.05078125 0.070703125
0 0.4984375 0.40625 0.05234375 0.073046875
0 0.5828125 0.485546875 0.070703125 0.06171875
0 0.644140625 0.49296875 0.061328125 0.07578125
0 0.008203125 0.34296875 0.01640625 0.05625
0 0.051953125 0.416015625 0.077734375 0.053125
0 0.107421875 0.402734375 0.069921875 0.05625
0 0.14375 0.37890625 0.057421875 0.064453125
0 0.176171875 0.380859375 0.064453125 0.07890625
0 0.21640625 0.4015625 0.05625 0.0703125
0 0.31328125 0.429296875 0.06171875 0.06953125
0 0.307421875 0.380078125 0.068359375 0.06171875
0 0.360546875 0.38046875 0.066015625 0.079296875
0 0.537890625 0.337890625 0.055078125 0.078125
0 0.63125 0.35703125 0.078125 0.0828125
0 0.456640625 0.337109375 0.0796875 0.05625
0 0.477734375 0.296875 0.07578125 0.053125
0 0.537109375 0.25546875 0.05703125 0.0828125
0 0.605859375 0.207421875 0.055078125 0.083984375
0 0.67578125 0.177734375 0.0734375 0.058984375
0 0.6859375 0.149609375 0.056640625 0.06953125
0 0.58359375 0.14296875 0.056640625 0.06796875
0 0.495703125 0.178515625 0.051953125 0.0609375
0 0.434375 0.15625 0.054296875 0.0640625
0 0.391796875 0.173046875 0.051171875 0.0734375
0 0.422265625 0.2296875 0.066796875 0.06484375
0 0.42109375 0.28359375 0.057421875 0.0796875
0 0.373046875 0.305859375 0.053515625 0.07421875
0 0.456640625 0.248828125 0.0484375 0.064453125
0 0.3328125 0.268359375 0.059765625 0.05078125
0 0.2984375 0.30234375 0.05703125 0.06640625
0 0.237890625 0.308203125 0.075390625 0.0515625
0 0.180078125 0.330859375 0.081640625 0.07265625
0 0.163671875 0.272265625 0.078515625 0.052734375
0 0.228125 0.261328125 0.0609375 0.065234375
0 0.29296875 0.253515625 0.068359375 0.064453125
0 0.353125 0.2171875 0.058984375 0.062109375
0 0.3296875 0.159765625 0.06875 0.0765625
0 0.259375 0.213671875 0.078125 0.05859375
0 0.18046875 0.22890625 0.082421875 0.058203125
0 0.15234375 0.18984375 0.0765625 0.05234375
0 0.035546875 0.291015625 0.063671875 0.10234375
0 0.058984375 0.2359375 0.083984375 0.056640625
0 0.01328125 0.23125 0.0265625 0.046875
0 0.033203125 0.180078125 0.065625 0.082421875
0 0.012890625 0.18828125 0.02578125 0.059375
0 0.08984375 0.1671875 0.06640625 0.05703125
0 0.075 0.123046875 0.079296875 0.050390625
0 0.025 0.11640625 0.05 0.075
0 0.127734375 0.10703125 0.059765625 0.06171875
0 0.172265625 0.101953125 0.057421875 0.076171875
0 0.24296875 0.113671875 0.07734375 0.094140625
0 0.28125 0.103125 0.05234375 0.0625
0 0.3296875 0.1171875 0.05625 0.080078125
0 0.36875 0.117578125 0.04765625 0.073828125
0 0.428125 0.101953125 0.06015625 0.059765625
0 0.50078125 0.115234375 0.058984375 0.07109375
0 0.701953125 0.30625 0.0546875 0.063671875
0 0.7796875 0.25625 0.081640625 0.0703125
0 0.7859375 0.29453125 0.056640625 0.071875
0 0.84296875 0.34453125 0.084765625 0.06484375
0 0.853125 0.385546875 0.06015625 0.080078125
0 0.815625 0.419921875 0.0484375 0.072265625
0 0.767578125 0.40546875 0.063671875 0.08046875
0 0.6984375 0.503125 0.05078125 0.0796875
0 0.707421875 0.42578125 0.065234375 0.09921875
0 0.86875 0.31171875 0.080859375 0.07421875
0 0.94609375 0.30390625 0.08125 0.055078125
0 0.953125 0.27109375 0.06328125 0.04921875
0 0.871875 0.260546875 0.07734375 0.05390625
0 0.872265625 0.2109375 0.0828125 0.069140625
0 0.944921875 0.227734375 0.09140625 0.062890625
0 0.987109375 0.166796875 0.025390625 0.070703125
0 0.9875 0.09296875 0.025 0.05
0 0.928125 0.08984375 0.080859375 0.055859375
0 0.95546875 0.16875 0.055859375 0.07734375
0 0.915234375 0.15859375 0.0625 0.07109375
0 0.865625 0.13046875 0.07265625 0.083203125
0 0.8234375 0.165625 0.0828125 0.058203125
0 0.74453125 0.1421875 0.066796875 0.096484375
0 0.794921875 0.1140625 0.068359375 0.073046875
0 0.648828125 0.096875 0.06484375 0.046875
0 0.70859375 0.101171875 0.073046875 0.0578125
0 0.76171875 0.1 0.053515625 0.082421875