0 0.03203125 0.869140625 0.0625 0.0625
0 0.070703125 0.82421875 0.065625 0.06640625
0 0.328125 0.746484375 0.05859375 0.059375
0 0.284765625 0.878515625 0.05390625 0.05390625
0 0.382421875 0.766015625 0.0578125 0.059375
0 0.4015625 0.905859375 0.044921875 0.06328125
0 0.44765625 0.9109375 0.06328125 0.046875
0 0.44609375 0.862890625 0.05078125 0.05
0 0.492578125 0.812109375 0.04375 0.07734375
0 0.652734375 0.67265625 0.0515625 0.076171875
0 0.812890625 0.67578125 0.065625 0.05859375
0 0.859765625 0.74375 0.0578125 0.08671875
0 0.904296875 0.79921875 0.068359375 0.067578125
0 0.755859375 0.834375 0.10546875 0.06328125