0 0.02890625 0.13671875 0.0578125 0.0890625
0 0.226953125 0.44765625 0.064453125 0.078515625
0 0.642578125 0.883984375 0.0703125 0.07421875
0 0.761328125 0.877734375 0.09921875 0.080859375
0 0.801171875 0.81875 0.07265625 0.1
0 0.871875 0.82734375 0.06640625 0.068359375
0 0.90078125 0.791015625 0.080078125 0.077734375
0 0.930078125 0.853515625 0.066015625 0.066796875
0 0.83359375 0.9078125 0.065234375 0.073046875
0 0.9875 0.82421875 0.025 0.062890625
0 0.658984375 0.145703125 0.072265625 0.065625
0 0.6578125 0.105859375 0.0859375 0.045703125