0 0.97421875 0.06171875 0.0515625 0.071875
0 0.91171875 0.090234375 0.059765625 0.090234375
0 0.874609375 0.0796875 0.056640625 0.08671875
0 0.8328125 0.13046875 0.0484375 0.094921875
0 0.82109375 0.072265625 0.059375 0.0703125
0 0.783984375 0.08125 0.051171875 0.09375
0 0.746875 0.115625 0.053125 0.07734375
0 0.766796875 0.161328125 0.06015625 0.080078125
0 0.726953125 0.095703125 0.048828125 0.087109375
0 0.808984375 0.26875 0.080859375 0.056640625
0 0.69140625 0.06015625 0.06484375 0.051171875
0 0.667578125 0.0921875 0.056640625 0.07890625
0 0.618359375 0.106640625 0.058984375 0.06640625
0 0.61953125 0.06796875 0.06640625 0.056640625
0 0.558984375 0.11171875 0.06640625 0.09140625
0 0.5265625 0.082421875 0.06171875 0.094140625
0 0.471484375 0.111328125 0.065625 0.103515625
0 0.447265625 0.06328125 0.050390625 0.073828125
0 0.4296875 0.105859375 0.051171875 0.074609375
0 0.40703125 0.071484375 0.0515625 0.078515625
0 0.3703125 0.075 0.052734375 0.0734375
0 0.318359375 0.070703125 0.066015625 0.051171875
0 0.273046875 0.067578125 0.051171875 0.042578125
0 0.288671875 0.123046875 0.0875 0.075390625
0 0.245703125 0.10234375 0.048046875 0.073828125
0 0.2203125 0.095703125 0.060546875 0.08828125
0 0.175390625 0.08828125 0.05859375 0.055859375
0 0.117578125 0.080078125 0.066015625 0.034765625
0 0.136328125 0.113671875 0.058984375 0.060546875
0 0.0984375 0.122265625 0.05390625 0.069140625
0 0.160546875 0.1734375 0.061328125 0.066796875
0 0.149609375 0.144140625 0.060546875 0.059765625
0 0.09609375 0.201171875 0.052734375 0.063671875
0 0.16953125 0.25234375 0.08515625 0.077734375
0 0.186328125 0.21484375 0.087109375 0.04921875
0 0.091796875 0.284765625 0.044140625 0.07421875
0 0.12890625 0.269921875 0.052734375 0.05390625
0 0.1046875 0.2375 0.056640625 0.047265625
0 0.28359375 0.21875 0.08203125 0.0890625
0 0.366015625 0.223828125 0.089453125 0.05859375
0 0.348046875 0.27421875 0.10703125 0.05390625
0 0.453515625 0.205078125 0.086328125 0.071484375
0 0.460546875 0.26875 0.079296875 0.068359375
0 0.4078125 0.318359375 0.07421875 0.06171875
0 0.63984375 0.20859375 0.067578125 0.06328125
0 0.5890625 0.1984375 0.063671875 0.060546875
0 0.551171875 0.238671875 0.1046875 0.07578125
0 0.598828125 0.2765625 0.060546875 0.08671875
0 0.843359375 0.372265625 0.066796875 0.06796875
0 0.815234375 0.390234375 0.060546875 0.05859375
0 0.828515625 0.444921875 0.059765625 0.071484375
0 0.9734375 0.460546875 0.052734375 0.055078125
0 0.9640625 0.516796875 0.071484375 0.048828125
0 0.982421875 0.569140625 0.03515625 0.08359375
0 0.977734375 0.66640625 0.04453125 0.0703125
0 0.877734375 0.533203125 0.0828125 0.05234375
0 0.90625 0.569140625 0.062109375 0.053125
0 0.9328125 0.76328125 0.059375 0.075
0 0.948046875 0.81015625 0.058203125 0.0703125
0 0.846875 0.802734375 0.058984375 0.071875
0 0.805078125 0.82890625 0.078515625 0.0546875
0 0.799609375 0.884765625 0.069921875 0.062109375
0 0.860546875 0.851171875 0.07109375 0.059765625
0 0.8921875 0.81796875 0.06796875 0.055859375
0 0.913671875 0.8640625 0.06953125 0.0515625
0 0.880859375 0.910546875 0.083984375 0.048046875
0 0.859375 0.885546875 0.07265625 0.044921875
0 0.80703125 0.703125 0.059375 0.075
0 0.71328125 0.853125 0.0703125 0.0703125
0 0.721875 0.908984375 0.05859375 0.07890625
0 0.646875 0.89140625 0.0671875 0.06015625
0 0.604296875 0.897265625 0.051953125 0.073046875
0 0.656640625 0.7546875 0.0671875 0.08125
0 0.503125 0.744140625 0.055078125 0.0828125
0 0.525 0.84296875 0.069921875 0.0703125
0 0.478125 0.900390625 0.06015625 0.07421875
0 0.8078125 0.608984375 0.051953125 0.07734375
0 0.801171875 0.553125 0.077734375 0.05625
0 0.761328125 0.59375 0.065625 0.05703125
0 0.694921875 0.584375 0.087890625 0.066796875
0 0.702734375 0.490234375 0.0625 0.07421875
0 0.687890625 0.430859375 0.068359375 0.068359375
0 0.585546875 0.398828125 0.071875 0.0671875
0 0.652734375 0.411328125 0.04375 0.075
0 0.609765625 0.47890625 0.071875 0.065234375
0 0.641015625 0.5125 0.065234375 0.077734375
0 0.59375 0.59140625 0.063671875 0.076171875
0 0.5453125 0.480859375 0.073046875 0.060546875
0 0.556640625 0.521875 0.0796875 0.071484375
0 0.5078125 0.56953125 0.059375 0.075390625
0 0.503515625 0.62265625 0.063671875 0.070703125
0 0.464453125 0.359765625 0.06171875 0.078125
0 0.40390625 0.408984375 0.07109375 0.051171875
0 0.462109375 0.437109375 0.08515625 0.059375
0 0.480859375 0.4890625 0.050390625 0.066015625
0 0.44296875 0.521484375 0.087890625 0.061328125
0 0.3484375 0.44609375 0.06171875 0.075390625
0 0.378515625 0.51640625 0.055078125 0.067578125
0 0.36953125 0.57421875 0.085546875 0.0671875
0 0.33515625 0.55859375 0.065234375 0.075390625
0 0.38125 0.64140625 0.070703125 0.054296875
0 0.437890625 0.6671875 0.05390625 0.06953125
0 0.40625 0.7 0.056640625 0.06640625
0 0.440625 0.806640625 0.06015625 0.068359375
0 0.395703125 0.864453125 0.084375 0.06640625
0 0.385546875 0.825390625 0.065625 0.04609375
0 0.4328125 0.7640625 0.055078125 0.070703125
0 0.36328125 0.68828125 0.058984375 0.051953125
0 0.38359375 0.776953125 0.055859375 0.054296875
0 0.380078125 0.7265625 0.05859375 0.046875
0 0.34765625 0.7328125 0.054296875 0.048828125
0 0.353125 0.793359375 0.058984375 0.0546875
0 0.334765625 0.685546875 0.059765625 0.055078125
0 0.29296875 0.69453125 0.05234375 0.046875
0 0.316015625 0.728125 0.0484375 0.04609375
0 0.321875 0.781640625 0.041796875 0.066015625
0 0.294921875 0.7953125 0.065234375 0.06328125
0 0.2546875 0.709375 0.04921875 0.063671875
0 0.290234375 0.746484375 0.06875 0.04375
0 0.26015625 0.7671875 0.042578125 0.051171875
0 0.26953125 0.80234375 0.048046875 0.051171875
0 0.241796875 0.822265625 0.04609375 0.048828125
0 0.241015625 0.790625 0.03828125 0.04140625
0 0.283984375 0.8828125 0.0734375 0.05546875
0 0.288671875 0.852734375 0.0765625 0.054296875
0 0.265234375 0.904296875 0.05625 0.045703125
0 0.223828125 0.897265625 0.0546875 0.04296875
0 0.25 0.866796875 0.054296875 0.03984375
0 0.21640625 0.86015625 0.048828125 0.044140625
0 0.18671875 0.891796875 0.061328125 0.05078125
0 0.10625 0.738671875 0.058984375 0.04453125
0 0.104296875 0.783203125 0.055859375 0.043359375
0 0.109765625 0.843359375 0.0359375 0.03046875
0 0.110546875 0.819921875 0.053125 0.037109375
0 0.110546875 0.873046875 0.04296875 0.065234375
0 0.140234375 0.87265625 0.044921875 0.057421875
0 0.183203125 0.8375 0.059765625 0.055078125
0 0.148828125 0.823828125 0.048046875 0.05703125
0 0.148828125 0.784375 0.04453125 0.0578125
0 0.1984375 0.77734375 0.04453125 0.050390625
0 0.21953125 0.741015625 0.0484375 0.05
0 0.089453125 0.66484375 0.0484375 0.048828125
0 0.1078125 0.615234375 0.06640625 0.035546875
0 0.137109375 0.63671875 0.0546875 0.0625
0 0.133203125 0.688671875 0.04921875 0.045703125
0 0.17265625 0.703515625 0.05625 0.060546875
0 0.214453125 0.687890625 0.0484375 0.06171875
0 0.228125 0.657421875 0.04921875 0.055859375
0 0.26875 0.65625 0.04765625 0.04921875
0 0.31484375 0.646875 0.080859375 0.043359375
0 0.323828125 0.613671875 0.063671875 0.052734375
0 0.289453125 0.597265625 0.05546875 0.06796875
0 0.269921875 0.523828125 0.065625 0.067578125
0 0.234375 0.562890625 0.07578125 0.065234375
0 0.204296875 0.59765625 0.054296875 0.05078125
0 0.24296875 0.619140625 0.059375 0.046484375
0 0.1734375 0.65078125 0.04921875 0.056640625
0 0.14375 0.72890625 0.058203125 0.046484375
0 0.1078125 0.56640625 0.086328125 0.06875
0 0.175 0.518359375 0.06015625 0.069140625
0 0.228515625 0.421484375 0.096484375 0.0578125
0 0.087890625 0.462890625 0.059375 0.0640625
0 0.1125 0.495703125 0.06875 0.06015625
0 0.14765625 0.4609375 0.0640625 0.0625
0 0.08125 0.40390625 0.060546875 0.0671875
0 0.098828125 0.35703125 0.0796875 0.065234375
0 0.16171875 0.364453125 0.077734375 0.051171875
0 0.1515625 0.32265625 0.080859375 0.06328125