0 0.993359375 0.858984375 0.01328125 0.0609375
0 0.021484375 0.511328125 0.04296875 0.06171875
0 0.7625 0.215234375 0.05625 0.068359375
0 0.5375 0.469921875 0.06640625 0.059375
0 0.461328125 0.502734375 0.05859375 0.051171875
0 0.778515625 0.723046875 0.082421875 0.044921875
0 0.330859375 0.7328125 0.082421875 0.048828125
0 0.23359375 0.704296875 0.05 0.0609375
0 0.251953125 0.6703125 0.0625 0.054296875
0 0.187890625 0.68359375 0.050390625 0.0671875
0 0.865234375 0.669140625 0.0640625 0.05703125
0 0.91875 0.691796875 0.0515625 0.075390625
0 0.938671875 0.635546875 0.0671875 0.0453125
0 0.87734375 0.59453125 0.051171875 0.076171875
0 0.83671875 0.5578125 0.06796875 0.041015625
0 0.915625 0.5515625 0.079296875 0.045703125