0 0.97890625 0.111328125 0.041796875 0.066015625
0 0.661328125 0.167578125 0.064453125 0.069921875
0 0.48984375 0.216796875 0.08203125 0.0625
0 0.54375 0.591796875 0.074609375 0.07109375
0 0.3609375 0.65546875 0.053515625 0.091796875
0 0.414453125 0.76328125 0.0640625 0.075390625
0 0.479296875 0.88515625 0.056640625 0.09765625
0 0.399609375 0.883984375 0.065625 0.05859375
0 0.345703125 0.88046875 0.07421875 0.056640625
0 0.311328125 0.81328125 0.06796875 0.06875
0 0.3171875 0.762109375 0.06015625 0.08046875
0 0.02734375 0.88125 0.0546875 0.0703125
0 0.048046875 0.63828125 0.07890625 0.053125
0 0.055859375 0.678515625 0.08046875 0.063671875
0 0.08984375 0.701171875 0.06640625 0.06171875
0 0.616015625 0.662109375 0.054296875 0.06953125