0 0.365625 0.294921875 0.040625 0.06640625
0 0.496484375 0.20546875 0.06640625 0.05
0 0.498046875 0.171875 0.06171875 0.0421875
0 0.2078125 0.879296875 0.040625 0.06171875
0 0.31640625 0.808984375 0.053125 0.05859375
0 0.308203125 0.855078125 0.05703125 0.03984375
0 0.348828125 0.864453125 0.03671875 0.04296875
0 0.35703125 0.79453125 0.0375 0.0515625
0 0.389453125 0.79140625 0.03515625 0.0671875
0 0.36875 0.834375 0.04375 0.0421875
0 0.95078125 0.907421875 0.0578125 0.04453125
0 0.981640625 0.90625 0.03671875 0.059375
0 0.96875 0.94375 0.05625 0.0375