0 0.18046875 0.101953125 0.0640625 0.03984375
0 0.058984375 0.196484375 0.03984375 0.05234375
0 0.24296875 0.265625 0.0546875 0.034375
0 0.253125 0.31015625 0.05625 0.0609375
0 0.4453125 0.309375 0.0484375 0.0625
0 0.286328125 0.115234375 0.05078125 0.04453125
0 0.314453125 0.096875 0.05390625 0.0375
0 0.21015625 0.499609375 0.094921875 0.068359375
0 0.17890625 0.652734375 0.05625 0.05546875
0 0.033984375 0.819140625 0.05234375 0.07265625
0 0.20703125 0.750390625 0.0625 0.04140625
0 0.258984375 0.619140625 0.04453125 0.04453125
0 0.302734375 0.691015625 0.05078125 0.05234375
0 0.30703125 0.73984375 0.0671875 0.0515625
0 0.350390625 0.63828125 0.04140625 0.0671875
0 0.418359375 0.6046875 0.05703125 0.0640625
0 0.46171875 0.787890625 0.0671875 0.05703125
0 0.438671875 0.871484375 0.04609375 0.05546875
0 0.54140625 0.81328125 0.065625 0.05625
0 0.560546875 0.85390625 0.04453125 0.0578125
0 0.617578125 0.812109375 0.06015625 0.06484375
0 0.68125 0.766015625 0.0453125 0.05546875
0 0.772265625 0.877734375 0.04609375 0.06171875
0 0.722265625 0.95625 0.04765625 0.06875
0 0.755859375 0.962890625 0.03515625 0.06015625
0 0.87578125 0.930078125 0.0484375 0.06171875
0 0.944140625 0.87890625 0.06328125 0.065625
0 0.94375 0.93046875 0.0703125 0.071875
0 0.909375 0.978515625 0.0671875 0.04296875
0 0.932421875 0.63203125 0.07265625 0.048828125
0 0.772265625 0.573046875 0.06171875 0.04453125
0 0.597265625 0.47890625 0.06015625 0.046875
0 0.60078125 0.537109375 0.0328125 0.06796875
0 0.526171875 0.537890625 0.05078125 0.06171875
0 0.70859375 0.37109375 0.05625 0.056640625
0 0.78984375 0.395703125 0.0640625 0.04765625
0 0.787890625 0.309765625 0.07890625 0.04921875
0 0.863671875 0.306640625 0.06171875 0.05390625
0 0.494921875 0.141015625 0.06640625 0.04140625
0 0.51171875 0.178125 0.0609375 0.0359375
0 0.507421875 0.212890625 0.04296875 0.02890625
0 0.541796875 0.226171875 0.03515625 0.05234375
0 0.56640625 0.153125 0.0703125 0.046875
0 0.53125 0.09921875 0.046875 0.0515625
0 0.571875 0.0921875 0.053125 0.0421875
0 0.64453125 0.0984375 0.0515625 0.0515625
0 0.62578125 0.141796875 0.059375 0.05390625
0 0.58046875 0.178125 0.0421875 0.0640625
0 0.682421875 0.109375 0.03203125 0.0625
0 0.715234375 0.1078125 0.03984375 0.0671875
0 0.754296875 0.09140625 0.03828125 0.075
0 0.77421875 0.09921875 0.0265625 0.06875
0 0.803125 0.10703125 0.0453125 0.071875
0 0.841796875 0.08671875 0.05703125 0.065625
0 0.91484375 0.0890625 0.0703125 0.0796875
0 0.965234375 0.08984375 0.06484375 0.04375
0 0.992578125 0.115625 0.01484375 0.0390625