0 0.366015625 0.67421875 0.07890625 0.044921875
0 0.223828125 0.88359375 0.0890625 0.066015625
0 0.24296875 0.8359375 0.083203125 0.04453125
0 0.25859375 0.796875 0.073046875 0.0375
0 0.18046875 0.79375 0.068359375 0.02890625
0 0.175 0.873828125 0.0640625 0.04296875
0 0.169140625 0.844140625 0.0609375 0.033984375
0 0.19453125 0.828515625 0.04921875 0.03984375
0 0.13203125 0.80625 0.055078125 0.04296875
0 0.119140625 0.76640625 0.05078125 0.039453125
0 0.159765625 0.75390625 0.0609375 0.041015625
0 0.23828125 0.661328125 0.080859375 0.04375
0 0.20234375 0.71015625 0.053125 0.064453125
0 0.075390625 0.78828125 0.05078125 0.09609375
0 0.095703125 0.723046875 0.076171875 0.040625
0 0.165625 0.66484375 0.053125 0.042578125
0 0.13359375 0.68828125 0.041015625 0.055078125
0 0.091015625 0.60390625 0.045703125 0.047265625
0 0.144921875 0.601171875 0.044921875 0.05390625
0 0.18359375 0.60390625 0.049609375 0.050390625
0 0.2234375 0.602734375 0.059765625 0.039453125
0 0.291015625 0.6015625 0.078125 0.05078125
0 0.3515625 0.566796875 0.092578125 0.0484375
0 0.4125 0.596484375 0.09453125 0.040625
0 0.4359375 0.56171875 0.060546875 0.03125
0 0.501171875 0.578125 0.065625 0.03515625
0 0.5171875 0.523046875 0.05625 0.03984375
0 0.458984375 0.536328125 0.0625 0.031640625
0 0.33203125 0.487890625 0.055859375 0.05703125
0 0.199609375 0.5125 0.055859375 0.04140625
0 0.208203125 0.4546875 0.05859375 0.03828125
0 0.09375 0.550390625 0.040234375 0.0546875
0 0.137890625 0.546484375 0.03828125 0.0453125
0 0.131640625 0.474609375 0.034765625 0.03671875
0 0.153515625 0.4140625 0.0515625 0.034375
0 0.226953125 0.327734375 0.05703125 0.051953125
0 0.842578125 0.584375 0.05859375 0.0421875
0 0.852734375 0.728515625 0.056640625 0.04609375
0 0.84296875 0.88828125 0.03984375 0.065234375
0 0.861328125 0.809375 0.045703125 0.051953125
0 0.8640625 0.858203125 0.04140625 0.0625
0 0.953515625 0.73359375 0.053515625 0.034375
0 0.903515625 0.69453125 0.048046875 0.0484375
0 0.892578125 0.657421875 0.0484375 0.042578125
0 0.88984375 0.5625 0.048046875 0.0296875
0 0.890625 0.614453125 0.049609375 0.035546875
0 0.967578125 0.543359375 0.049609375 0.044140625
0 0.980078125 0.576953125 0.03984375 0.04765625
0 0.917578125 0.301171875 0.059375 0.05
0 0.942578125 0.31796875 0.057421875 0.048046875
0 0.7734375 0.413671875 0.058203125 0.05625
0 0.693359375 0.40625 0.051171875 0.041015625
0 0.719140625 0.429296875 0.052734375 0.04609375
0 0.664453125 0.454296875 0.073828125 0.039453125
0 0.616015625 0.461328125 0.069921875 0.05078125
0 0.530859375 0.463671875 0.058984375 0.04765625
0 0.459375 0.470703125 0.0375 0.027734375
0 0.4890625 0.487890625 0.040234375 0.037890625
0 0.460546875 0.423046875 0.055078125 0.05
0 0.593359375 0.420703125 0.046484375 0.042578125
0 0.64296875 0.3984375 0.04453125 0.045703125
0 0.64765625 0.3359375 0.05546875 0.039453125
0 0.55234375 0.340234375 0.05 0.0359375
0 0.60078125 0.355859375 0.0515625 0.05
0 0.384765625 0.365625 0.09375 0.045703125
0 0.4859375 0.2609375 0.0875 0.0515625
0 0.4875 0.383203125 0.06640625 0.058203125