0 0.587890625 0.891015625 0.068359375 0.061328125
0 0.58671875 0.851171875 0.05390625 0.079296875
0 0.6109375 0.821484375 0.06484375 0.066015625
0 0.05625 0.887890625 0.086328125 0.0609375
0 0.0171875 0.869921875 0.034375 0.04921875
0 0.0171875 0.81953125 0.034375 0.0546875
0 0.01640625 0.127734375 0.032421875 0.069921875
0 0.18515625 0.15546875 0.0640625 0.078125
0 0.214453125 0.0984375 0.0546875 0.081640625
0 0.245703125 0.114453125 0.04921875 0.0875
0 0.273828125 0.10078125 0.061328125 0.0703125
0 0.31328125 0.098046875 0.058984375 0.0609375
0 0.408203125 0.112109375 0.08125 0.075
0 0.471484375 0.100390625 0.075 0.065234375
0 0.940234375 0.116015625 0.070703125 0.0515625
0 0.93125 0.15078125 0.05 0.0859375
0 0.89609375 0.1453125 0.0515625 0.066796875
0 0.87109375 0.112109375 0.059375 0.053515625
0 0.821484375 0.09140625 0.0703125 0.0515625
0 0.6046875 0.10078125 0.06640625 0.058984375
0 0.629296875 0.15859375 0.07421875 0.085546875
0 0.637109375 0.229296875 0.076171875 0.0625
0 0.8171875 0.2421875 0.0796875 0.053515625
0 0.8734375 0.2546875 0.062890625 0.071875
0 0.836328125 0.181640625 0.053515625 0.07734375
0 0.8125 0.159765625 0.048828125 0.0703125
0 0.77421875 0.175390625 0.044921875 0.0671875
0 0.780859375 0.124609375 0.06875 0.041796875
0 0.7375 0.149609375 0.055078125 0.0671875
0 0.719921875 0.125 0.044921875 0.077734375
0 0.676953125 0.14296875 0.048046875 0.070703125
0 0.655078125 0.098046875 0.063671875 0.053125
0 0.692578125 0.1109375 0.04296875 0.0734375