0 0.234765625 0.084765625 0.056640625 0.06640625
0 0.19921875 0.117578125 0.04375 0.0984375
0 0.24609375 0.137109375 0.045703125 0.08125
0 0.184375 0.092578125 0.042578125 0.05234375
0 0.176953125 0.0546875 0.0703125 0.049609375
0 0.143359375 0.10546875 0.065234375 0.07265625
0 0.137109375 0.175 0.05625 0.068359375
0 0.062109375 0.1671875 0.079296875 0.065625
0 0.01796875 0.115234375 0.035546875 0.06328125
0 0.35546875 0.2890625 0.08984375 0.05234375
0 0.326953125 0.310546875 0.0625 0.063671875
0 0.341796875 0.227734375 0.0546875 0.06875
0 0.011328125 0.77578125 0.02265625 0.0546875
0 0.14453125 0.644921875 0.04296875 0.0828125
0 0.18046875 0.650390625 0.047265625 0.065625
0 0.174609375 0.59921875 0.073046875 0.053515625
0 0.541015625 0.651171875 0.058984375 0.065625