0 0.976953125 0.743359375 0.04609375 0.05703125
0 0.6546875 0.8578125 0.0609375 0.05625
0 0.553125 0.885546875 0.0640625 0.06328125
0 0.3140625 0.789453125 0.076171875 0.046875
0 0.35078125 0.72421875 0.05390625 0.05703125
0 0.3359375 0.679296875 0.059765625 0.05703125
0 0.033203125 0.8109375 0.06640625 0.07265625
0 0.01796875 0.749609375 0.0359375 0.047265625
0 0.041796875 0.70078125 0.050390625 0.078515625
0 0.087890625 0.7390625 0.073828125 0.051953125
0 0.14140625 0.72421875 0.052734375 0.081640625