0 0.97421875 0.0734375 0.0515625 0.05703125
0 0.9734375 0.113671875 0.052734375 0.0875
0 0.94921875 0.1609375 0.057421875 0.063671875
0 0.927734375 0.131640625 0.0390625 0.06953125
0 0.94140625 0.0875 0.0421875 0.045703125
0 0.891796875 0.08515625 0.067578125 0.053125
0 0.88515625 0.13359375 0.056640625 0.064453125
0 0.90078125 0.186328125 0.065234375 0.06640625
0 0.862890625 0.105859375 0.04609375 0.06953125
0 0.826953125 0.09765625 0.03984375 0.074609375
0 0.82734375 0.15546875 0.079296875 0.052734375
0 0.8484375 0.1859375 0.065625 0.05
0 0.794921875 0.20859375 0.085546875 0.053515625
0 0.74296875 0.25390625 0.0546875 0.094921875
0 0.773828125 0.178125 0.074609375 0.0640625
0 0.796875 0.12578125 0.04453125 0.065625
0 0.762109375 0.13359375 0.060546875 0.088671875
0 0.721875 0.158984375 0.052734375 0.056640625
0 0.754296875 0.096484375 0.047265625 0.061328125
0 0.78984375 0.0828125 0.059375 0.039453125
0 0.70390625 0.12109375 0.08125 0.06640625
0 0.724609375 0.087109375 0.03828125 0.06484375
0 0.6890625 0.090234375 0.040625 0.059765625
0 0.65 0.0890625 0.059765625 0.05390625
0 0.6421875 0.131640625 0.052734375 0.072265625
0 0.58515625 0.13046875 0.06953125 0.05234375
0 0.61171875 0.10625 0.03515625 0.06484375
0 0.58671875 0.08671875 0.053515625 0.05
0 0.52734375 0.08828125 0.059765625 0.05859375
0 0.544140625 0.11796875 0.05 0.071484375
0 0.52265625 0.175 0.07421875 0.059765625
0 0.4875 0.107421875 0.055078125 0.06953125
0 0.471484375 0.123828125 0.041015625 0.079296875
0 0.43359375 0.148046875 0.059765625 0.05234375
0 0.43515625 0.089453125 0.051171875 0.07421875
0 0.39765625 0.125 0.061328125 0.055859375
0 0.37109375 0.1 0.066015625 0.058984375
0 0.4234375 0.21171875 0.078125 0.0671875
0 0.560546875 0.31171875 0.0765625 0.048046875
0 0.646484375 0.38359375 0.066015625 0.080078125
0 0.37109375 0.38515625 0.08203125 0.04453125
0 0.983984375 0.54453125 0.03203125 0.050390625
0 0.987890625 0.750390625 0.02421875 0.05078125
0 0.72890625 0.686328125 0.07109375 0.06171875
0 0.754296875 0.71796875 0.076953125 0.051953125
0 0.713671875 0.746484375 0.054296875 0.07109375
0 0.66484375 0.740234375 0.053515625 0.073828125
0 0.55078125 0.720703125 0.077734375 0.062890625
0 0.50546875 0.665234375 0.05625 0.085546875
0 0.515625 0.828125 0.070703125 0.055859375
0 0.701171875 0.93125 0.051171875 0.0671875
0 0.6984375 0.869921875 0.060546875 0.07734375
0 0.64609375 0.818359375 0.055859375 0.06875
0 0.640234375 0.868359375 0.08046875 0.05625
0 0.58984375 0.881640625 0.0515625 0.067578125
0 0.5375 0.863671875 0.062890625 0.0609375
0 0.60078125 0.82734375 0.051171875 0.062109375
0 0.2703125 0.588671875 0.067578125 0.06875
0 0.170703125 0.5375 0.0765625 0.04921875
0 0.195703125 0.64296875 0.069921875 0.06484375
0 0.164453125 0.694921875 0.056640625 0.074609375
0 0.186328125 0.745703125 0.08359375 0.057421875
0 0.184375 0.81171875 0.07890625 0.063671875
0 0.112890625 0.738671875 0.0609375 0.07265625
0 0.093359375 0.62421875 0.084375 0.054296875
0 0.013671875 0.110546875 0.026953125 0.069140625
0 0.024609375 0.198046875 0.04921875 0.080859375
0 0.013671875 0.25078125 0.02734375 0.0421875
0 0.346484375 0.28046875 0.073828125 0.071875
0 0.190625 0.275 0.05859375 0.079296875
0 0.130078125 0.25078125 0.0734375 0.058203125
0 0.029296875 0.422265625 0.05859375 0.05078125
0 0.04375 0.101953125 0.0484375 0.062109375
0 0.04765625 0.15546875 0.080859375 0.064453125
0 0.069921875 0.11875 0.045703125 0.069140625
0 0.09375 0.114453125 0.04765625 0.06875
0 0.1109375 0.1546875 0.05703125 0.0875
0 0.13046875 0.1015625 0.045703125 0.0515625
0 0.168359375 0.1171875 0.051171875 0.065625
0 0.15078125 0.15390625 0.057421875 0.075
0 0.208203125 0.14453125 0.0609375 0.06796875
0 0.264453125 0.1421875 0.054296875 0.0890625
0 0.1921875 0.0953125 0.069140625 0.044140625
0 0.244921875 0.107421875 0.05390625 0.06796875
0 0.29375 0.11484375 0.0640625 0.0703125