0 0.59296875 0.711328125 0.088671875 0.066015625
0 0.56953125 0.84375 0.06484375 0.07578125
0 0.89296875 0.83359375 0.092578125 0.065234375
0 0.958984375 0.824609375 0.08203125 0.08359375
0 0.84921875 0.891015625 0.094140625 0.06953125
0 0.717578125 0.896875 0.058984375 0.087890625
0 0.679296875 0.879296875 0.049609375 0.10234375
0 0.651171875 0.893359375 0.04375 0.07890625
0 0.61171875 0.85625 0.0625 0.06796875
0 0.551953125 0.88671875 0.06171875 0.0796875
0 0.6078125 0.90546875 0.063671875 0.048046875
0 0.92109375 0.878125 0.070703125 0.05546875
0 0.905078125 0.919140625 0.08046875 0.0578125
0 0.96328125 0.896875 0.041796875 0.06015625
0 0.98984375 0.9 0.0203125 0.059375
0 0.828515625 0.516015625 0.071484375 0.10703125
0 0.91015625 0.436328125 0.096484375 0.073828125
0 0.965625 0.078515625 0.05546875 0.097265625
0 0.9859375 0.1265625 0.028125 0.0546875
0 0.904296875 0.0640625 0.083984375 0.056640625
0 0.90546875 0.133203125 0.09140625 0.124609375
0 0.828125 0.084765625 0.05078125 0.069921875
0 0.83984375 0.137109375 0.06015625 0.109375
0 0.801171875 0.19296875 0.09296875 0.09140625
0 0.736328125 0.0671875 0.06640625 0.055859375
0 0.781640625 0.07265625 0.055078125 0.066796875
0 0.731640625 0.106640625 0.05859375 0.06484375
0 0.78046875 0.12734375 0.0578125 0.07109375
0 0.765625 0.18671875 0.06328125 0.07421875
0 0.699609375 0.13828125 0.080859375 0.061328125
0 0.701171875 0.22109375 0.077734375 0.075390625
0 0.708984375 0.16875 0.0828125 0.055078125
0 0.658203125 0.087890625 0.0546875 0.086328125
0 0.687890625 0.08203125 0.044140625 0.0671875
0 0.619921875 0.06484375 0.052734375 0.046484375
0 0.56640625 0.07265625 0.0609375 0.055859375
0 0.61875 0.1078125 0.05859375 0.0796875
0 0.57890625 0.12734375 0.06875 0.071875
0 0.49140625 0.08984375 0.0546875 0.103515625
0 0.525 0.087109375 0.047265625 0.0875
0 0.5421875 0.1375 0.0703125 0.06640625
0 0.45 0.12265625 0.076171875 0.06640625
0 0.448828125 0.065625 0.06796875 0.071875
0 0.321875 0.07578125 0.049609375 0.06640625
0 0.38359375 0.074609375 0.08203125 0.06171875
0 0.366015625 0.099609375 0.058203125 0.078125
0 0.32109375 0.1296875 0.054296875 0.06875
0 0.355859375 0.166796875 0.08671875 0.07109375
0 0.1140625 0.239453125 0.096484375 0.07734375
0 0.311328125 0.230078125 0.080078125 0.073046875
0 0.2796875 0.251953125 0.08125 0.078125
0 0.284375 0.080078125 0.0578125 0.07265625
0 0.216015625 0.064453125 0.0671875 0.046875
0 0.248046875 0.109375 0.058984375 0.066796875
0 0.280078125 0.178125 0.06015625 0.08046875
0 0.2359375 0.173828125 0.065625 0.094921875
0 0.194921875 0.193359375 0.055078125 0.08828125
0 0.147265625 0.19375 0.059765625 0.0671875
0 0.022265625 0.07734375 0.04453125 0.0546875
0 0.055078125 0.104296875 0.053125 0.106640625
0 0.066015625 0.06796875 0.06640625 0.058984375
0 0.140234375 0.057421875 0.069140625 0.02421875
0 0.109765625 0.10078125 0.05859375 0.078515625
0 0.1125 0.1546875 0.0640625 0.068359375
0 0.15625 0.13671875 0.0671875 0.055078125
0 0.203125 0.0984375 0.055859375 0.036328125
0 0.195703125 0.140625 0.053515625 0.048046875
0 0.15703125 0.09296875 0.04453125 0.04140625
0 0.01640625 0.137890625 0.0328125 0.07109375