0 0.028515625 0.90859375 0.05703125 0.073046875
0 0.263671875 0.751171875 0.048046875 0.06796875
0 0.215234375 0.821484375 0.07265625 0.088671875
0 0.176953125 0.9015625 0.077734375 0.0546875
0 0.211328125 0.876171875 0.059375 0.074609375
0 0.240234375 0.898046875 0.051953125 0.070703125
0 0.2765625 0.90234375 0.065234375 0.070703125
0 0.325390625 0.905859375 0.066796875 0.058203125
0 0.473046875 0.8703125 0.066796875 0.059765625
0 0.515625 0.887109375 0.05625 0.073046875
0 0.545703125 0.898828125 0.0546875 0.06328125
0 0.58125 0.900390625 0.05703125 0.061328125
0 0.651171875 0.87578125 0.059375 0.078125
0 0.567578125 0.7953125 0.05859375 0.084765625
0 0.555078125 0.671484375 0.054296875 0.07890625
0 0.80625 0.648828125 0.063671875 0.09140625
0 0.458984375 0.600390625 0.083203125 0.0546875
0 0.5953125 0.572265625 0.09140625 0.057421875
0 0.291015625 0.4265625 0.049609375 0.07734375
0 0.11953125 0.460546875 0.080078125 0.065625
0 0.78515625 0.415625 0.051171875 0.076171875
0 0.55859375 0.458984375 0.066796875 0.06796875
0 0.578515625 0.36171875 0.083203125 0.0546875
0 0.6796875 0.330078125 0.066015625 0.065625
0 0.717578125 0.299609375 0.0703125 0.060546875
0 0.776953125 0.29296875 0.05703125 0.0640625
0 0.754296875 0.264453125 0.068359375 0.045703125
0 0.748828125 0.230078125 0.09140625 0.058203125
0 0.848046875 0.253125 0.079296875 0.0671875
0 0.4234375 0.19296875 0.0609375 0.059765625
0 0.207421875 0.2828125 0.0765625 0.056640625
0 0.1765625 0.2375 0.090625 0.05390625
0 0.13984375 0.178515625 0.067578125 0.057421875
0 0.140234375 0.130078125 0.090625 0.055078125