0 0.751171875 0.7203125 0.058984375 0.080078125
0 0.8140625 0.762109375 0.059375 0.0890625
0 0.65859375 0.875 0.080859375 0.069921875
0 0.58984375 0.830859375 0.060546875 0.08125
0 0.605078125 0.89609375 0.047265625 0.05703125
0 0.554296875 0.8796875 0.058984375 0.071484375
0 0.521484375 0.8578125 0.05078125 0.06875
0 0.482421875 0.8453125 0.037109375 0.0625
0 0.448046875 0.83828125 0.051953125 0.078515625
0 0.33046875 0.881640625 0.078125 0.0734375
0 0.35390625 0.823046875 0.06640625 0.067578125
0 0.378515625 0.86171875 0.051171875 0.089453125
0 0.4078125 0.86875 0.0484375 0.087109375
0 0.43828125 0.894140625 0.055078125 0.059765625
0 0.495703125 0.892578125 0.069140625 0.05
0 0.201171875 0.83046875 0.066015625 0.093359375
0 0.140625 0.87109375 0.082421875 0.032421875
0 0.140625 0.786328125 0.068359375 0.0890625
0 0.1859375 0.652734375 0.0796875 0.0671875
0 0.10390625 0.64609375 0.07421875 0.07890625
0 0.21015625 0.696875 0.077734375 0.075390625
0 0.523046875 0.61640625 0.06640625 0.0828125
0 0.04921875 0.7765625 0.08046875 0.07578125
0 0.1390625 0.4671875 0.0875 0.062109375
0 0.021484375 0.29296875 0.04296875 0.08125
0 0.18203125 0.22265625 0.07265625 0.08125
0 0.259765625 0.191015625 0.068359375 0.11015625
0 0.231640625 0.259375 0.0875 0.095703125
0 0.01484375 0.072265625 0.0296875 0.06953125
0 0.051171875 0.058203125 0.0703125 0.050390625
0 0.138671875 0.087109375 0.07421875 0.089453125
0 0.096875 0.078125 0.05625 0.100390625
0 0.059765625 0.111328125 0.06171875 0.084765625
0 0.2734375 0.078515625 0.061328125 0.09609375
0 0.326953125 0.053125 0.07421875 0.051171875
0 0.39375 0.06875 0.04765625 0.080859375
0 0.426953125 0.06171875 0.067578125 0.061328125
0 0.476953125 0.066015625 0.051953125 0.073046875
0 0.476953125 0.11640625 0.060546875 0.091015625
0 0.377734375 0.12578125 0.05859375 0.083984375
0 0.42734375 0.129296875 0.053125 0.086328125
0 0.30625 0.102734375 0.048828125 0.07578125
0 0.346875 0.0984375 0.04140625 0.075390625
0 0.317578125 0.172265625 0.06953125 0.086328125
0 0.973046875 0.08359375 0.05390625 0.069921875
0 0.927734375 0.10859375 0.074609375 0.10859375
0 0.909765625 0.16171875 0.0546875 0.1203125
0 0.837890625 0.075 0.0859375 0.07109375
0 0.711328125 0.084375 0.056640625 0.08671875
0 0.61484375 0.07421875 0.066796875 0.06328125
0 0.671875 0.11796875 0.075390625 0.086328125
0 0.61796875 0.12421875 0.0796875 0.079296875
0 0.555078125 0.05859375 0.0765625 0.055078125
0 0.537890625 0.09765625 0.073046875 0.063671875
0 0.53203125 0.1828125 0.073828125 0.075
0 0.775390625 0.084765625 0.068359375 0.063671875
0 0.784765625 0.14453125 0.089453125 0.071484375
0 0.84375 0.134765625 0.078515625 0.071484375
0 0.8046875 0.2546875 0.096484375 0.069921875
0 0.6890625 0.360546875 0.0578125 0.0828125
0 0.921875 0.3859375 0.07578125 0.085546875
0 0.98203125 0.353125 0.0359375 0.0765625
0 0.81640625 0.659375 0.074609375 0.087109375
0 0.913671875 0.85859375 0.094140625 0.04921875
0 0.351171875 0.453125 0.061328125 0.075