0 0.116015625 0.884375 0.04609375 0.04453125
0 0.112109375 0.85390625 0.03984375 0.03671875
0 0.187109375 0.8921875 0.033984375 0.0484375
0 0.2609375 0.885546875 0.064453125 0.055078125
0 0.3375 0.896875 0.08515625 0.05234375
0 0.431640625 0.90703125 0.067578125 0.040625
0 0.4921875 0.900390625 0.054296875 0.053125
0 0.403515625 0.844140625 0.076171875 0.067578125
0 0.3671875 0.80859375 0.0609375 0.067578125
0 0.50546875 0.81796875 0.051953125 0.066796875
0 0.459765625 0.709765625 0.07109375 0.05078125
0 0.39453125 0.771484375 0.063671875 0.063671875
0 0.348828125 0.76328125 0.054296875 0.06015625
0 0.3015625 0.77109375 0.05 0.06796875
0 0.26640625 0.799609375 0.049609375 0.071875
0 0.20546875 0.86015625 0.087109375 0.07265625
0 0.149609375 0.88046875 0.041015625 0.068359375
0 0.190234375 0.828515625 0.070703125 0.0609375
0 0.23359375 0.76640625 0.071484375 0.06796875
0 0.201171875 0.796484375 0.077734375 0.044921875
0 0.1390625 0.819140625 0.055078125 0.063671875
0 0.1046875 0.82109375 0.05390625 0.058203125
0 0.094921875 0.773046875 0.04375 0.052734375
0 0.15859375 0.7796875 0.047265625 0.044921875
0 0.123046875 0.7734375 0.0359375 0.04921875
0 0.1734375 0.766015625 0.057421875 0.041796875
0 0.084765625 0.712890625 0.062109375 0.0375
0 0.096875 0.732421875 0.04375 0.03515625
0 0.132421875 0.726171875 0.054296875 0.06015625
0 0.169140625 0.7296875 0.04609375 0.033984375
0 0.16953125 0.70390625 0.059765625 0.044921875
0 0.244921875 0.69609375 0.079296875 0.0484375
0 0.21484375 0.723046875 0.0640625 0.0453125
0 0.14609375 0.68828125 0.042578125 0.04140625
0 0.112109375 0.6765625 0.0390625 0.04765625
0 0.084375 0.66875 0.035546875 0.04921875
0 0.1859375 0.66875 0.071484375 0.041796875
0 0.25234375 0.655859375 0.07265625 0.049609375
0 0.393359375 0.627734375 0.08359375 0.05625
0 0.339453125 0.64453125 0.063671875 0.0625
0 0.358203125 0.60546875 0.062109375 0.044140625
0 0.30859375 0.616796875 0.06328125 0.040625
0 0.2171875 0.621875 0.06171875 0.051953125
0 0.220703125 0.575390625 0.04765625 0.057421875
0 0.182421875 0.628515625 0.04921875 0.05859375
0 0.1453125 0.62421875 0.052734375 0.061328125
0 0.1390625 0.65703125 0.062890625 0.044140625
0 0.11484375 0.6328125 0.053125 0.047265625
0 0.087109375 0.6390625 0.050390625 0.045703125
0 0.087109375 0.580078125 0.045703125 0.06015625
0 0.103125 0.592578125 0.05234375 0.05
0 0.146484375 0.586328125 0.064453125 0.04296875
0 0.1453125 0.5515625 0.06640625 0.04609375
0 0.25859375 0.5609375 0.075390625 0.047265625
0 0.30703125 0.58125 0.080078125 0.0453125
0 0.474609375 0.5671875 0.064453125 0.0796875
0 0.55 0.524609375 0.07734375 0.05546875
0 0.3859375 0.55546875 0.054296875 0.055078125
0 0.33515625 0.546875 0.048046875 0.07109375
0 0.36953125 0.5265625 0.053125 0.07421875
0 0.3 0.527734375 0.046875 0.066015625
0 0.25 0.5265625 0.067578125 0.04453125
0 0.321484375 0.484765625 0.083984375 0.05625
0 0.175390625 0.507421875 0.0546875 0.05625
0 0.11640625 0.523828125 0.071875 0.05
0 0.086328125 0.505078125 0.046875 0.046484375
0 0.49375 0.428125 0.065625 0.0703125
0 0.433984375 0.41953125 0.066796875 0.05
0 0.393359375 0.428515625 0.058984375 0.075
0 0.3359375 0.4234375 0.0671875 0.050390625
0 0.3515625 0.373828125 0.073046875 0.054296875
0 0.279296875 0.377734375 0.07734375 0.062890625
0 0.329296875 0.316015625 0.06875 0.069140625
0 0.269140625 0.319140625 0.06484375 0.066796875
0 0.219140625 0.325390625 0.055859375 0.048046875
0 0.18671875 0.337890625 0.050390625 0.073046875
0 0.225 0.369140625 0.050390625 0.044140625
0 0.2625 0.42109375 0.083203125 0.042578125
0 0.292578125 0.45859375 0.0671875 0.038671875
0 0.26484375 0.480078125 0.06796875 0.044140625
0 0.22578125 0.483203125 0.0640625 0.05703125
0 0.184765625 0.465234375 0.051171875 0.044140625
0 0.198046875 0.42578125 0.047265625 0.040234375
0 0.23828125 0.441015625 0.053125 0.049609375
0 0.23515625 0.40078125 0.079296875 0.040234375
0 0.10546875 0.380078125 0.0765625 0.043359375
0 0.145703125 0.337109375 0.051953125 0.04765625
0 0.140625 0.307421875 0.06328125 0.0609375
0 0.147265625 0.4234375 0.0625 0.05
0 0.088671875 0.405078125 0.0546875 0.045703125
0 0.080078125 0.450390625 0.037109375 0.0734375
0 0.1046875 0.456640625 0.04609375 0.064453125
0 0.1140625 0.47890625 0.039453125 0.05625
0 0.14296875 0.478125 0.037109375 0.071875
0 0.38984375 0.301171875 0.060546875 0.076171875
0 0.4578125 0.34296875 0.079296875 0.063671875
0 0.53984375 0.346875 0.06796875 0.065234375
0 0.525390625 0.30625 0.048828125 0.05390625
0 0.483203125 0.31796875 0.06015625 0.0609375
0 0.48984375 0.27421875 0.0734375 0.041796875
0 0.44296875 0.275 0.051171875 0.065625
0 0.48671875 0.231640625 0.07421875 0.050390625
0 0.50546875 0.1984375 0.068359375 0.045703125
0 0.42890625 0.22421875 0.06953125 0.06484375
0 0.390625 0.245703125 0.06796875 0.050390625
0 0.32265625 0.242578125 0.060546875 0.070703125
0 0.3796875 0.190234375 0.069921875 0.071484375
0 0.340625 0.178515625 0.063671875 0.08515625
0 0.257421875 0.165625 0.08359375 0.069921875
0 0.29609375 0.146484375 0.05859375 0.087890625
0 0.22734375 0.27734375 0.083984375 0.056640625
0 0.166015625 0.244140625 0.050390625 0.06171875
0 0.12578125 0.2375 0.046484375 0.07734375
0 0.093359375 0.219140625 0.0390625 0.052734375
0 0.15 0.194921875 0.051953125 0.0515625
0 0.09609375 0.165234375 0.047265625 0.057421875
0 0.144921875 0.153515625 0.052734375 0.052734375
0 0.1140625 0.138671875 0.03203125 0.051171875
0 0.098828125 0.11328125 0.048046875 0.051953125
0 0.131640625 0.09921875 0.037109375 0.070703125
0 0.160546875 0.114453125 0.044140625 0.055078125
0 0.155859375 0.075390625 0.054296875 0.03515625
0 0.215625 0.15078125 0.077734375 0.06484375
0 0.19140625 0.105859375 0.04921875 0.046484375
0 0.240625 0.102734375 0.0515625 0.05625
0 0.21015625 0.0734375 0.065234375 0.04453125
0 0.27109375 0.069140625 0.075390625 0.042578125
0 0.28359375 0.1015625 0.06796875 0.04921875
0 0.337109375 0.101171875 0.0578125 0.073828125
0 0.380078125 0.08359375 0.061328125 0.071484375
0 0.43515625 0.071484375 0.064453125 0.0625
0 0.4859375 0.073828125 0.053515625 0.072265625
0 0.533984375 0.066015625 0.07109375 0.049609375
0 0.52265625 0.096484375 0.065625 0.03828125
0 0.53125 0.145703125 0.061328125 0.0796875
0 0.55 0.19140625 0.04765625 0.06953125
0 0.98671875 0.087890625 0.0265625 0.087890625
0 0.984375 0.239453125 0.030859375 0.058984375
0 0.948828125 0.220703125 0.08828125 0.068359375
0 0.89296875 0.275390625 0.064453125 0.05546875
0 0.8546875 0.308984375 0.04765625 0.06953125
0 0.813671875 0.274609375 0.05390625 0.070703125
0 0.784765625 0.299609375 0.054296875 0.06640625
0 0.742578125 0.325390625 0.059765625 0.0609375
0 0.867578125 0.21015625 0.06796875 0.058984375
0 0.812890625 0.15234375 0.056640625 0.065234375
0 0.933984375 0.178515625 0.06953125 0.06484375
0 0.8921875 0.166796875 0.058984375 0.05
0 0.91953125 0.12890625 0.050390625 0.06015625
0 0.940234375 0.089453125 0.05 0.05546875
0 0.964453125 0.06875 0.0390625 0.075390625
0 0.91796875 0.062109375 0.0578125 0.062109375
0 0.870703125 0.059765625 0.053515625 0.05703125
0 0.8390625 0.05546875 0.068359375 0.051171875
0 0.79296875 0.07421875 0.0515625 0.05625
0 0.78359375 0.12265625 0.065234375 0.0640625
0 0.831640625 0.09765625 0.04921875 0.0609375
0 0.876953125 0.1 0.07421875 0.051953125
0 0.85703125 0.131640625 0.05859375 0.05703125
0 0.74921875 0.069140625 0.051171875 0.060546875
0 0.712109375 0.064453125 0.0453125 0.04375
0 0.681640625 0.072265625 0.039453125 0.06171875
0 0.71953125 0.108203125 0.059765625 0.064453125
0 0.68828125 0.116015625 0.07421875 0.052734375
0 0.640625 0.111328125 0.046875 0.05
0 0.660546875 0.15 0.078515625 0.0453125
0 0.68515625 0.189453125 0.080078125 0.0515625
0 0.644140625 0.064453125 0.059765625 0.06171875
0 0.578125 0.08125 0.055078125 0.065234375
0 0.613671875 0.071484375 0.043359375 0.078515625
0 0.570703125 0.13671875 0.065234375 0.060546875
0 0.596875 0.1875 0.05703125 0.0546875
0 0.627734375 0.221875 0.046484375 0.069921875
0 0.58125 0.254296875 0.048046875 0.075
0 0.573828125 0.2953125 0.06484375 0.055078125
0 0.590234375 0.33203125 0.053515625 0.06953125
0 0.629296875 0.323046875 0.039453125 0.071875
0 0.658203125 0.334375 0.0625 0.0765625
0 0.7171875 0.37265625 0.058203125 0.082421875
0 0.628515625 0.28203125 0.0671875 0.05234375
0 0.644921875 0.261328125 0.044140625 0.06484375
0 0.68515625 0.277734375 0.047265625 0.06484375
0 0.679296875 0.234375 0.066796875 0.04609375
0 0.731640625 0.410546875 0.079296875 0.04140625
0 0.703125 0.437109375 0.071484375 0.04296875
0 0.8640625 0.465625 0.05859375 0.082421875
0 0.941015625 0.518359375 0.067578125 0.058984375
0 0.763671875 0.49375 0.055859375 0.063671875
0 0.721875 0.46640625 0.064453125 0.058203125
0 0.765234375 0.448046875 0.05390625 0.0578125
0 0.803125 0.46171875 0.040234375 0.07109375
0 0.85390625 0.5859375 0.05390625 0.08125
0 0.977734375 0.666796875 0.04453125 0.05078125
0 0.985546875 0.706640625 0.02890625 0.04296875
0 0.75703125 0.66875 0.06328125 0.06328125
0 0.587890625 0.705078125 0.08359375 0.072265625
0 0.98515625 0.89765625 0.029296875 0.071875
0 0.955859375 0.909375 0.053515625 0.053515625
0 0.9515625 0.847265625 0.07265625 0.0578125
0 0.92734375 0.88671875 0.058984375 0.046484375
0 0.880859375 0.896875 0.0640625 0.051953125
0 0.882421875 0.86171875 0.07421875 0.044140625
0 0.832421875 0.8875 0.052734375 0.070703125
0 0.681640625 0.89140625 0.069140625 0.0703125
0 0.567578125 0.8875 0.062109375 0.070703125
0 0.58203125 0.829296875 0.08125 0.0625
0 0.685546875 0.980859375 0.03828125 0.03828125