0 0.125 0.878515625 0.045703125 0.056640625
0 0.1546875 0.8671875 0.048046875 0.071875
0 0.179296875 0.865625 0.04921875 0.075390625
0 0.209375 0.871875 0.048046875 0.086328125
0 0.236328125 0.849609375 0.067578125 0.046484375
0 0.2578125 0.8921875 0.05703125 0.058203125
0 0.288671875 0.87578125 0.06484375 0.0671875
0 0.3140625 0.8203125 0.070703125 0.04765625
0 0.361328125 0.84296875 0.05078125 0.062890625
0 0.35234375 0.8953125 0.053515625 0.06796875
0 0.397265625 0.89453125 0.044921875 0.065625
0 0.403125 0.829296875 0.0546875 0.061328125
0 0.45390625 0.820703125 0.0890625 0.057421875
0 0.43984375 0.868359375 0.07890625 0.0546875
0 0.430078125 0.90546875 0.064453125 0.0453125
0 0.471484375 0.901171875 0.0703125 0.056640625
0 0.489453125 0.88515625 0.05625 0.051953125
0 0.50703125 0.862890625 0.066796875 0.05859375
0 0.5625 0.8609375 0.069921875 0.069140625
0 0.60390625 0.899609375 0.08046875 0.06015625
0 0.691015625 0.979296875 0.04609375 0.04140625
0 0.673828125 0.90703125 0.08515625 0.085546875
0 0.7078125 0.881640625 0.076171875 0.06640625
0 0.728515625 0.85703125 0.0671875 0.06328125
0 0.741796875 0.9171875 0.073046875 0.05859375
0 0.771875 0.869921875 0.0515625 0.0890625
0 0.815625 0.88046875 0.06796875 0.0859375
0 0.858203125 0.9046875 0.06953125 0.0703125
0 0.95703125 0.911328125 0.085546875 0.05859375
0 0.95859375 0.869921875 0.082421875 0.075390625
0 0.9203125 0.077734375 0.080859375 0.06640625
0 0.778515625 0.0953125 0.0703125 0.076171875
0 0.7546875 0.134375 0.08515625 0.066015625
0 0.706640625 0.076953125 0.084765625 0.058984375
0 0.64140625 0.08515625 0.066015625 0.08671875
0 0.1171875 0.1203125 0.0828125 0.06875
0 0.3109375 0.105859375 0.068359375 0.0921875
0 0.379296875 0.067578125 0.087890625 0.055859375
0 0.429296875 0.0859375 0.067578125 0.080078125
0 0.383984375 0.136328125 0.088671875 0.090625
0 0.474609375 0.10625 0.068359375 0.0765625
0 0.523046875 0.088671875 0.078125 0.09453125