0 0.97265625 0.192578125 0.054296875 0.077734375
0 0.959375 0.1421875 0.08125 0.058203125
0 0.98203125 0.09296875 0.035546875 0.0375
0 0.97109375 0.066796875 0.0578125 0.04765625
0 0.920703125 0.0640625 0.080859375 0.05234375
0 0.941015625 0.09375 0.051171875 0.043359375
0 0.858203125 0.1078125 0.071875 0.0828125
0 0.85390625 0.072265625 0.05078125 0.060546875
0 0.89765625 0.144140625 0.060546875 0.058984375
0 0.90625 0.097265625 0.03828125 0.04453125
0 0.824609375 0.192578125 0.0640625 0.094140625
0 0.805078125 0.084375 0.06328125 0.080078125
0 0.771484375 0.079296875 0.06015625 0.06640625
0 0.78125 0.151171875 0.074609375 0.075
0 0.7109375 0.06953125 0.06640625 0.053515625
0 0.66015625 0.080859375 0.063671875 0.05
0 0.726171875 0.126171875 0.071484375 0.062890625
0 0.61953125 0.101953125 0.0546875 0.09375
0 0.65859375 0.133984375 0.08671875 0.061328125
0 0.50078125 0.19140625 0.05859375 0.080859375
0 0.557421875 0.16171875 0.0625 0.080078125
0 0.586328125 0.08828125 0.0515625 0.08046875
0 0.546875 0.090234375 0.053125 0.08203125
0 0.503515625 0.07265625 0.056640625 0.049609375
0 0.512109375 0.130078125 0.058984375 0.071484375
0 0.474609375 0.114453125 0.055859375 0.08671875
0 0.323046875 0.07265625 0.07890625 0.0828125
0 0.440234375 0.05703125 0.08046875 0.06015625
0 0.3796875 0.058203125 0.056640625 0.040625
0 0.39453125 0.095703125 0.0640625 0.059375
0 0.423828125 0.121484375 0.055859375 0.08359375
0 0.448046875 0.159375 0.05703125 0.082421875
0 0.455078125 0.4796875 0.06875 0.08203125
0 0.719921875 0.521484375 0.08828125 0.06484375
0 0.2609375 0.476953125 0.066796875 0.07734375
0 0.2140625 0.515625 0.05390625 0.090625
0 0.2796875 0.5328125 0.08984375 0.0640625
0 0.412109375 0.6296875 0.089453125 0.069140625
0 0.096875 0.653515625 0.065234375 0.08203125
0 0.095703125 0.773046875 0.069140625 0.095703125
0 0.320703125 0.81015625 0.080078125 0.08515625
0 0.382421875 0.835546875 0.07265625 0.083203125
0 0.04296875 0.8 0.065234375 0.07890625
0 0.033984375 0.9140625 0.06015625 0.05390625
0 0.013671875 0.898828125 0.02734375 0.05859375
0 0.04453125 0.8609375 0.0703125 0.05703125
0 0.00859375 0.83984375 0.0171875 0.068359375
0 0.08046875 0.899609375 0.058203125 0.07421875
0 0.19609375 0.809765625 0.086328125 0.087109375
0 0.164453125 0.8359375 0.0515625 0.062109375
0 0.2046875 0.890234375 0.05078125 0.084765625
0 0.093359375 0.87421875 0.045703125 0.0703125
0 0.1359375 0.915234375 0.044921875 0.0578125
0 0.164453125 0.901171875 0.060546875 0.078515625
0 0.11328125 0.85 0.063671875 0.062109375
0 0.264453125 0.822265625 0.079296875 0.0609375
0 0.2921875 0.8609375 0.063671875 0.06015625
0 0.2671875 0.901171875 0.0703125 0.08203125
0 0.225390625 0.900390625 0.038671875 0.058203125
0 0.330078125 0.9 0.05234375 0.082421875
0 0.450390625 0.852734375 0.072265625 0.073828125
0 0.422265625 0.887890625 0.053125 0.07734375
0 0.576171875 0.898046875 0.05546875 0.08125
0 0.5359375 0.89296875 0.0421875 0.08359375
0 0.49609375 0.892578125 0.04765625 0.078515625
0 0.44921875 0.905859375 0.062890625 0.052734375