0 0.227734375 0.420703125 0.06640625 0.06484375
0 0.5390625 0.3921875 0.075 0.05625
0 0.729296875 0.415625 0.08671875 0.053125
0 0.715234375 0.2234375 0.07265625 0.053125
0 0.033984375 0.3765625 0.06640625 0.071875
0 0.0125 0.21953125 0.0234375 0.0546875
0 0.378125 0.81796875 0.0734375 0.05625
0 0.600390625 0.59609375 0.04609375 0.0859375
0 0.710546875 0.678515625 0.07734375 0.06640625
0 0.792578125 0.67734375 0.06328125 0.06875
0 0.779296875 0.588671875 0.08828125 0.05390625
0 0.991796875 0.680859375 0.01640625 0.07109375
0 0.971875 0.533984375 0.05625 0.06484375
0 0.81875 0.2421875 0.06875 0.06875
0 0.678125 0.125 0.0484375 0.0796875
0 0.74140625 0.0609375 0.071875 0.0625
0 0.591796875 0.103125 0.06328125 0.0796875
0 0.601171875 0.14921875 0.07421875 0.075
0 0.143359375 0.213671875 0.07890625 0.06640625
0 0.766015625 0.79453125 0.08046875 0.05625
0 0.685546875 0.89453125 0.04609375 0.0765625
0 0.75703125 0.87109375 0.0546875 0.075
0 0.80703125 0.887890625 0.0609375 0.08515625
0 0.845703125 0.89140625 0.06015625 0.071875
0 0.219921875 0.898046875 0.05859375 0.07265625
0 0.128515625 0.89609375 0.05234375 0.0734375
0 0.87421875 0.876953125 0.05 0.06953125
0 0.91015625 0.91171875 0.065625 0.071875
0 0.923046875 0.868359375 0.06953125 0.03984375
0 0.94296875 0.91171875 0.065625 0.0875
0 0.983984375 0.903125 0.03203125 0.078125
0 0.02421875 0.825 0.046875 0.078125
0 0.096484375 0.87265625 0.05546875 0.06875
0 0.062890625 0.898046875 0.06484375 0.07265625
0 0.028515625 0.89140625 0.04609375 0.0765625
0 0.00703125 0.88984375 0.0125 0.0625
0 0.86953125 0.358203125 0.0890625 0.05859375
0 0.9015625 0.396875 0.0875 0.05
0 0.273828125 0.071875 0.07890625 0.0609375
0 0.34375 0.065625 0.0578125 0.0796875
0 0.403515625 0.06796875 0.06328125 0.0734375
0 0.458203125 0.059765625 0.06953125 0.07265625
0 0.455078125 0.08359375 0.05703125 0.0875
0 0.44921875 0.147265625 0.0734375 0.05078125
0 0.48359375 0.1890625 0.0625 0.06875