0 0.669921875 0.153515625 0.0765625 0.05703125
0 0.662109375 0.10703125 0.076953125 0.059375
0 0.6 0.1375 0.066796875 0.077734375
0 0.46484375 0.174609375 0.0890625 0.057421875
0 0.24375 0.186328125 0.065625 0.068359375
0 0.33046875 0.310546875 0.057421875 0.0828125
0 0.1875 0.09453125 0.065625 0.06953125
0 0.12890625 0.09765625 0.058984375 0.076171875
0 0.092578125 0.103125 0.056640625 0.08828125
0 0.120703125 0.6828125 0.059375 0.088671875
0 0.124609375 0.786328125 0.05234375 0.0671875
0 0.309765625 0.874609375 0.0609375 0.078515625