0 0.019921875 0.069140625 0.039453125 0.059375
0 0.181640625 0.084375 0.081640625 0.078125
0 0.25078125 0.081640625 0.054296875 0.079296875
0 0.302734375 0.09921875 0.054296875 0.06484375
0 0.18828125 0.145703125 0.0671875 0.077734375
0 0.330859375 0.218359375 0.05625 0.08515625
0 0.082421875 0.304296875 0.0640625 0.08671875
0 0.280859375 0.30703125 0.068359375 0.076171875
0 0.247265625 0.45625 0.06640625 0.0703125
0 0.3375 0.49296875 0.088671875 0.05390625
0 0.089453125 0.6109375 0.087109375 0.06328125
0 0.07109375 0.77109375 0.06796875 0.095703125
0 0.020703125 0.810546875 0.04140625 0.06953125
0 0.211328125 0.75703125 0.094921875 0.06015625
0 0.196484375 0.835546875 0.06328125 0.091015625
0 0.296875 0.8328125 0.075390625 0.063671875
0 0.4015625 0.8578125 0.076953125 0.073828125
0 0.339453125 0.5859375 0.071484375 0.0609375
0 0.450390625 0.531640625 0.0875 0.05078125
0 0.49453125 0.0765625 0.08671875 0.065234375
0 0.483203125 0.22578125 0.061328125 0.06796875
0 0.64375 0.244140625 0.069140625 0.06640625
0 0.5015625 0.3390625 0.0796875 0.052734375
0 0.490625 0.28828125 0.066796875 0.06484375
0 0.740625 0.3515625 0.08515625 0.047265625
0 0.745703125 0.39375 0.067578125 0.040625
0 0.646484375 0.10859375 0.069921875 0.076953125
0 0.63359375 0.146875 0.090234375 0.05859375
0 0.678125 0.053125 0.07734375 0.069921875
0 0.6984375 0.115234375 0.0578125 0.065625
0 0.71484375 0.056640625 0.056640625 0.0625
0 0.7484375 0.048046875 0.06328125 0.095703125
0 0.7578125 0.1140625 0.061328125 0.07578125
0 0.798046875 0.044140625 0.046484375 0.08828125
0 0.840234375 0.058984375 0.051171875 0.0734375
0 0.799609375 0.10625 0.062890625 0.084765625
0 0.941796875 0.08671875 0.05859375 0.087109375
0 0.955859375 0.14609375 0.07734375 0.069921875
0 0.880078125 0.1734375 0.0859375 0.075
0 0.971484375 0.252734375 0.05703125 0.0609375
0 0.878125 0.291796875 0.089453125 0.06171875
0 0.971484375 0.375 0.056640625 0.069140625
0 0.777734375 0.537890625 0.06640625 0.06328125
0 0.586328125 0.537109375 0.051953125 0.0875
0 0.737890625 0.6328125 0.07109375 0.06171875
0 0.826953125 0.73046875 0.062890625 0.06796875
0 0.960546875 0.817578125 0.071875 0.0796875
0 0.95625 0.885546875 0.073828125 0.076953125
0 0.98515625 0.876953125 0.0296875 0.082421875
0 0.84921875 0.88828125 0.067578125 0.0609375
0 0.700390625 0.758203125 0.069921875 0.060546875
0 0.70625 0.806640625 0.083203125 0.0578125
0 0.734375 0.880859375 0.0546875 0.07265625
0 0.688671875 0.871484375 0.053515625 0.071484375
0 0.549609375 0.899609375 0.069140625 0.061328125
0 0.646484375 0.84921875 0.05390625 0.0640625
0 0.63671875 0.891796875 0.050390625 0.046875
0 0.600390625 0.902734375 0.055078125 0.066015625
0 0.5640625 0.83984375 0.048828125 0.07109375
0 0.60703125 0.84609375 0.046484375 0.053515625
0 0.55703125 0.774609375 0.078125 0.063671875
0 0.503515625 0.85546875 0.0765625 0.0734375
0 0.370703125 0.1921875 0.05390625 0.0796875