0 0.851171875 0.320703125 0.03203125 0.04140625
0 0.806640625 0.326953125 0.06171875 0.04765625
0 0.74140625 0.72109375 0.053125 0.0609375
0 0.491796875 0.8609375 0.04765625 0.05625
0 0.095703125 0.848828125 0.07421875 0.03984375
0 0.11328125 0.9125 0.0609375 0.08125
0 0.019921875 0.86953125 0.03671875 0.075
0 0.016796875 0.77421875 0.02109375 0.05
0 0.083203125 0.65546875 0.07109375 0.053125
0 0.170703125 0.09453125 0.03671875 0.078125
0 0.139453125 0.086328125 0.02578125 0.06171875
0 0.110546875 0.091796875 0.02890625 0.06171875
0 0.08359375 0.085546875 0.0296875 0.07109375
0 0.050390625 0.08359375 0.03515625 0.06875
0 0.017578125 0.0875 0.02421875 0.0765625