0 0.373046875 0.42265625 0.05390625 0.05
0 0.441015625 0.475390625 0.04921875 0.07578125
0 0.514453125 0.50546875 0.06328125 0.05
0 0.51640625 0.431640625 0.046875 0.07421875
0 0.760546875 0.320703125 0.05546875 0.06640625
0 0.539453125 0.339453125 0.05703125 0.05234375
0 0.55546875 0.288671875 0.053125 0.06015625
0 0.816796875 0.2703125 0.06171875 0.0421875
0 0.946484375 0.237890625 0.05859375 0.07265625
0 0.946875 0.62734375 0.0640625 0.0703125
0 0.731640625 0.737890625 0.08203125 0.05234375
0 0.976171875 0.82421875 0.04765625 0.071875
0 0.2671875 0.7703125 0.0515625 0.0578125
0 0.616796875 0.837109375 0.06640625 0.04921875
0 0.75625 0.20625 0.05 0.0671875
0 0.879296875 0.834765625 0.06015625 0.07421875
0 0.79609375 0.848828125 0.06875 0.05546875
0 0.824609375 0.866796875 0.05703125 0.06796875
0 0.867578125 0.871875 0.04453125 0.0765625
0 0.7078125 0.855078125 0.046875 0.06328125
0 0.675 0.8671875 0.046875 0.0734375
0 0.59765625 0.88359375 0.0671875 0.046875
0 0.012109375 0.853515625 0.02265625 0.06796875
0 0.014453125 0.969140625 0.02734375 0.06171875
0 0.070703125 0.859765625 0.05546875 0.07265625
0 0.191796875 0.933203125 0.04921875 0.06484375
0 0.130078125 0.96328125 0.07578125 0.0703125
0 0.07734375 0.954296875 0.04375 0.06015625
0 0.252734375 0.880859375 0.06171875 0.05546875
0 0.287890625 0.854296875 0.03671875 0.05859375
0 0.2765625 0.971484375 0.0484375 0.05703125
0 0.32578125 0.9359375 0.0546875 0.078125
0 0.057421875 0.49921875 0.05546875 0.065625
0 0.02109375 0.471484375 0.0390625 0.05078125
0 0.047265625 0.45546875 0.06015625 0.046875
0 0.03203125 0.417578125 0.0625 0.05078125
0 0.009375 0.38125 0.015625 0.034375
0 0.321875 0.87421875 0.0484375 0.0515625
0 0.330859375 0.81875 0.04453125 0.0671875
0 0.391015625 0.80703125 0.05234375 0.0578125
0 0.42890625 0.780859375 0.046875 0.05234375
0 0.536328125 0.875390625 0.06640625 0.06171875
0 0.53671875 0.815234375 0.04375 0.07421875
0 0.497265625 0.797265625 0.05390625 0.06640625
0 0.458203125 0.816015625 0.05078125 0.06484375
0 0.468359375 0.8890625 0.04296875 0.0515625
0 0.5046875 0.86015625 0.0421875 0.065625
0 0.482421875 0.842578125 0.04921875 0.05078125
0 0.4015625 0.8859375 0.0453125 0.0546875
0 0.371484375 0.882421875 0.05546875 0.04921875
0 0.35234375 0.8421875 0.0453125 0.0546875
0 0.389453125 0.853515625 0.04765625 0.03671875
0 0.426953125 0.837890625 0.04296875 0.06953125
0 0.736328125 0.7921875 0.06171875 0.0578125
0 0.660546875 0.245703125 0.07578125 0.05234375
0 0.801953125 0.174609375 0.03984375 0.07421875
0 0.81875 0.1625 0.040625 0.059375
0 0.832421875 0.1453125 0.03828125 0.0609375
0 0.8921875 0.154296875 0.0640625 0.04609375
0 0.912890625 0.114453125 0.04765625 0.06796875
0 0.909375 0.09140625 0.0703125 0.0453125
0 0.843359375 0.105859375 0.05859375 0.04296875
0 0.8765625 0.11015625 0.0515625 0.059375
0 0.659375 0.211328125 0.065625 0.04609375
0 0.623046875 0.199609375 0.05703125 0.05078125
0 0.677734375 0.16328125 0.04453125 0.0625
0 0.710546875 0.1453125 0.05078125 0.0453125
0 0.721484375 0.109765625 0.05234375 0.06953125
0 0.74609375 0.087109375 0.0421875 0.04453125
0 0.7671875 0.128515625 0.0546875 0.07109375
0 0.78828125 0.089453125 0.03125 0.05234375
0 0.803515625 0.113671875 0.03984375 0.05078125
0 0.175 0.20625 0.0546875 0.06875
0 0.12890625 0.17265625 0.05625 0.071875
0 0.03359375 0.093359375 0.0640625 0.04921875
0 0.081640625 0.099609375 0.03515625 0.03046875
0 0.11796875 0.094140625 0.0703125 0.04609375
0 0.177734375 0.094921875 0.06171875 0.05859375
0 0.216015625 0.0921875 0.04296875 0.0625
0 0.255859375 0.112109375 0.04609375 0.05859375
0 0.28203125 0.093359375 0.0515625 0.04921875
0 0.291796875 0.13515625 0.04296875 0.0625
0 0.348046875 0.172265625 0.05859375 0.06640625
0 0.32109375 0.1109375 0.0375 0.0609375
0 0.351953125 0.103125 0.05234375 0.071875
0 0.39296875 0.09453125 0.059375 0.05
0 0.403125 0.12890625 0.0515625 0.040625
0 0.4609375 0.16953125 0.06875 0.053125
0 0.42265625 0.2 0.06875 0.0546875
0 0.4515625 0.1265625 0.05625 0.0484375
0 0.458203125 0.08671875 0.05703125 0.046875
0 0.49296875 0.105078125 0.0421875 0.06640625
0 0.508984375 0.164453125 0.04765625 0.08515625
0 0.5328125 0.214453125 0.0390625 0.05703125
0 0.550390625 0.176171875 0.04140625 0.05859375
0 0.530078125 0.103125 0.06484375 0.0765625
0 0.5828125 0.089453125 0.05 0.04140625
0 0.6265625 0.099609375 0.0453125 0.04921875
0 0.659765625 0.130859375 0.04296875 0.06484375
0 0.6203125 0.14296875 0.0515625 0.0625
0 0.577734375 0.121484375 0.05546875 0.04140625
0 0.590625 0.170703125 0.0515625 0.06640625
0 0.230078125 0.142578125 0.05546875 0.05859375
0 0.27578125 0.1703125 0.0609375 0.06875
0 0.0859375 0.283203125 0.05625 0.06796875
0 0.0625 0.26796875 0.046875 0.071875
0 0.100390625 0.22421875 0.04453125 0.0765625
0 0.016796875 0.29375 0.03203125 0.0515625
0 0.030078125 0.26640625 0.05234375 0.0703125
0 0.04609375 0.13125 0.0640625 0.046875
0 0.08828125 0.18828125 0.0609375 0.0421875
0 0.05546875 0.214453125 0.0578125 0.04453125
0 0.0328125 0.194140625 0.046875 0.06015625
0 0.008984375 0.1828125 0.01484375 0.0609375
0 0.051953125 0.13125 0.07890625 0.046875
0 0.009375 0.181640625 0.0171875 0.04921875
0 0.1234375 0.88828125 0.06328125 0.07734375