0 0.084375 0.1296875 0.07109375 0.05234375
0 0.1375 0.128125 0.057421875 0.083984375
0 0.04453125 0.5421875 0.05703125 0.0796875
0 0.591796875 0.291796875 0.05703125 0.07109375
0 0.51015625 0.551953125 0.05546875 0.08125
0 0.238671875 0.659375 0.065625 0.062890625
0 0.56875 0.508203125 0.061328125 0.062109375
0 0.61171875 0.507421875 0.05625 0.069921875
0 0.61796875 0.47421875 0.0578125 0.067578125
0 0.6609375 0.487109375 0.051953125 0.073046875
0 0.962890625 0.67421875 0.069140625 0.05625
0 0.80859375 0.771875 0.059765625 0.07109375
0 0.745703125 0.82265625 0.05234375 0.083203125
0 0.83046875 0.81015625 0.07890625 0.056640625
0 0.828125 0.862109375 0.0484375 0.075
0 0.85390625 0.851953125 0.043359375 0.084375
0 0.903125 0.85703125 0.0890625 0.065234375