0 0.36953125 0.117578125 0.07265625 0.049609375
0 0.369921875 0.17734375 0.059375 0.066796875
0 0.0203125 0.483203125 0.040625 0.05546875
0 0.071484375 0.47265625 0.05625 0.069921875
0 0.03203125 0.544921875 0.063671875 0.04921875
0 0.14453125 0.518359375 0.058984375 0.075390625
0 0.50625 0.8953125 0.0734375 0.064453125
0 0.58203125 0.739453125 0.059375 0.08046875
0 0.705859375 0.6546875 0.07109375 0.063671875
0 0.633203125 0.875 0.085546875 0.0703125
0 0.79921875 0.860546875 0.081640625 0.06015625
0 0.70390625 0.59375 0.050390625 0.076171875
0 0.80078125 0.434765625 0.063671875 0.06875
0 0.9515625 0.33046875 0.075 0.0609375
0 0.84609375 0.505078125 0.070703125 0.059765625
0 0.9578125 0.64140625 0.066015625 0.086328125