0 0.886328125 0.96015625 0.076953125 0.069140625
0 0.675 0.827734375 0.067578125 0.073046875
0 0.709375 0.95390625 0.034765625 0.046875
0 0.736328125 0.9765625 0.055859375 0.046875
0 0.0140625 0.741796875 0.027734375 0.046875
0 0.315234375 0.11171875 0.048828125 0.068359375
0 0.480859375 0.092578125 0.07109375 0.0546875
0 0.4234375 0.11640625 0.039453125 0.072265625
0 0.4546875 0.166796875 0.047265625 0.0671875
0 0.416015625 0.165625 0.0609375 0.05234375
0 0.39375 0.200390625 0.051953125 0.05390625
0 0.372265625 0.23359375 0.044921875 0.0609375
0 0.967578125 0.11171875 0.064453125 0.06484375
0 0.88671875 0.1203125 0.06953125 0.0640625
0 0.8046875 0.11953125 0.059765625 0.0671875