0 0.101171875 0.50390625 0.090625 0.055078125
0 0.03359375 0.593359375 0.0671875 0.046484375
0 0.154296875 0.659375 0.075 0.065625
0 0.1703125 0.714453125 0.0890625 0.059375
0 0.251171875 0.79921875 0.076953125 0.06640625
0 0.7078125 0.85390625 0.07265625 0.053515625
0 0.689453125 0.88984375 0.07890625 0.05
0 0.60390625 0.89609375 0.0859375 0.066796875
0 0.428125 0.876171875 0.049609375 0.06953125
0 0.971484375 0.851953125 0.056640625 0.07421875
0 0.833203125 0.866796875 0.07109375 0.0703125
0 0.96875 0.89375 0.0625 0.064453125
0 0.7703125 0.696484375 0.07109375 0.06640625
0 0.84140625 0.7640625 0.08984375 0.056640625
0 0.628125 0.65390625 0.076171875 0.052734375
0 0.682421875 0.714453125 0.05703125 0.0890625