0 0.2671875 0.288671875 0.0609375 0.08828125
0 0.16953125 0.401953125 0.093359375 0.053125
0 0.39453125 0.388671875 0.0609375 0.064453125
0 0.434765625 0.342578125 0.05703125 0.073828125
0 0.512109375 0.275 0.063671875 0.0703125
0 0.346875 0.56328125 0.08359375 0.056640625
0 0.151171875 0.666796875 0.083203125 0.066015625
0 0.171484375 0.71796875 0.084375 0.06171875
0 0.05078125 0.849609375 0.099609375 0.05859375
0 0.100390625 0.805078125 0.076171875 0.041796875
0 0.19375 0.780859375 0.054296875 0.0625
0 0.273828125 0.80859375 0.080859375 0.0484375
0 0.38359375 0.8203125 0.08046875 0.068359375
0 0.399609375 0.670703125 0.078515625 0.072265625
0 0.3609375 0.681640625 0.0703125 0.053125
0 0.361328125 0.738671875 0.06328125 0.066796875
0 0.498828125 0.743359375 0.08359375 0.053125
0 0.523046875 0.790234375 0.059765625 0.04453125
0 0.712890625 0.846484375 0.05859375 0.093359375
0 0.652734375 0.84609375 0.06015625 0.08828125
0 0.589453125 0.798046875 0.080859375 0.062890625
0 0.62109375 0.7453125 0.084765625 0.050390625
0 0.5984375 0.714453125 0.114453125 0.06171875
0 0.696484375 0.685546875 0.061328125 0.062109375
0 0.69296875 0.739453125 0.08515625 0.063671875
0 0.6640625 0.791015625 0.06796875 0.069140625
0 0.844921875 0.852734375 0.082421875 0.08046875
0 0.90546875 0.863671875 0.0578125 0.05703125
0 0.967578125 0.841015625 0.06484375 0.08671875
0 0.975 0.7515625 0.05 0.080859375
0 0.918359375 0.79453125 0.073046875 0.08125
0 0.809375 0.72421875 0.07421875 0.059375
0 0.8125 0.778125 0.08046875 0.055078125
0 0.75234375 0.686328125 0.06796875 0.064453125
0 0.746484375 0.733203125 0.0578125 0.0640625
0 0.7640625 0.63046875 0.09375 0.06953125
0 0.6125 0.59609375 0.0671875 0.07421875