0 0.076953125 0.096484375 0.08515625 0.06796875
0 0.08203125 0.16875 0.059375 0.078125
0 0.13359375 0.16015625 0.05625 0.075
0 0.180859375 0.098046875 0.05703125 0.04765625
0 0.516796875 0.1015625 0.05859375 0.084375
0 0.578515625 0.084375 0.06171875 0.05625
0 0.769140625 0.073828125 0.06171875 0.04296875
0 0.7859375 0.130078125 0.0515625 0.06640625
0 0.8484375 0.09609375 0.0734375 0.05625
0 0.599609375 0.210546875 0.04921875 0.06484375
0 0.28984375 0.29296875 0.0546875 0.075
0 0.140234375 0.88671875 0.06640625 0.0484375
0 0.168359375 0.915625 0.06328125 0.0515625