0 0.02265625 0.094921875 0.0453125 0.07578125
0 0.0296875 0.18828125 0.059375 0.091796875
0 0.069921875 0.071484375 0.08984375 0.058984375
0 0.090625 0.11640625 0.078515625 0.06015625
0 0.16171875 0.080859375 0.076953125 0.06171875
0 0.122265625 0.1796875 0.08203125 0.073046875
0 0.06484375 0.219140625 0.08828125 0.06015625
0 0.177734375 0.25546875 0.06484375 0.09296875
0 0.20703125 0.178125 0.06484375 0.09375
0 0.233203125 0.110546875 0.061328125 0.09453125
0 0.298046875 0.171875 0.061328125 0.080859375
0 0.45703125 0.144140625 0.0640625 0.091796875
0 0.55078125 0.16171875 0.094921875 0.06796875
0 0.56640625 0.1 0.05625 0.0859375
0 0.622265625 0.096484375 0.062109375 0.081640625
0 0.70703125 0.114453125 0.060546875 0.097265625
0 0.844140625 0.11484375 0.060546875 0.0875
0 0.941796875 0.321875 0.069140625 0.06875
0 0.949609375 0.44609375 0.10078125 0.080859375
0 0.826171875 0.257421875 0.055078125 0.0875
0 0.778515625 0.3203125 0.060546875 0.09453125
0 0.602734375 0.3078125 0.08984375 0.072265625
0 0.823046875 0.43671875 0.0671875 0.09609375
0 0.974609375 0.625390625 0.05078125 0.056640625
0 0.805859375 0.559375 0.061328125 0.081640625
0 0.680078125 0.56796875 0.09609375 0.065234375
0 0.640234375 0.625390625 0.05859375 0.084375
0 0.4515625 0.5609375 0.094140625 0.0625
0 0.36015625 0.58515625 0.07265625 0.080859375
0 0.3140625 0.6375 0.077734375 0.063671875
0 0.012109375 0.74375 0.02421875 0.04296875
0 0.012109375 0.833984375 0.02421875 0.0515625
0 0.081640625 0.78203125 0.070703125 0.087890625
0 0.131640625 0.712109375 0.075 0.091015625
0 0.2046875 0.837890625 0.07578125 0.090234375
0 0.31015625 0.821484375 0.068359375 0.080859375
0 0.347265625 0.90703125 0.08984375 0.066015625
0 0.433984375 0.77109375 0.084765625 0.064453125
0 0.599609375 0.76796875 0.0640625 0.0765625
0 0.665625 0.889453125 0.06484375 0.083203125
0 0.594921875 0.873046875 0.055078125 0.083203125
0 0.53984375 0.8703125 0.076953125 0.064453125
0 0.43046875 0.87890625 0.077734375 0.07578125
0 0.95234375 0.89921875 0.088671875 0.07109375
0 0.88984375 0.905078125 0.056640625 0.05625