0 0.9421875 0.0875 0.0890625 0.074609375
0 0.796484375 0.16171875 0.091796875 0.066796875
0 0.54375 0.112109375 0.068359375 0.0953125
0 0.4359375 0.098046875 0.070703125 0.0953125
0 0.3765625 0.101953125 0.068359375 0.0671875
0 0.326953125 0.102734375 0.075 0.0828125
0 0.76640625 0.47734375 0.055859375 0.095703125
0 0.72421875 0.47890625 0.05 0.087890625
0 0.669140625 0.61171875 0.064453125 0.08515625
0 0.767578125 0.63203125 0.0875 0.068359375
0 0.5375 0.84296875 0.060546875 0.08984375
0 0.8359375 0.86640625 0.074609375 0.05
0 0.4515625 0.78046875 0.082421875 0.07578125
0 0.444140625 0.861328125 0.083984375 0.069140625
0 0.0890625 0.8578125 0.07109375 0.0578125
0 0.032421875 0.7578125 0.06484375 0.090625