0 0.01875 0.803125 0.037109375 0.053515625
0 0.1 0.80234375 0.07734375 0.063671875
0 0.209375 0.82734375 0.048046875 0.067578125
0 0.251953125 0.84140625 0.057421875 0.08671875
0 0.277734375 0.755859375 0.085546875 0.0625
0 0.35234375 0.788671875 0.08984375 0.053125
0 0.40390625 0.72734375 0.0828125 0.056640625
0 0.444140625 0.796875 0.048828125 0.086328125
0 0.476953125 0.874609375 0.046484375 0.076171875
0 0.415625 0.875390625 0.053125 0.072265625
0 0.397265625 0.835546875 0.04921875 0.06640625
0 0.37265625 0.883203125 0.041796875 0.07109375
0 0.339453125 0.88515625 0.037109375 0.07421875
0 0.322265625 0.84140625 0.06875 0.046875
0 0.298828125 0.88828125 0.05546875 0.064453125
0 0.17578125 0.9703125 0.09140625 0.058984375
0 0.01796875 0.984375 0.0359375 0.03125
0 0.0421875 0.9578125 0.084375 0.0625
0 0.085546875 0.84765625 0.064453125 0.0703125
0 0.361328125 0.673828125 0.0984375 0.055078125
0 0.43359375 0.605859375 0.0890625 0.047265625
0 0.424609375 0.487890625 0.086328125 0.05390625
0 0.386328125 0.55078125 0.055859375 0.070703125
0 0.234765625 0.49921875 0.073046875 0.05078125
0 0.13671875 0.505078125 0.06796875 0.071875
0 0.039453125 0.602734375 0.078125 0.07109375
0 0.13984375 0.682421875 0.08359375 0.053515625
0 0.028515625 0.523046875 0.05703125 0.05
0 0.0234375 0.45625 0.046875 0.0609375
0 0.35859375 0.4015625 0.07578125 0.051953125
0 0.418359375 0.302734375 0.055078125 0.085546875
0 0.297265625 0.368359375 0.06875 0.066796875
0 0.19375 0.326171875 0.066796875 0.07265625
0 0.07578125 0.3421875 0.0875 0.049609375
0 0.03125 0.305859375 0.06171875 0.071484375
0 0.014453125 0.24609375 0.02890625 0.0515625
0 0.0484375 0.246484375 0.06015625 0.066015625
0 0.098828125 0.272265625 0.048046875 0.081640625
0 0.140234375 0.27265625 0.0609375 0.081640625
0 0.27890625 0.295703125 0.064453125 0.059765625
0 0.3328125 0.26953125 0.05234375 0.063671875
0 0.37890625 0.234765625 0.062890625 0.06171875
0 0.327734375 0.1515625 0.05703125 0.093359375
0 0.322265625 0.1015625 0.073828125 0.053515625
0 0.29765625 0.17421875 0.05078125 0.0703125
0 0.2890625 0.219921875 0.05234375 0.080078125
0 0.25234375 0.206640625 0.062890625 0.094921875
0 0.2296875 0.186328125 0.06015625 0.055078125
0 0.153125 0.21875 0.096875 0.074609375
0 0.169921875 0.140625 0.078515625 0.091796875
0 0.134375 0.120703125 0.053125 0.051171875
0 0.09765625 0.155078125 0.066796875 0.078515625
0 0.0296875 0.176171875 0.059375 0.06015625
0 0.026171875 0.134765625 0.05234375 0.05546875
0 0.084765625 0.108984375 0.05859375 0.074609375
0 0.0453125 0.1109375 0.052734375 0.060546875
0 0.92734375 0.0984375 0.097265625 0.062109375
0 0.827734375 0.1328125 0.0765625 0.06953125
0 0.72109375 0.162109375 0.062109375 0.078125
0 0.74375 0.18203125 0.06328125 0.066796875
0 0.75703125 0.228515625 0.08203125 0.0546875
0 0.65703125 0.1953125 0.078125 0.0671875
0 0.63828125 0.253125 0.055078125 0.084375
0 0.76015625 0.303515625 0.0875 0.05078125
0 0.713671875 0.392578125 0.08203125 0.06328125
0 0.531640625 0.412109375 0.069140625 0.054296875
0 0.52734375 0.351953125 0.09296875 0.06171875
0 0.50859375 0.2796875 0.0859375 0.058984375
0 0.528515625 0.228125 0.070703125 0.05546875
0 0.9390625 0.257421875 0.094921875 0.051171875
0 0.87109375 0.28359375 0.068359375 0.061328125
0 0.880859375 0.3296875 0.1109375 0.043359375
0 0.897265625 0.359375 0.09609375 0.05390625
0 0.90234375 0.40859375 0.116015625 0.046484375
0 0.59609375 0.18203125 0.076171875 0.0625
0 0.53125 0.15859375 0.061328125 0.06953125
0 0.478125 0.187890625 0.059375 0.075
0 0.440234375 0.1671875 0.076171875 0.069140625
0 0.41640625 0.1125 0.053515625 0.071875
0 0.44453125 0.08984375 0.053515625 0.086328125
0 0.50859375 0.092578125 0.07890625 0.058984375
0 0.473828125 0.1234375 0.065625 0.059375
0 0.58203125 0.09765625 0.041796875 0.0640625
0 0.609375 0.1328125 0.0515625 0.055859375
0 0.652734375 0.14453125 0.0625 0.06484375
0 0.649609375 0.106640625 0.06875 0.041796875
0 0.948828125 0.474609375 0.08828125 0.05234375
0 0.968359375 0.533203125 0.06328125 0.056640625
0 0.93828125 0.59296875 0.080859375 0.07109375
0 0.823046875 0.690625 0.071875 0.041015625
0 0.728515625 0.6703125 0.064453125 0.05703125
0 0.747265625 0.596875 0.0578125 0.055859375
0 0.641015625 0.6296875 0.074609375 0.0546875
0 0.86171875 0.475390625 0.0765625 0.05546875
0 0.7734375 0.451953125 0.08046875 0.044921875
0 0.6390625 0.47421875 0.0671875 0.05703125
0 0.509375 0.473046875 0.08125 0.04765625
0 0.476171875 0.525390625 0.074609375 0.05390625
0 0.50625 0.56328125 0.063671875 0.0765625
0 0.517578125 0.669921875 0.053125 0.0921875
0 0.524609375 0.901171875 0.071484375 0.06171875
0 0.728515625 0.866015625 0.051171875 0.065234375
0 0.701171875 0.875390625 0.053125 0.087890625
0 0.7203125 0.897265625 0.04453125 0.05
0 0.653515625 0.853125 0.057421875 0.075
0 0.632421875 0.82734375 0.056640625 0.0859375
0 0.595703125 0.8828125 0.046875 0.064453125
0 0.598828125 0.835546875 0.053125 0.073828125
0 0.562109375 0.851171875 0.067578125 0.062109375
0 0.550390625 0.813671875 0.048046875 0.059375
0 0.509765625 0.8078125 0.041796875 0.06953125
0 0.512109375 0.75546875 0.057421875 0.06171875
0 0.56328125 0.78046875 0.05703125 0.069140625