0 0.005859375 0.073046875 0.01171875 0.05390625
0 0.01640625 0.29375 0.0328125 0.062890625
0 0.0046875 0.3484375 0.009375 0.025
0 0.265625 0.1109375 0.059375 0.07265625
0 0.32421875 0.16875 0.09296875 0.055078125
0 0.327734375 0.059375 0.0828125 0.055078125
0 0.349609375 0.105859375 0.069140625 0.065234375
0 0.411328125 0.062890625 0.080078125 0.056640625
0 0.494921875 0.0734375 0.0609375 0.083203125
0 0.467578125 0.104296875 0.053125 0.088671875
0 0.423046875 0.1109375 0.071484375 0.055078125
0 0.64453125 0.084765625 0.05390625 0.092578125
0 0.702734375 0.07578125 0.070703125 0.1
0 0.82578125 0.119140625 0.06640625 0.08125
0 0.841015625 0.221875 0.06640625 0.089453125
0 0.973046875 0.496484375 0.05390625 0.07578125
0 0.658984375 0.24609375 0.06328125 0.03984375
0 0.75234375 0.259765625 0.076953125 0.055859375
0 0.499609375 0.1765625 0.048046875 0.07421875
0 0.46875 0.248828125 0.069921875 0.061328125
0 0.390625 0.24921875 0.072265625 0.0703125
0 0.006640625 0.621484375 0.01328125 0.09609375
0 0.291015625 0.396875 0.059375 0.084765625
0 0.347265625 0.477734375 0.069140625 0.062109375
0 0.34765625 0.541796875 0.074609375 0.055078125
0 0.246484375 0.640625 0.074609375 0.057421875
0 0.246484375 0.71171875 0.05859375 0.07578125
0 0.38125 0.883203125 0.090625 0.059765625
0 0.41875 0.817578125 0.0671875 0.07578125
0 0.477734375 0.841015625 0.0859375 0.066015625
0 0.665625 0.844140625 0.0609375 0.07734375
0 0.78984375 0.737890625 0.073046875 0.091015625
0 0.782421875 0.454296875 0.109765625 0.053515625
0 0.60703125 0.488671875 0.078515625 0.061328125
0 0.8015625 0.655078125 0.05859375 0.071875
0 0.640234375 0.60546875 0.075390625 0.054296875
0 0.728125 0.65234375 0.0890625 0.053515625
0 0.662890625 0.6703125 0.076171875 0.065234375
0 0.658203125 0.718359375 0.071484375 0.058984375
0 0.57265625 0.66640625 0.07578125 0.073046875