0 0.321484375 0.89296875 0.07421875 0.0625
0 0.292578125 0.864453125 0.05390625 0.05859375
0 0.366796875 0.8515625 0.06796875 0.0640625
0 0.5015625 0.76015625 0.0765625 0.0515625
0 0.53125 0.81875 0.0765625 0.0671875
0 0.471875 0.857421875 0.0640625 0.05859375
0 0.480859375 0.881640625 0.05546875 0.04765625
0 0.5234375 0.8765625 0.0484375 0.0515625
0 0.5703125 0.870703125 0.053125 0.04921875
0 0.612890625 0.873046875 0.06328125 0.05859375
0 0.646875 0.77734375 0.0546875 0.05625
0 0.690625 0.86171875 0.078125 0.04375
0 0.6671875 0.88125 0.05625 0.05
0 0.74765625 0.9734375 0.0875 0.0515625
0 0.946484375 0.908984375 0.05234375 0.08984375
0 0.96484375 0.883203125 0.05625 0.07421875
0 0.978125 0.8484375 0.04375 0.065625
0 0.913671875 0.854296875 0.04453125 0.07734375
0 0.853125 0.86484375 0.0734375 0.0515625
0 0.8515625 0.827734375 0.0609375 0.06171875
0 0.79140625 0.82421875 0.075 0.09375
0 0.728125 0.816796875 0.0484375 0.07109375
0 0.695703125 0.796484375 0.05546875 0.07109375
0 0.7734375 0.67578125 0.071875 0.053125
0 0.847265625 0.644140625 0.07578125 0.06796875
0 0.952734375 0.570703125 0.07265625 0.06328125
0 0.9421875 0.518359375 0.09375 0.06640625
0 0.855078125 0.418359375 0.07578125 0.05546875
0 0.815625 0.375390625 0.0765625 0.05859375
0 0.63046875 0.567578125 0.075 0.05078125
0 0.202734375 0.7859375 0.09453125 0.046875
0 0.21015625 0.744921875 0.103125 0.06171875
0 0.198046875 0.68203125 0.08515625 0.0625
0 0.2984375 0.71015625 0.08125 0.0640625
0 0.2953125 0.63515625 0.0671875 0.0578125
0 0.510546875 0.50859375 0.05859375 0.0828125
0 0.671875 0.487890625 0.0625 0.06171875
0 0.65234375 0.463671875 0.0640625 0.06640625
0 0.5796875 0.43515625 0.0734375 0.05625
0 0.63828125 0.410546875 0.0671875 0.06640625
0 0.64609375 0.344921875 0.0515625 0.07578125
0 0.621875 0.304296875 0.0578125 0.07578125
0 0.6875 0.315234375 0.071875 0.05390625
0 0.77890625 0.30625 0.0515625 0.059375
0 0.9203125 0.315234375 0.0828125 0.08515625
0 0.93984375 0.249609375 0.0734375 0.08515625
0 0.8359375 0.253125 0.0546875 0.0859375
0 0.7828125 0.2234375 0.071875 0.0390625
0 0.780859375 0.264453125 0.06328125 0.04765625
0 0.75390625 0.262109375 0.05625 0.05390625
0 0.70859375 0.278125 0.0578125 0.0515625
0 0.667578125 0.273828125 0.06484375 0.05546875
0 0.329296875 0.574609375 0.04921875 0.05859375
0 0.0390625 0.60234375 0.065625 0.0546875
0 0.147265625 0.588671875 0.07578125 0.04921875
0 0.226953125 0.53125 0.06953125 0.0703125
0 0.201953125 0.566015625 0.05546875 0.08828125
0 0.325390625 0.490234375 0.06484375 0.07421875
0 0.366015625 0.474609375 0.05390625 0.08046875
0 0.402734375 0.53046875 0.06953125 0.0734375
0 0.34453125 0.541015625 0.0671875 0.06640625
0 0.4390625 0.477734375 0.08125 0.05703125
0 0.512890625 0.357421875 0.07578125 0.05078125
0 0.369140625 0.379296875 0.08046875 0.04609375
0 0.090625 0.55625 0.0765625 0.0515625
0 0.107421875 0.5015625 0.05546875 0.065625
0 0.06875 0.497265625 0.0578125 0.06640625
0 0.0515625 0.537890625 0.0578125 0.04609375
0 0.020703125 0.503515625 0.03984375 0.07734375
0 0.15546875 0.45703125 0.0828125 0.05
0 0.212890625 0.433984375 0.06015625 0.06640625
0 0.225 0.40234375 0.065625 0.0734375
0 0.295703125 0.369140625 0.07421875 0.05390625
0 0.353515625 0.34375 0.06484375 0.0640625
0 0.34921875 0.2859375 0.065625 0.084375
0 0.264453125 0.316015625 0.06953125 0.06015625
0 0.22578125 0.344921875 0.065625 0.07265625
0 0.140234375 0.3921875 0.06484375 0.0640625
0 0.178125 0.360546875 0.0609375 0.06328125
0 0.1859375 0.315234375 0.078125 0.07109375
0 0.05859375 0.453515625 0.06875 0.06171875
0 0.01875 0.435546875 0.034375 0.05859375
0 0.05859375 0.400390625 0.065625 0.05546875
0 0.02578125 0.38203125 0.04375 0.0640625
0 0.058203125 0.35234375 0.05546875 0.053125
0 0.110546875 0.33671875 0.06796875 0.065625
0 0.04609375 0.3125 0.0796875 0.06875
0 0.123828125 0.29765625 0.07421875 0.0578125
0 0.1390625 0.24765625 0.078125 0.0546875
0 0.09296875 0.255859375 0.08125 0.07109375
0 0.026953125 0.235546875 0.05078125 0.05390625
0 0.0328125 0.1890625 0.0609375 0.0546875
0 0.11015625 0.205078125 0.0796875 0.06328125
0 0.251953125 0.237890625 0.06484375 0.06796875
0 0.198046875 0.20546875 0.08046875 0.0625
0 0.47421875 0.30078125 0.0578125 0.0828125
0 0.5046875 0.258984375 0.05 0.08203125
0 0.406640625 0.236328125 0.06484375 0.06953125
0 0.452734375 0.225390625 0.05703125 0.08203125
0 0.659375 0.244140625 0.078125 0.05078125
0 0.63203125 0.213671875 0.0625 0.07265625
0 0.876953125 0.19453125 0.07421875 0.05625
0 0.983203125 0.1765625 0.03359375 0.0703125
0 0.94765625 0.15390625 0.0671875 0.0734375
0 0.95546875 0.08515625 0.059375 0.05625
0 0.980859375 0.12734375 0.03828125 0.0625
0 0.9140625 0.09296875 0.0578125 0.059375
0 0.730078125 0.223828125 0.05078125 0.07421875
0 0.767578125 0.169140625 0.05234375 0.05078125
0 0.821484375 0.1734375 0.04453125 0.04375
0 0.824609375 0.1328125 0.06328125 0.05625
0 0.8328125 0.103125 0.04375 0.053125
0 0.86796875 0.089453125 0.0515625 0.06015625
0 0.88359375 0.13515625 0.059375 0.046875
0 0.520703125 0.20703125 0.05078125 0.065625
0 0.573046875 0.16328125 0.06171875 0.0671875
0 0.66328125 0.1734375 0.0671875 0.0484375
0 0.727734375 0.167578125 0.04765625 0.03828125
0 0.7109375 0.143359375 0.0609375 0.04921875
0 0.785546875 0.11796875 0.04609375 0.046875
0 0.75390625 0.101953125 0.0484375 0.06484375
0 0.715234375 0.103125 0.03671875 0.0546875
0 0.681640625 0.091796875 0.05390625 0.04609375
0 0.64609375 0.136328125 0.0625 0.03828125
0 0.619921875 0.11953125 0.04140625 0.059375
0 0.64921875 0.091796875 0.059375 0.06953125
0 0.577734375 0.121484375 0.04921875 0.05078125
0 0.459375 0.169921875 0.0578125 0.06953125
0 0.512109375 0.173828125 0.06015625 0.05703125
0 0.39609375 0.142578125 0.0578125 0.06796875
0 0.3359375 0.190625 0.0578125 0.0875
0 0.29140625 0.2046875 0.0671875 0.0578125
0 0.040625 0.103515625 0.0546875 0.06953125
0 0.078125 0.14296875 0.0453125 0.0609375
0 0.11953125 0.13359375 0.053125 0.0546875
0 0.1015625 0.1 0.0578125 0.053125
0 0.158984375 0.11015625 0.05234375 0.06875
0 0.219140625 0.1453125 0.05703125 0.08125
0 0.284765625 0.168359375 0.05390625 0.05390625
0 0.330078125 0.1140625 0.04765625 0.0765625
0 0.369140625 0.101171875 0.06171875 0.04609375
0 0.419140625 0.0984375 0.06015625 0.0703125
0 0.466015625 0.110546875 0.04609375 0.06796875
0 0.514453125 0.138671875 0.05546875 0.05859375
0 0.504296875 0.09609375 0.05390625 0.0515625
0 0.556640625 0.092578125 0.07578125 0.06171875
0 0.2953125 0.11484375 0.0453125 0.06875
0 0.246875 0.108203125 0.0515625 0.06796875
0 0.203125 0.105078125 0.03125 0.05859375