0 0.048046875 0.271875 0.09609375 0.06875
0 0.0171875 0.226171875 0.034375 0.073828125
0 0.015234375 0.109765625 0.030078125 0.078515625
0 0.0109375 0.069921875 0.021875 0.06953125
0 0.03984375 0.136328125 0.0546875 0.09296875
0 0.039453125 0.074609375 0.054296875 0.06015625
0 0.070703125 0.058984375 0.0546875 0.078515625
0 0.092578125 0.173828125 0.066015625 0.06953125
0 0.076953125 0.127734375 0.069140625 0.060546875
0 0.09921875 0.08984375 0.065234375 0.040625
0 0.126953125 0.0484375 0.080859375 0.04921875
0 0.159765625 0.075 0.05625 0.085546875
0 0.099609375 0.086328125 0.058984375 0.044921875
0 0.119921875 0.10625 0.05625 0.0640625
0 0.1390625 0.15078125 0.07265625 0.053125
0 0.145703125 0.2125 0.06640625 0.088671875
0 0.174609375 0.136328125 0.058203125 0.0765625
0 0.19453125 0.062890625 0.052734375 0.075
0 0.222265625 0.081640625 0.05625 0.073046875
0 0.223046875 0.12890625 0.074609375 0.06328125
0 0.26484375 0.081640625 0.052734375 0.078515625
0 0.31953125 0.0734375 0.06875 0.0796875
0 0.32109375 0.1359375 0.06171875 0.0703125
0 0.362890625 0.060546875 0.064453125 0.06484375
0 0.377734375 0.1234375 0.06015625 0.077734375
0 0.405859375 0.076953125 0.04921875 0.08671875
0 0.437109375 0.137890625 0.063671875 0.08125
0 0.440625 0.0609375 0.052734375 0.07109375
0 0.462109375 0.0765625 0.0546875 0.083203125
0 0.4921875 0.064453125 0.046484375 0.076953125
0 0.530078125 0.052734375 0.0546875 0.061328125
0 0.528125 0.103515625 0.05703125 0.06953125
0 0.531640625 0.16171875 0.05703125 0.072265625
0 0.567578125 0.121484375 0.051953125 0.0828125
0 0.558984375 0.07265625 0.047265625 0.07109375
0 0.62890625 0.04296875 0.091796875 0.073828125
0 0.5875 0.076953125 0.048046875 0.08671875
0 0.5890625 0.15 0.06015625 0.073828125
0 0.613671875 0.109765625 0.05078125 0.071484375
0 0.647265625 0.0921875 0.046484375 0.060546875
0 0.6671875 0.06171875 0.05078125 0.0703125
0 0.70078125 0.059765625 0.0453125 0.06875
0 0.73828125 0.06015625 0.043359375 0.0640625
0 0.76484375 0.073046875 0.048828125 0.073828125
0 0.79921875 0.0546875 0.0515625 0.075
0 0.8296875 0.077734375 0.046484375 0.06875
0 0.861328125 0.05546875 0.0453125 0.0640625
0 0.88984375 0.0453125 0.048046875 0.071484375
0 0.934375 0.04609375 0.054296875 0.0828125
0 0.979296875 0.04765625 0.04140625 0.06015625
0 0.9484375 0.08125 0.06875 0.045703125
0 0.934375 0.12109375 0.071875 0.062890625
0 0.983984375 0.10859375 0.031640625 0.051171875
0 0.9609375 0.147265625 0.0734375 0.04609375
0 0.98359375 0.158203125 0.032421875 0.050390625
0 0.988671875 0.201171875 0.02265625 0.04765625
0 0.88515625 0.095703125 0.053515625 0.072265625
0 0.851171875 0.126171875 0.054296875 0.066015625
0 0.882421875 0.15390625 0.04921875 0.07421875
0 0.858203125 0.173046875 0.059765625 0.07421875
0 0.80859375 0.21796875 0.0671875 0.110546875
0 0.809765625 0.1484375 0.05625 0.076953125
0 0.778515625 0.109375 0.087109375 0.055859375
0 0.709765625 0.10390625 0.06875 0.055859375
0 0.654296875 0.13125 0.0625 0.055078125
0 0.6328125 0.17109375 0.082421875 0.0546875
0 0.583203125 0.209765625 0.0828125 0.057421875
0 0.681640625 0.21171875 0.06171875 0.0859375
0 0.71640625 0.171875 0.06875 0.079296875
0 0.763671875 0.15859375 0.057421875 0.0796875
0 0.887109375 0.232421875 0.0890625 0.05859375
0 0.989453125 0.31015625 0.020703125 0.07421875
0 0.485546875 0.22109375 0.087890625 0.06484375
0 0.639453125 0.300390625 0.092578125 0.06875
0 0.765625 0.35546875 0.074609375 0.071484375
0 0.862890625 0.408984375 0.081640625 0.060546875
0 0.952734375 0.41640625 0.094140625 0.08828125
0 0.366015625 0.19453125 0.091796875 0.068359375
0 0.3046875 0.205078125 0.052734375 0.085546875
0 0.205078125 0.226953125 0.058984375 0.116796875
0 0.253515625 0.210546875 0.05703125 0.096484375
0 0.285546875 0.24375 0.07734375 0.056640625
0 0.16796875 0.2796875 0.097265625 0.050390625
0 0.22578125 0.312890625 0.080078125 0.06875
0 0.1625 0.33515625 0.082421875 0.06953125
0 0.186328125 0.37734375 0.08828125 0.055078125
0 0.33046875 0.396484375 0.090625 0.05234375
0 0.487890625 0.28359375 0.058203125 0.083203125
0 0.557421875 0.30390625 0.07265625 0.066015625
0 0.510546875 0.362109375 0.080078125 0.060546875
0 0.684375 0.396484375 0.076953125 0.08828125
0 0.59765625 0.36640625 0.08984375 0.056640625
0 0.6296875 0.412109375 0.0609375 0.099609375
0 0.570703125 0.41796875 0.074609375 0.079296875
0 0.133984375 0.465625 0.09375 0.076953125
0 0.25546875 0.471875 0.087109375 0.06484375
0 0.2765625 0.53828125 0.11171875 0.06484375
0 0.55078125 0.526953125 0.097265625 0.05859375
0 0.734765625 0.54296875 0.081640625 0.06875
0 0.81484375 0.5359375 0.080078125 0.068359375
0 0.875 0.573046875 0.08359375 0.05859375
0 0.432421875 0.621875 0.058203125 0.09765625
0 0.355078125 0.665625 0.087890625 0.065625
0 0.187109375 0.603125 0.091796875 0.062890625
0 0.1359375 0.67578125 0.10234375 0.05859375
0 0.233984375 0.773828125 0.0609375 0.0859375
0 0.309765625 0.754296875 0.080078125 0.062109375
0 0.3265625 0.82890625 0.092578125 0.077734375
0 0.277734375 0.894921875 0.053515625 0.067578125
0 0.344140625 0.88828125 0.075390625 0.06015625
0 0.396484375 0.871484375 0.0609375 0.089453125
0 0.4296875 0.871484375 0.070703125 0.089453125
0 0.4609375 0.9046875 0.076171875 0.060546875
0 0.503125 0.840625 0.080078125 0.065625
0 0.54921875 0.849609375 0.06171875 0.06484375
0 0.50625 0.891015625 0.058203125 0.062109375
0 0.54765625 0.89453125 0.065234375 0.057421875
0 0.591015625 0.8875 0.064453125 0.0921875
0 0.640625 0.86171875 0.05546875 0.0875
0 0.6234375 0.792578125 0.085546875 0.066796875
0 0.50078125 0.777734375 0.08828125 0.073046875
0 0.710546875 0.878125 0.0625 0.084765625
0 0.724609375 0.75546875 0.09609375 0.066796875
0 0.9828125 0.651171875 0.034375 0.09296875
0 0.98515625 0.7484375 0.0296875 0.07421875
0 0.951953125 0.75546875 0.080078125 0.0859375
0 0.98828125 0.809765625 0.0234375 0.06328125
0 0.9 0.790625 0.10234375 0.07578125
0 0.9375 0.848828125 0.08515625 0.053125
0 0.817578125 0.878515625 0.04453125 0.03046875
0 0.855859375 0.87890625 0.048046875 0.044921875
0 0.9015625 0.866015625 0.05625 0.051171875