0 0.02578125 0.257421875 0.0515625 0.0578125
0 0.038671875 0.67421875 0.07734375 0.05546875
0 0.0203125 0.627734375 0.040625 0.05859375
0 0.152734375 0.70625 0.0890625 0.07421875
0 0.3859375 0.72734375 0.052734375 0.078125
0 0.41796875 0.703125 0.044921875 0.05078125
0 0.437890625 0.7671875 0.04765625 0.083203125
0 0.276953125 0.873046875 0.059375 0.021484375
0 0.025390625 0.17578125 0.05078125 0.07421875
0 0.009765625 0.11171875 0.01953125 0.05390625
0 0.12890625 0.090625 0.064453125 0.068359375
0 0.179296875 0.06484375 0.05390625 0.05546875
0 0.20078125 0.109375 0.065625 0.064453125
0 0.232421875 0.0828125 0.05859375 0.0859375
0 0.7453125 0.068359375 0.076171875 0.05859375
0 0.783203125 0.105078125 0.052734375 0.08125
0 0.72890625 0.134375 0.065625 0.04609375
0 0.7375 0.1875 0.080078125 0.0546875
0 0.83203125 0.121875 0.068359375 0.078125
0 0.8828125 0.0640625 0.056640625 0.075
0 0.836328125 0.0671875 0.06953125 0.05078125