0 0.008984375 0.140234375 0.01640625 0.04453125
0 0.0234375 0.828515625 0.0453125 0.06640625
0 0.08125 0.8140625 0.059375 0.0484375
0 0.069140625 0.87109375 0.06484375 0.075
0 0.041015625 0.96875 0.04921875 0.0625
0 0.115625 0.875390625 0.040625 0.06640625
0 0.308203125 0.78203125 0.05546875 0.059375
0 0.275 0.825 0.05625 0.0515625
0 0.268359375 0.875390625 0.06484375 0.04609375
0 0.285546875 0.969921875 0.04609375 0.05390625
0 0.31953125 0.821875 0.046875 0.040625
0 0.316015625 0.858203125 0.04921875 0.03515625
0 0.35859375 0.8421875 0.040625 0.046875
0 0.34609375 0.8828125 0.034375 0.046875
0 0.3796875 0.8875 0.0328125 0.0421875
0 0.388671875 0.84140625 0.03359375 0.053125
0 0.413671875 0.8640625 0.04609375 0.046875
0 0.41328125 0.906640625 0.0296875 0.04140625