0 0.7875 0.344140625 0.04375 0.06796875
0 0.83125 0.34921875 0.05546875 0.05546875
0 0.6953125 0.41171875 0.073828125 0.051953125
0 0.6609375 0.451171875 0.06015625 0.06484375
0 0.462109375 0.81171875 0.0734375 0.07109375
0 0.605859375 0.7421875 0.053125 0.0578125
0 0.656640625 0.719921875 0.0609375 0.064453125
0 0.783203125 0.748828125 0.062890625 0.073828125
0 0.762890625 0.81171875 0.070703125 0.052734375
0 0.29140625 0.7078125 0.073046875 0.05234375
0 0.3046875 0.848828125 0.069921875 0.07578125
0 0.230859375 0.8890625 0.091796875 0.070703125
0 0.82421875 0.8671875 0.047265625 0.08125
0 0.429296875 0.679296875 0.064453125 0.06015625
0 0.71640625 0.647265625 0.078515625 0.05546875