0 0.015234375 0.896875 0.03046875 0.0453125
0 0.027734375 0.841015625 0.05546875 0.084375
0 0.05703125 0.913671875 0.08125 0.053125
0 0.059765625 0.864453125 0.07265625 0.0703125
0 0.12109375 0.89921875 0.08125 0.059375
0 0.19921875 0.878515625 0.084765625 0.063671875
0 0.290234375 0.807421875 0.07421875 0.06171875
0 0.315234375 0.903125 0.062890625 0.07734375
0 0.378125 0.883203125 0.068359375 0.0765625
0 0.4421875 0.8765625 0.059765625 0.083203125
0 0.51796875 0.873046875 0.067578125 0.074609375
0 0.576171875 0.89765625 0.07265625 0.06953125
0 0.7171875 0.608984375 0.059765625 0.078125
0 0.915625 0.25859375 0.092578125 0.0625
0 0.741796875 0.241796875 0.071484375 0.07734375
0 0.978515625 0.14921875 0.04296875 0.07890625
0 0.979296875 0.106640625 0.04140625 0.058203125
0 0.88515625 0.179296875 0.077734375 0.06328125
0 0.937890625 0.153125 0.061328125 0.065234375
0 0.94375 0.087109375 0.043359375 0.071484375
0 0.9125 0.08046875 0.06328125 0.063671875
0 0.9015625 0.134765625 0.05703125 0.066015625
0 0.866796875 0.06953125 0.04765625 0.066796875
0 0.86484375 0.122265625 0.0484375 0.0703125
0 0.816015625 0.105859375 0.067578125 0.0859375
0 0.811328125 0.074609375 0.07421875 0.063671875
0 0.760546875 0.08984375 0.046484375 0.071484375
0 0.734765625 0.128125 0.067578125 0.089453125
0 0.71328125 0.07109375 0.068359375 0.051171875
0 0.70078125 0.1046875 0.069140625 0.0625
0 0.648828125 0.092578125 0.05703125 0.091015625
0 0.512890625 0.082421875 0.071875 0.06953125
0 0.4703125 0.089453125 0.06640625 0.07578125
0 0.417578125 0.08359375 0.067578125 0.064453125
0 0.389453125 0.13828125 0.0828125 0.058203125
0 0.36328125 0.104296875 0.08046875 0.055859375
0 0.3046875 0.096875 0.05546875 0.082421875