0 0.113671875 0.09765625 0.058203125 0.039453125
0 0.1265625 0.137890625 0.049609375 0.05546875
0 0.096875 0.14296875 0.029296875 0.0609375
0 0.150390625 0.1984375 0.083203125 0.0828125
0 0.103125 0.192578125 0.06796875 0.04453125
0 0.19921875 0.1828125 0.066015625 0.053515625
0 0.240234375 0.18203125 0.063671875 0.063671875
0 0.109765625 0.230078125 0.058984375 0.044921875
0 0.0890625 0.249609375 0.051953125 0.058203125
0 0.124609375 0.277734375 0.059375 0.047265625
0 0.16796875 0.31171875 0.070703125 0.044921875
0 0.19140625 0.269140625 0.083203125 0.059375
0 0.1609375 0.2609375 0.041796875 0.063671875
0 0.1328125 0.321484375 0.070703125 0.060546875
0 0.213671875 0.35078125 0.07421875 0.05390625
0 0.09375 0.32890625 0.065234375 0.047265625
0 0.08671875 0.363671875 0.0671875 0.034375
0 0.14140625 0.373046875 0.0640625 0.066015625
0 0.095703125 0.3984375 0.06953125 0.044921875
0 0.15859375 0.420703125 0.08671875 0.054296875
0 0.083203125 0.42734375 0.09375 0.0453125
0 0.128125 0.4640625 0.109375 0.073046875
0 0.078125 0.470703125 0.101953125 0.0703125
0 0.231640625 0.4453125 0.083984375 0.049609375
0 0.3 0.459765625 0.06640625 0.074609375
0 0.25625 0.487109375 0.06640625 0.072265625
0 0.237109375 0.525 0.065625 0.056640625
0 0.203125 0.4953125 0.0578125 0.052734375
0 0.160546875 0.54375 0.075390625 0.05
0 0.09921875 0.561328125 0.085546875 0.059375
0 0.237109375 0.582421875 0.069140625 0.06328125
0 0.1828125 0.599609375 0.0734375 0.047265625
0 0.22578125 0.63828125 0.082421875 0.041796875
0 0.111328125 0.606640625 0.090625 0.04765625
0 0.084765625 0.616796875 0.05625 0.058984375
0 0.087890625 0.650390625 0.063671875 0.044921875
0 0.134375 0.644140625 0.050390625 0.045703125
0 0.146875 0.61328125 0.061328125 0.041015625
0 0.173046875 0.6578125 0.053125 0.048828125
0 0.15078125 0.696875 0.0828125 0.05234375
0 0.10234375 0.7125 0.0546875 0.046484375
0 0.091796875 0.676953125 0.07265625 0.035546875
0 0.104296875 0.77578125 0.06640625 0.059375
0 0.143359375 0.754296875 0.057421875 0.054296875
0 0.196484375 0.740234375 0.076171875 0.073046875
0 0.251171875 0.6921875 0.071875 0.07734375
0 0.27265625 0.755859375 0.062890625 0.07109375
0 0.211328125 0.8484375 0.0703125 0.048828125
0 0.144921875 0.82734375 0.0484375 0.065234375
0 0.108984375 0.819921875 0.056640625 0.051953125
0 0.109375 0.867578125 0.04765625 0.0546875
0 0.1421875 0.8625 0.042578125 0.046484375
0 0.1703125 0.876953125 0.048828125 0.059375
0 0.269921875 0.851171875 0.06875 0.06328125
0 0.325 0.873828125 0.05546875 0.07109375
0 0.424609375 0.885546875 0.078125 0.06875
0 0.416015625 0.91328125 0.0546875 0.021875
0 0.480859375 0.867578125 0.046484375 0.054296875
0 0.426171875 0.8140625 0.079296875 0.069921875
0 0.48359375 0.795703125 0.07578125 0.057421875
0 0.469140625 0.758203125 0.0984375 0.04765625
0 0.507421875 0.83125 0.080859375 0.06328125
0 0.478515625 0.708984375 0.062890625 0.06796875
0 0.440625 0.697265625 0.059375 0.070703125
0 0.404296875 0.6578125 0.0859375 0.052734375
0 0.425 0.61953125 0.076171875 0.058984375
0 0.5515625 0.6625 0.091015625 0.0515625
0 0.358203125 0.46875 0.062109375 0.083984375
0 0.4390625 0.421875 0.057421875 0.069140625
0 0.496484375 0.34921875 0.06015625 0.0671875
0 0.364453125 0.2859375 0.086328125 0.0625
0 0.37109375 0.254296875 0.08671875 0.05859375
0 0.312109375 0.263671875 0.05625 0.075
0 0.43203125 0.19375 0.082421875 0.0875
0 0.385546875 0.10390625 0.08671875 0.08046875
0 0.264453125 0.142578125 0.0921875 0.09453125
0 0.304296875 0.100390625 0.0765625 0.05390625
0 0.319140625 0.084375 0.08046875 0.053125
0 0.329296875 0.066796875 0.07890625 0.043359375
0 0.25703125 0.075 0.07578125 0.051171875
0 0.618359375 0.309375 0.0609375 0.064453125
0 0.554296875 0.1890625 0.059375 0.068359375
0 0.587890625 0.20546875 0.062109375 0.07421875
0 0.642578125 0.198828125 0.077734375 0.053515625
0 0.487890625 0.133203125 0.091796875 0.066796875
0 0.536328125 0.102734375 0.0546875 0.0765625
0 0.496484375 0.069140625 0.062109375 0.06953125
0 0.600390625 0.1109375 0.07421875 0.062109375
0 0.648828125 0.1 0.059375 0.07578125
0 0.712109375 0.08046875 0.077734375 0.060546875
0 0.766015625 0.0953125 0.05 0.071484375
0 0.7984375 0.067578125 0.08203125 0.05234375
0 0.9 0.07109375 0.06875 0.053125
0 0.963671875 0.065625 0.07265625 0.0515625
0 0.930859375 0.1046875 0.076953125 0.0578125
0 0.90390625 0.1421875 0.060546875 0.081640625
0 0.91875 0.204296875 0.055078125 0.06796875
0 0.959375 0.162890625 0.08125 0.05859375
0 0.97734375 0.20234375 0.044921875 0.066015625
0 0.877734375 0.291796875 0.05703125 0.077734375
0 0.82734375 0.301171875 0.06171875 0.047265625
0 0.78828125 0.275 0.053125 0.07421875
0 0.748828125 0.287890625 0.059765625 0.075390625
0 0.6390625 0.528515625 0.071484375 0.065234375
0 0.632421875 0.48203125 0.0625 0.06953125
0 0.64375 0.644140625 0.058984375 0.070703125
0 0.853515625 0.668359375 0.06171875 0.0703125
0 0.705078125 0.752734375 0.061328125 0.06875
0 0.62421875 0.812890625 0.062890625 0.0515625
0 0.619140625 0.758984375 0.07890625 0.04609375
0 0.628125 0.723828125 0.068359375 0.061328125
0 0.6609375 0.890625 0.08984375 0.055078125
0 0.751953125 0.85546875 0.053515625 0.0765625
0 0.8171875 0.83203125 0.072265625 0.05234375
0 0.759765625 0.90703125 0.064453125 0.051171875
0 0.809765625 0.91953125 0.06953125 0.033203125
0 0.8015625 0.88359375 0.063671875 0.050390625
0 0.84765625 0.8921875 0.048046875 0.064453125
0 0.87578125 0.88125 0.051953125 0.076171875
0 0.9125 0.89140625 0.044140625 0.06953125
0 0.94453125 0.8984375 0.049609375 0.06953125
0 0.97578125 0.903125 0.0484375 0.065625
0 0.989453125 0.88359375 0.02109375 0.0625