0 0.046875 0.29765625 0.06796875 0.078515625
0 0.09375 0.31484375 0.07890625 0.066015625
0 0.0265625 0.530859375 0.053125 0.05546875
0 0.271484375 0.5265625 0.034375 0.072265625
0 0.303125 0.546875 0.04609375 0.07265625
0 0.01796875 0.61171875 0.0359375 0.046875
0 0.0203125 0.648828125 0.040625 0.052734375
0 0.022265625 0.69140625 0.044140625 0.049609375
0 0.0859375 0.754296875 0.069921875 0.08203125
0 0.17421875 0.80546875 0.085546875 0.05078125
0 0.18359375 0.731640625 0.083203125 0.05390625
0 0.604296875 0.841796875 0.07578125 0.048828125
0 0.68125 0.828125 0.074609375 0.059375
0 0.89921875 0.655078125 0.056640625 0.0671875
0 0.954296875 0.75390625 0.05859375 0.066015625