0 0.9671875 0.586328125 0.065234375 0.067578125
0 0.881640625 0.609765625 0.0765625 0.07421875
0 0.662890625 0.854296875 0.0625 0.076953125
0 0.78671875 0.808984375 0.054296875 0.069921875
0 0.877734375 0.794921875 0.073828125 0.0640625
0 0.6328125 0.517578125 0.08125 0.065234375
0 0.72578125 0.337890625 0.074609375 0.0984375
0 0.811328125 0.834765625 0.04140625 0.06484375
0 0.82734375 0.884765625 0.036328125 0.0625
0 0.894921875 0.892578125 0.065234375 0.070703125
0 0.889453125 0.84609375 0.061328125 0.058203125
0 0.859765625 0.88125 0.0359375 0.08203125
0 0.785546875 0.869140625 0.04921875 0.078125
0 0.10234375 0.956640625 0.0796875 0.08671875
0 0.253125 0.946875 0.06171875 0.079296875
0 0.26640625 0.834765625 0.058203125 0.06796875
0 0.315625 0.82890625 0.067578125 0.0609375
0 0.016015625 0.862109375 0.03203125 0.083984375
0 0.112890625 0.733984375 0.057421875 0.0609375
0 0.05625 0.833203125 0.058984375 0.06796875
0 0.108203125 0.8796875 0.06328125 0.07734375
0 0.05078125 0.880859375 0.062890625 0.055078125
0 0.1625 0.474609375 0.080859375 0.051953125
0 0.415625 0.39609375 0.059375 0.071484375
0 0.381640625 0.492578125 0.0671875 0.070703125
0 0.4140625 0.45625 0.075 0.050390625
0 0.5171875 0.146875 0.076953125 0.0640625
0 0.620703125 0.19609375 0.048046875 0.058984375
0 0.4015625 0.233984375 0.065234375 0.0625
0 0.47890625 0.29453125 0.073828125 0.065234375
0 0.498046875 0.24765625 0.0875 0.048046875
0 0.62578125 0.25078125 0.060546875 0.071875
0 0.09765625 0.246875 0.07578125 0.094140625
0 0.25546875 0.106640625 0.071484375 0.057421875
0 0.211328125 0.11953125 0.058203125 0.076171875
0 0.084765625 0.10546875 0.042578125 0.0578125
0 0.124609375 0.09296875 0.041796875 0.050390625
0 0.155078125 0.11015625 0.034375 0.047265625
0 0.184765625 0.137890625 0.0546875 0.06328125
0 0.16953125 0.19296875 0.062890625 0.084765625
0 0.129296875 0.15078125 0.0421875 0.058984375
0 0.096484375 0.14140625 0.05390625 0.04453125
0 0.099609375 0.1828125 0.069140625 0.051953125
0 0.725 0.245703125 0.0734375 0.073046875
0 0.9328125 0.181640625 0.071875 0.062890625
0 0.9859375 0.198046875 0.028125 0.06640625
0 0.901171875 0.1109375 0.037890625 0.07734375
0 0.802734375 0.115234375 0.053125 0.073046875
0 0.855859375 0.09609375 0.05859375 0.04140625
0 0.866796875 0.14375 0.05078125 0.061328125
0 0.935546875 0.11953125 0.036328125 0.06171875
0 0.966015625 0.106640625 0.040234375 0.06796875
0 0.98515625 0.122265625 0.0296875 0.06796875
0 0.8375 0.14140625 0.033984375 0.05703125
0 0.858984375 0.186328125 0.07109375 0.05390625
0 0.815625 0.16015625 0.035546875 0.044921875
0 0.930859375 0.357421875 0.06640625 0.05078125
0 0.965625 0.369921875 0.06875 0.04765625
0 0.011328125 0.092578125 0.02265625 0.04453125