0 0.08515625 0.103125 0.09453125 0.0828125
0 0.017578125 0.127734375 0.03515625 0.06640625
0 0.159375 0.092578125 0.050390625 0.057421875
0 0.202734375 0.1140625 0.070703125 0.0578125
0 0.56796875 0.749609375 0.056640625 0.0765625
0 0.552734375 0.676171875 0.074609375 0.071484375
0 0.578515625 0.687109375 0.062890625 0.065625
0 0.414453125 0.7515625 0.0765625 0.06640625
0 0.469921875 0.753125 0.0609375 0.087109375
0 0.51484375 0.751171875 0.064453125 0.061328125
0 0.498046875 0.639453125 0.0625 0.077734375
0 0.472265625 0.684375 0.086328125 0.063671875
0 0.9421875 0.676953125 0.071875 0.06328125
0 0.781640625 0.663671875 0.07578125 0.08515625
0 0.896484375 0.737109375 0.081640625 0.072265625
0 0.955078125 0.782421875 0.089453125 0.069921875
0 0.8453125 0.099609375 0.07890625 0.07265625
0 0.77421875 0.090234375 0.041015625 0.0640625
0 0.738671875 0.108203125 0.073046875 0.0609375
0 0.792578125 0.16875 0.0796875 0.0671875
0 0.712109375 0.152734375 0.078515625 0.066796875
0 0.66796875 0.2125 0.05703125 0.081640625
0 0.72421875 0.2109375 0.057421875 0.080078125