0 0.926953125 0.53984375 0.066796875 0.062109375
0 0.75390625 0.53359375 0.07578125 0.055078125
0 0.773828125 0.591796875 0.05546875 0.07734375
0 0.81015625 0.661328125 0.046484375 0.082421875
0 0.958203125 0.69140625 0.06015625 0.073046875
0 0.829296875 0.73359375 0.059765625 0.07109375
0 0.741796875 0.790625 0.051171875 0.0765625
0 0.683203125 0.775 0.0796875 0.0609375
0 0.70234375 0.84453125 0.06953125 0.0703125
0 0.582421875 0.739453125 0.07890625 0.053125
0 0.497265625 0.625 0.070703125 0.053515625
0 0.34296875 0.6390625 0.079296875 0.054296875
0 0.364453125 0.684765625 0.06953125 0.06328125
0 0.07109375 0.5875 0.07578125 0.058984375
0 0.05625 0.515234375 0.088671875 0.06640625