0 0.983984375 0.674609375 0.03203125 0.09296875
0 0.590234375 0.654296875 0.101953125 0.065234375
0 0.615625 0.80703125 0.080078125 0.078125
0 0.61796875 0.89765625 0.053515625 0.06796875
0 0.571875 0.830859375 0.094921875 0.065234375
0 0.542578125 0.8984375 0.053125 0.080859375
0 0.582421875 0.894921875 0.04609375 0.07734375
0 0.3578125 0.774609375 0.054296875 0.084765625
0 0.429296875 0.77109375 0.09375 0.0578125
0 0.314453125 0.8890625 0.07109375 0.07578125
0 0.3421875 0.699609375 0.096875 0.0640625
0 0.1953125 0.709375 0.094140625 0.078515625
0 0.1015625 0.709765625 0.0796875 0.079296875
0 0.05859375 0.784375 0.098046875 0.075
0 0.059375 0.842578125 0.098046875 0.076171875
0 0.130078125 0.794140625 0.080078125 0.064453125
0 0.13046875 0.89140625 0.057421875 0.084765625
0 0.1859375 0.81015625 0.05859375 0.0671875
0 0.255078125 0.46328125 0.0734375 0.091015625
0 0.015234375 0.399609375 0.03046875 0.07890625
0 0.0671875 0.122265625 0.0734375 0.105078125
0 0.453515625 0.105078125 0.059765625 0.10390625
0 0.412890625 0.105078125 0.05625 0.08125
0 0.33828125 0.078125 0.082421875 0.054296875
0 0.327734375 0.1328125 0.055078125 0.078515625
0 0.621875 0.248828125 0.06875 0.090625
0 0.544140625 0.09921875 0.058203125 0.0890625
0 0.598046875 0.0875 0.061328125 0.08515625
0 0.36796875 0.110546875 0.044140625 0.082421875
0 0.402734375 0.14453125 0.05859375 0.083203125
0 0.371484375 0.175 0.053125 0.08359375
0 0.983203125 0.090234375 0.03359375 0.07109375
0 0.85234375 0.102734375 0.076171875 0.074609375
0 0.914453125 0.11171875 0.071484375 0.08125
0 0.734375 0.071875 0.086328125 0.06640625
0 0.675390625 0.087890625 0.0515625 0.082421875
0 0.640625 0.10625 0.05390625 0.086328125
0 0.709765625 0.11796875 0.06015625 0.080078125
0 0.762890625 0.170703125 0.072265625 0.08828125
0 0.91328125 0.21015625 0.065234375 0.096484375
0 0.9671875 0.21484375 0.065625 0.0890625
0 0.978125 0.187890625 0.04375 0.065625
0 0.178125 0.890625 0.07265625 0.0578125
0 0.198046875 0.8515625 0.095703125 0.088671875
0 0.38671875 0.80546875 0.058984375 0.068359375
0 0.434375 0.82265625 0.09453125 0.06171875
0 0.368359375 0.85546875 0.06171875 0.08671875
0 0.453515625 0.8734375 0.080859375 0.067578125
0 0.4015625 0.86953125 0.05546875 0.0609375
0 0.365234375 0.909765625 0.06953125 0.05390625
0 0.483984375 0.8984375 0.0578125 0.078125
0 0.42109375 0.906640625 0.065625 0.05390625
0 0.586328125 0.132421875 0.073828125 0.07890625