0 0.988671875 0.79765625 0.02265625 0.065625
0 0.691015625 0.634765625 0.0859375 0.051953125
0 0.12578125 0.67578125 0.074609375 0.077734375
0 0.817578125 0.4453125 0.071875 0.062890625
0 0.488671875 0.794921875 0.05 0.087890625
0 0.548828125 0.789453125 0.065625 0.066015625
0 0.476953125 0.86796875 0.064453125 0.049609375
0 0.54375 0.8703125 0.055859375 0.05546875
0 0.596484375 0.869140625 0.064453125 0.05703125
0 0.61953125 0.81484375 0.08125 0.061328125
0 0.0109375 0.121875 0.021875 0.05234375
0 0.074609375 0.14921875 0.06171875 0.085546875
0 0.167578125 0.12734375 0.078515625 0.05390625
0 0.28125 0.172265625 0.078125 0.0515625
0 0.523046875 0.396875 0.055859375 0.066796875
0 0.814453125 0.257421875 0.06328125 0.061328125
0 0.7140625 0.15625 0.0453125 0.081640625
0 0.81015625 0.15546875 0.0734375 0.075
0 0.854296875 0.109765625 0.0765625 0.05078125