0 0.9828125 0.6765625 0.034375 0.0765625
0 0.86328125 0.742578125 0.08203125 0.062109375
0 0.92890625 0.86953125 0.0609375 0.07890625
0 0.572265625 0.760546875 0.079296875 0.06484375
0 0.6453125 0.79296875 0.0640625 0.071484375
0 0.836328125 0.063671875 0.051953125 0.062890625
0 0.877734375 0.060546875 0.041015625 0.056640625
0 0.80546875 0.091015625 0.05 0.07109375
0 0.716015625 0.150390625 0.062890625 0.075
0 0.8234375 0.199609375 0.105859375 0.073046875
0 0.9484375 0.067578125 0.04296875 0.07421875
0 0.98046875 0.04140625 0.0390625 0.0640625
0 0.897265625 0.090234375 0.04765625 0.062109375
0 0.349609375 0.100390625 0.06796875 0.058984375
0 0.37734375 0.06171875 0.041796875 0.051171875
0 0.41328125 0.060546875 0.0625 0.076171875
0 0.45390625 0.043359375 0.053125 0.08671875
0 0.492578125 0.045703125 0.04609375 0.087890625
0 0.530078125 0.057421875 0.05234375 0.080859375
0 0.566015625 0.05625 0.04453125 0.062890625
0 0.478515625 0.1015625 0.079296875 0.050390625
0 0.351953125 0.199609375 0.06875 0.06875
0 0.401171875 0.103125 0.053515625 0.07265625
0 0.449609375 0.14609375 0.0859375 0.045703125
0 0.5109375 0.149609375 0.05703125 0.0578125
0 0.465234375 0.198828125 0.069921875 0.06640625
0 0.56875 0.105078125 0.069140625 0.063671875
0 0.618359375 0.1265625 0.0703125 0.058984375
0 0.76171875 0.084375 0.055859375 0.05625
0 0.59765625 0.053125 0.0375 0.065234375
0 0.684765625 0.0953125 0.03984375 0.0671875
0 0.7203125 0.083984375 0.04375 0.051953125
0 0.6296875 0.051953125 0.039453125 0.054296875
0 0.6578125 0.04140625 0.045703125 0.05234375
0 0.7015625 0.04453125 0.04296875 0.0328125
0 0.749609375 0.04375 0.05625 0.036328125
0 0.65703125 0.090234375 0.048046875 0.0453125
0 0.617578125 0.084375 0.04375 0.03359375
0 0.433203125 0.26953125 0.070703125 0.058203125
0 0.4140625 0.318359375 0.07265625 0.052734375
0 0.605859375 0.2828125 0.093359375 0.05703125
0 0.746875 0.2734375 0.061328125 0.059765625
0 0.971875 0.103125 0.055859375 0.07578125
0 0.9796875 0.142578125 0.040625 0.037109375
0 0.641015625 0.5125 0.0484375 0.084375
0 0.75390625 0.498828125 0.056640625 0.087890625
0 0.84375 0.56875 0.096875 0.066796875
0 0.42265625 0.571875 0.08046875 0.0546875
0 0.39453125 0.7421875 0.078515625 0.06328125
0 0.825390625 0.79375 0.065234375 0.058984375
0 0.80625 0.834765625 0.058203125 0.06640625
0 0.7234375 0.844140625 0.071484375 0.04453125
0 0.59453125 0.844921875 0.068359375 0.053125
0 0.8078125 0.878125 0.068359375 0.0625
0 0.769140625 0.884375 0.04453125 0.0625
0 0.726953125 0.8921875 0.0625 0.071484375
0 0.69921875 0.89140625 0.046875 0.064453125
0 0.671484375 0.88984375 0.0375 0.06875
0 0.63828125 0.88046875 0.045703125 0.08203125
0 0.60078125 0.8953125 0.05078125 0.061328125
0 0.566796875 0.89140625 0.051953125 0.064453125
0 0.51796875 0.883203125 0.053515625 0.080078125
0 0.476953125 0.837109375 0.05 0.084765625
0 0.434765625 0.81953125 0.05078125 0.0640625
0 0.403515625 0.8515625 0.05703125 0.080859375
0 0.436328125 0.86484375 0.052734375 0.043359375
0 0.458984375 0.902734375 0.051171875 0.046875
0 0.483984375 0.890234375 0.0390625 0.055078125
0 0.412109375 0.905859375 0.038671875 0.046875
0 0.38984375 0.887109375 0.0421875 0.0625
0 0.352734375 0.8359375 0.049609375 0.073828125
0 0.359375 0.88203125 0.047265625 0.0765625
0 0.31875 0.7703125 0.073828125 0.0640625
0 0.026953125 0.818359375 0.05390625 0.0734375
0 0.016796875 0.878125 0.03359375 0.06484375
0 0.05 0.898046875 0.041015625 0.06640625
0 0.065625 0.85703125 0.0546875 0.069921875
0 0.0921875 0.899609375 0.0578125 0.096484375
0 0.17890625 0.884375 0.057421875 0.08515625
0 0.24453125 0.87265625 0.0546875 0.064453125
0 0.30859375 0.83359375 0.05 0.05859375
0 0.264453125 0.83671875 0.058984375 0.0546875
0 0.29609375 0.90390625 0.04375 0.075
0 0.326171875 0.88359375 0.03828125 0.05703125
0 0.31875 0.526953125 0.066796875 0.090625
0 0.2703125 0.59609375 0.07734375 0.053125
0 0.2078125 0.2609375 0.084375 0.05859375
0 0.13984375 0.359375 0.067578125 0.066796875
0 0.013671875 0.236328125 0.02734375 0.08046875
0 0.130859375 0.061328125 0.054296875 0.05703125
0 0.096875 0.06875 0.045703125 0.059765625
0 0.066015625 0.08828125 0.04140625 0.057421875
0 0.137890625 0.11796875 0.05703125 0.073828125
0 0.1609375 0.1828125 0.084765625 0.04921875
0 0.09375 0.1546875 0.08203125 0.048046875
0 0.036328125 0.12890625 0.0625 0.06875
0 0.05546875 0.0515625 0.05703125 0.05078125
0 0.023828125 0.05703125 0.04765625 0.07890625
0 0.009375 0.159765625 0.01875 0.040625
0 0.062890625 0.200390625 0.048828125 0.05859375
0 0.108203125 0.2125 0.076171875 0.07890625
0 0.03984375 0.284375 0.0796875 0.088671875
0 0.915234375 0.045703125 0.02890625 0.050390625