0 0.0171875 0.1296875 0.034375 0.065625
0 0.225390625 0.14921875 0.091796875 0.080859375
0 0.28828125 0.208203125 0.071875 0.051171875
0 0.4375 0.123046875 0.079296875 0.06484375
0 0.4609375 0.170703125 0.075 0.0921875
0 0.73046875 0.069921875 0.073828125 0.066015625
0 0.77734375 0.103125 0.076953125 0.048046875
0 0.9046875 0.123046875 0.078125 0.060546875
0 0.751171875 0.167578125 0.055859375 0.081640625
0 0.838671875 0.414453125 0.07265625 0.0796875
0 0.238671875 0.349609375 0.061328125 0.087109375
0 0.345703125 0.5234375 0.08125 0.05234375
0 0.26796875 0.526953125 0.05703125 0.0765625
0 0.221484375 0.572265625 0.061328125 0.087109375
0 0.335546875 0.695703125 0.065625 0.0890625
0 0.68984375 0.61953125 0.075 0.05859375
0 0.73046875 0.66796875 0.067578125 0.069140625
0 0.814453125 0.741796875 0.0515625 0.075390625
0 0.894140625 0.823046875 0.071875 0.077734375
0 0.675 0.717578125 0.06015625 0.0796875
0 0.5984375 0.694921875 0.055078125 0.072265625
0 0.573046875 0.811328125 0.052734375 0.077734375
0 0.653515625 0.881640625 0.05078125 0.07421875
0 0.623828125 0.888671875 0.0421875 0.0734375
0 0.576953125 0.888671875 0.0515625 0.075390625
0 0.555078125 0.875390625 0.046484375 0.078515625
0 0.516796875 0.8828125 0.049609375 0.0703125