0 0.980078125 0.844140625 0.03984375 0.05234375
0 0.703125 0.598046875 0.0640625 0.07421875
0 0.614453125 0.659765625 0.057421875 0.0765625
0 0.543359375 0.66875 0.070703125 0.060546875
0 0.5640625 0.725 0.0625 0.08125
0 0.63359375 0.71015625 0.0578125 0.0765625
0 0.755078125 0.627734375 0.07578125 0.05625
0 0.857421875 0.434375 0.08125 0.057421875
0 0.680859375 0.227734375 0.08203125 0.075390625
0 0.53125 0.381640625 0.070703125 0.0703125
0 0.696484375 0.38828125 0.06875 0.0671875
0 0.7140625 0.455859375 0.065625 0.07265625
0 0.50703125 0.484765625 0.080078125 0.05234375
0 0.394140625 0.562109375 0.0546875 0.076171875
0 0.340234375 0.571484375 0.053515625 0.06328125
0 0.311328125 0.521875 0.066796875 0.05546875
0 0.76875 0.13203125 0.086328125 0.05703125
0 0.83359375 0.201171875 0.066796875 0.077734375
0 0.979296875 0.13359375 0.04140625 0.078125
0 0.985546875 0.285546875 0.02890625 0.05703125
0 0.7453125 0.756640625 0.058984375 0.080859375
0 0.775390625 0.796875 0.07421875 0.055078125
0 0.15625 0.71328125 0.06015625 0.080078125
0 0.22265625 0.771875 0.077734375 0.05234375
0 0.255859375 0.696875 0.072265625 0.05625
0 0.320703125 0.65859375 0.077734375 0.054296875
0 0.4671875 0.69296875 0.069140625 0.0625
0 0.203515625 0.530859375 0.086328125 0.057421875
0 0.089453125 0.566015625 0.058984375 0.0828125
0 0.027734375 0.5640625 0.05546875 0.071875
0 0.2796875 0.41875 0.065234375 0.075
0 0.127734375 0.095703125 0.06796875 0.094140625
0 0.06953125 0.124609375 0.072265625 0.0578125
0 0.220703125 0.130078125 0.05390625 0.08125
0 0.75859375 0.490234375 0.065625 0.06484375