0 0.991015625 0.09609375 0.01796875 0.053125
0 0.020703125 0.115234375 0.04140625 0.078125
0 0.02578125 0.26953125 0.0515625 0.057421875
0 0.33203125 0.391015625 0.082421875 0.06875
0 0.33828125 0.276171875 0.088671875 0.06875
0 0.437890625 0.221484375 0.078125 0.066796875
0 0.51796875 0.2875 0.06953125 0.0703125
0 0.2296875 0.082421875 0.073046875 0.089453125
0 0.203515625 0.09453125 0.071875 0.07890625
0 0.150390625 0.079296875 0.0625 0.07421875
0 0.676953125 0.0453125 0.068359375 0.090625
0 0.709765625 0.07890625 0.08515625 0.0640625
0 0.698046875 0.137109375 0.09296875 0.074609375
0 0.828125 0.162890625 0.0734375 0.087890625
0 0.875 0.08515625 0.0828125 0.067578125
0 0.79140625 0.058984375 0.05703125 0.076953125
0 0.76953125 0.1984375 0.0703125 0.066015625
0 0.744140625 0.260546875 0.06640625 0.069140625
0 0.396875 0.6671875 0.0578125 0.076171875
0 0.263671875 0.824609375 0.06328125 0.071875
0 0.3125 0.880859375 0.079296875 0.076171875
0 0.426171875 0.885546875 0.0796875 0.065625
0 0.525390625 0.862109375 0.054296875 0.082421875
0 0.56875 0.843359375 0.06484375 0.05390625
0 0.62421875 0.855859375 0.076171875 0.048828125
0 0.620703125 0.894921875 0.074609375 0.054296875
0 0.677734375 0.89453125 0.0703125 0.056640625
0 0.709375 0.86953125 0.0515625 0.067578125
0 0.805078125 0.58125 0.0671875 0.07734375
0 0.766796875 0.646875 0.083203125 0.06484375
0 0.74296875 0.715234375 0.078515625 0.054296875
0 0.63984375 0.801953125 0.075 0.0609375
0 0.679296875 0.843359375 0.0609375 0.049609375
0 0.700390625 0.811328125 0.07265625 0.048046875
0 0.746484375 0.887890625 0.06640625 0.062890625
0 0.778515625 0.88046875 0.062890625 0.059375
0 0.83046875 0.855859375 0.071875 0.053125
0 0.903125 0.76484375 0.069140625 0.05625
0 0.8953125 0.891015625 0.07265625 0.065234375
0 0.933203125 0.883984375 0.0578125 0.082421875
0 0.97578125 0.903125 0.0484375 0.05625
0 0.96328125 0.8625 0.0734375 0.0484375
0 0.962890625 0.82578125 0.07421875 0.075