0 0.05078125 0.260546875 0.073828125 0.08828125
0 0.226953125 0.462890625 0.098828125 0.0625
0 0.219140625 0.04375 0.06328125 0.0875
0 0.02421875 0.056640625 0.0484375 0.05546875
0 0.033203125 0.1484375 0.06640625 0.101171875
0 0.0640625 0.119921875 0.091015625 0.0859375
0 0.103125 0.16640625 0.051953125 0.100390625
0 0.15 0.185546875 0.0515625 0.07890625
0 0.1625 0.1359375 0.08125 0.07265625
0 0.055859375 0.0609375 0.07734375 0.067578125
0 0.108203125 0.067578125 0.077734375 0.076953125
0 0.1578125 0.081640625 0.0765625 0.087890625
0 0.216796875 0.109765625 0.0625 0.06875
0 0.266015625 0.08359375 0.071875 0.094921875
0 0.2421875 0.180859375 0.069921875 0.058984375
0 0.286328125 0.22734375 0.071875 0.06875
0 0.2171875 0.22734375 0.08046875 0.065625
0 0.184765625 0.19765625 0.07421875 0.063671875
0 0.437890625 0.241015625 0.06875 0.089453125
0 0.52109375 0.20546875 0.056640625 0.088671875
0 0.570703125 0.295703125 0.068359375 0.0828125
0 0.515625 0.13125 0.08671875 0.056640625
0 0.35703125 0.20390625 0.080859375 0.112890625
0 0.323828125 0.185546875 0.069140625 0.053125
0 0.302734375 0.153125 0.06953125 0.067578125
0 0.32421875 0.061328125 0.073828125 0.06328125
0 0.382421875 0.051953125 0.06171875 0.0671875
0 0.298828125 0.09765625 0.077734375 0.051171875
0 0.27109375 0.1375 0.072265625 0.05859375
0 0.302734375 0.150390625 0.072265625 0.08203125
0 0.351171875 0.136328125 0.07890625 0.066796875
0 0.3671875 0.112890625 0.062109375 0.0765625
0 0.391796875 0.10078125 0.0546875 0.085546875
0 0.4296875 0.0859375 0.06015625 0.09140625
0 0.449609375 0.0703125 0.052734375 0.0875
0 0.48828125 0.072265625 0.0453125 0.080078125
0 0.5296875 0.078515625 0.053125 0.089453125
0 0.576171875 0.0890625 0.06953125 0.105859375
0 0.6296875 0.068359375 0.05859375 0.0828125
0 0.671875 0.07578125 0.076171875 0.055078125
0 0.658203125 0.1265625 0.084375 0.06640625
0 0.72734375 0.065234375 0.049609375 0.088671875
0 0.7546875 0.093359375 0.066015625 0.07890625
0 0.7875 0.11796875 0.073046875 0.070703125
0 0.978125 0.12109375 0.04375 0.084765625
0 0.9390625 0.16953125 0.08359375 0.05859375
0 0.986328125 0.062109375 0.02734375 0.05859375
0 0.8125 0.086328125 0.06484375 0.080078125
0 0.850390625 0.05078125 0.08125 0.054296875
0 0.91015625 0.053125 0.071484375 0.051171875
0 0.9578125 0.05546875 0.06328125 0.058984375
0 0.93828125 0.109375 0.0828125 0.0765625
0 0.870703125 0.1 0.065234375 0.0671875
0 0.0546875 0.7078125 0.08828125 0.07265625
0 0.184375 0.693359375 0.09921875 0.065234375
0 0.991015625 0.855078125 0.017578125 0.049609375
0 0.986328125 0.79765625 0.02734375 0.0734375
0 0.9515625 0.689453125 0.082421875 0.055859375
0 0.9671875 0.86484375 0.05078125 0.087109375
0 0.91640625 0.831640625 0.067578125 0.079296875
0 0.956640625 0.833984375 0.044921875 0.0625
0 0.941015625 0.780078125 0.053515625 0.0734375
0 0.8921875 0.7734375 0.05625 0.06796875
0 0.92109375 0.88828125 0.084765625 0.0609375
0 0.880859375 0.891015625 0.085546875 0.058984375
0 0.837890625 0.814453125 0.096875 0.062890625
0 0.890234375 0.859765625 0.066796875 0.059375
0 0.82578125 0.846484375 0.064453125 0.076953125
0 0.800390625 0.866015625 0.054296875 0.0796875
0 0.776953125 0.889453125 0.084765625 0.062109375
0 0.724609375 0.841796875 0.062890625 0.083203125
0 0.670703125 0.8296875 0.07109375 0.057421875
0 0.654296875 0.883203125 0.07421875 0.067578125
0 0.595703125 0.889453125 0.075390625 0.051953125
0 0.572265625 0.845703125 0.05234375 0.0859375
0 0.53046875 0.851171875 0.051953125 0.080859375
0 0.483203125 0.85078125 0.058984375 0.0890625