0 0.97734375 0.85 0.0453125 0.1
0 0.66953125 0.850390625 0.077734375 0.08046875
0 0.751171875 0.8109375 0.06875 0.064453125
0 0.546875 0.731640625 0.0609375 0.078515625
0 0.453125 0.85625 0.047265625 0.080859375
0 0.4015625 0.8890625 0.071875 0.055859375
0 0.40703125 0.8484375 0.062109375 0.072265625
0 0.500390625 0.8328125 0.071484375 0.066796875
0 0.5 0.8875 0.06171875 0.0609375
0 0.384375 0.441796875 0.0625 0.089453125
0 0.451171875 0.437890625 0.0640625 0.077734375
0 0.4953125 0.23046875 0.053515625 0.0796875
0 0.375 0.29140625 0.053515625 0.079296875
0 0.41328125 0.315625 0.05703125 0.090234375
0 0.463671875 0.356640625 0.074609375 0.059765625
0 0.524609375 0.345703125 0.066796875 0.07734375
0 0.79140625 0.116015625 0.0765625 0.05859375
0 0.310546875 0.2921875 0.073046875 0.061328125
0 0.23125 0.5703125 0.058984375 0.07421875
0 0.34296875 0.5765625 0.059375 0.07734375
0 0.612109375 0.6109375 0.05703125 0.07265625
0 0.204296875 0.803515625 0.06015625 0.08203125
0 0.751171875 0.56328125 0.05703125 0.083984375
0 0.97578125 0.5859375 0.0484375 0.085546875
0 0.02109375 0.616015625 0.0421875 0.075
0 0.031640625 0.70703125 0.06328125 0.0828125
0 0.98125 0.117578125 0.0375 0.07421875
0 0.956640625 0.279296875 0.08671875 0.07734375