0 0.0359375 0.7078125 0.071875 0.090625
0 0.15390625 0.748828125 0.065234375 0.091796875
0 0.31328125 0.626953125 0.0875 0.066015625
0 0.04375 0.817578125 0.0875 0.088671875
0 0.08046875 0.8453125 0.072265625 0.091796875
0 0.22265625 0.875390625 0.069140625 0.046484375
0 0.610546875 0.81015625 0.071875 0.0734375
0 0.42890625 0.82109375 0.08359375 0.078515625
0 0.37421875 0.885546875 0.05390625 0.083203125
0 0.408203125 0.87578125 0.056640625 0.096484375
0 0.45 0.87734375 0.048828125 0.090234375
0 0.482421875 0.890625 0.055078125 0.076171875
0 0.484765625 0.810546875 0.05625 0.08828125
0 0.54140625 0.825 0.076171875 0.080078125
0 0.545703125 0.8796875 0.07265625 0.06015625
0 0.509375 0.85703125 0.0546875 0.0890625
0 0.71640625 0.655859375 0.06484375 0.07890625
0 0.6328125 0.4140625 0.072265625 0.090625
0 0.3890625 0.302734375 0.078515625 0.083203125
0 0.27421875 0.3078125 0.06171875 0.0765625
0 0.298046875 0.188671875 0.053515625 0.092578125
0 0.345703125 0.207421875 0.067578125 0.0953125
0 0.2265625 0.256640625 0.07890625 0.0671875
0 0.437890625 0.122265625 0.07578125 0.071875
0 0.4953125 0.161328125 0.085546875 0.071484375
0 0.52109375 0.11875 0.0546875 0.07890625
0 0.5703125 0.119921875 0.06328125 0.076953125
0 0.6609375 0.1703125 0.0828125 0.0640625
0 0.23125 0.087890625 0.084765625 0.065625
0 0.02890625 0.139453125 0.057421875 0.0640625
0 0.028125 0.18515625 0.05625 0.0625
0 0.101953125 0.216796875 0.09921875 0.08125
0 0.045703125 0.09921875 0.0765625 0.0953125
0 0.07890625 0.0828125 0.064453125 0.08671875
0 0.12578125 0.11328125 0.062890625 0.097265625
0 0.213671875 0.14140625 0.062890625 0.08828125
0 0.16015625 0.165234375 0.069921875 0.08359375
0 0.200390625 0.205859375 0.08359375 0.08203125
0 0.891796875 0.09765625 0.11484375 0.078515625
0 0.939453125 0.098828125 0.0546875 0.08984375
0 0.973046875 0.08828125 0.05390625 0.066796875
0 0.87734375 0.129296875 0.0734375 0.094140625
0 0.869140625 0.18984375 0.0734375 0.08984375
0 0.976171875 0.1390625 0.04765625 0.0859375
0 0.832421875 0.777734375 0.096484375 0.065625