0 0.0125 0.107421875 0.025 0.04609375
0 0.017578125 0.146875 0.03515625 0.05
0 0.00546875 0.187109375 0.0109375 0.034375
0 0.048828125 0.187890625 0.094921875 0.050390625
0 0.030078125 0.2265625 0.06015625 0.05859375
0 0.082421875 0.23984375 0.06484375 0.0671875
0 0.03828125 0.27734375 0.076171875 0.061328125
0 0.05390625 0.321484375 0.097265625 0.057421875
0 0.205859375 0.2796875 0.062109375 0.077734375
0 0.23203125 0.2296875 0.073828125 0.06796875
0 0.134765625 0.210546875 0.071875 0.06015625
0 0.15234375 0.1015625 0.071875 0.049609375
0 0.095703125 0.10078125 0.06796875 0.04453125
0 0.048828125 0.102734375 0.06875 0.052734375
0 0.1453125 0.141015625 0.062890625 0.03828125
0 0.1109375 0.1625 0.053125 0.040234375
0 0.060546875 0.14296875 0.065625 0.042578125
0 0.1671875 0.166796875 0.0546875 0.080859375
0 0.21015625 0.17890625 0.05390625 0.08203125
0 0.20234375 0.125 0.062109375 0.040625
0 0.255078125 0.11171875 0.051953125 0.06015625
0 0.26171875 0.1671875 0.058203125 0.071875
0 0.324609375 0.187109375 0.05625 0.08125
0 0.32578125 0.136328125 0.052734375 0.064453125
0 0.289453125 0.13515625 0.04921875 0.069921875
0 0.362890625 0.125390625 0.054296875 0.086328125
0 0.40703125 0.1125 0.053125 0.074609375
0 0.44921875 0.109375 0.06640625 0.055078125
0 0.480859375 0.1265625 0.065234375 0.079296875
0 0.439453125 0.186328125 0.06015625 0.069921875
0 0.511328125 0.16875 0.087890625 0.064453125
0 0.55859375 0.230078125 0.065625 0.078125
0 0.57265625 0.168359375 0.06796875 0.058203125
0 0.6015625 0.196875 0.067578125 0.06171875
0 0.648046875 0.220703125 0.060546875 0.064453125
0 0.650390625 0.16953125 0.062890625 0.061328125
0 0.664453125 0.11875 0.075390625 0.066015625
0 0.977734375 0.201953125 0.04453125 0.06953125
0 0.911328125 0.344921875 0.06484375 0.0703125
0 0.9265625 0.14375 0.06015625 0.0859375
0 0.893359375 0.155859375 0.054296875 0.078515625
0 0.856640625 0.181640625 0.065625 0.074609375
0 0.8375 0.14296875 0.0703125 0.059375
0 0.876953125 0.10625 0.051953125 0.0609375
0 0.841015625 0.10703125 0.0734375 0.0609375
0 0.6375 0.63359375 0.059375 0.06875
0 0.50078125 0.637890625 0.0828125 0.058984375
0 0.548828125 0.8265625 0.070703125 0.06171875
0 0.59609375 0.877734375 0.0859375 0.058984375
0 0.426953125 0.816015625 0.051953125 0.073046875
0 0.3765625 0.829296875 0.063671875 0.0703125
0 0.39921875 0.886328125 0.0734375 0.062890625
0 0.239453125 0.782421875 0.082421875 0.056640625
0 0.230078125 0.5609375 0.1 0.049609375
0 0.079296875 0.76953125 0.057421875 0.09140625
0 0.041796875 0.451171875 0.06640625 0.074609375
0 0.13984375 0.446875 0.080859375 0.06796875