0 0.962109375 0.914453125 0.05859375 0.075
0 0.38046875 0.884375 0.081640625 0.0578125
0 0.326953125 0.88203125 0.05078125 0.05859375
0 0.06640625 0.804296875 0.06171875 0.08359375
0 0.1609375 0.748046875 0.06796875 0.06484375
0 0.1265625 0.73046875 0.068359375 0.057421875
0 0.061328125 0.6921875 0.066796875 0.07421875
0 0.073046875 0.555859375 0.06875 0.07578125
0 0.646484375 0.66015625 0.08359375 0.05546875
0 0.939453125 0.7359375 0.069140625 0.071484375
0 0.887109375 0.7390625 0.054296875 0.070703125
0 0.969921875 0.57890625 0.059765625 0.050390625
0 0.905078125 0.51953125 0.08125 0.061328125