0 0.09921875 0.6859375 0.08125 0.05546875
0 0.396484375 0.730078125 0.052734375 0.08125
0 0.4 0.848046875 0.04375 0.065625
0 0.42265625 0.87890625 0.06640625 0.041015625
0 0.430078125 0.825 0.034375 0.0625
0 0.464453125 0.828515625 0.0421875 0.0671875
0 0.473046875 0.8796875 0.05546875 0.046875
0 0.50078125 0.866796875 0.04296875 0.06328125
0 0.49375 0.804296875 0.0421875 0.0671875
0 0.51796875 0.783203125 0.04375 0.0625
0 0.56328125 0.779296875 0.044921875 0.072265625
0 0.58828125 0.81171875 0.05546875 0.056640625
0 0.530859375 0.83515625 0.049609375 0.047265625
0 0.537890625 0.87890625 0.059375 0.04375
0 0.601953125 0.875 0.065625 0.049609375
0 0.570703125 0.847265625 0.053515625 0.048828125
0 0.670703125 0.783203125 0.05625 0.065234375
0 0.723828125 0.79921875 0.05 0.075
0 0.7890625 0.777734375 0.06328125 0.05625
0 0.82734375 0.75 0.054296875 0.067578125
0 0.8203125 0.804296875 0.051953125 0.067578125
0 0.8859375 0.773046875 0.065625 0.0765625
0 0.92109375 0.744140625 0.05234375 0.07890625
0 0.96171875 0.6046875 0.0765625 0.0734375
0 0.688671875 0.456640625 0.05234375 0.0703125
0 0.617578125 0.467578125 0.073828125 0.048046875
0 0.466796875 0.47578125 0.044921875 0.071484375
0 0.5234375 0.461328125 0.05078125 0.075
0 0.34921875 0.594921875 0.071875 0.046875
0 0.2296875 0.476953125 0.0625 0.083984375
0 0.159765625 0.45390625 0.067578125 0.072265625
0 0.01328125 0.33125 0.0265625 0.078125
0 0.0109375 0.10703125 0.021875 0.0625
0 0.0265625 0.165625 0.053125 0.057421875
0 0.02734375 0.120703125 0.03359375 0.059765625
0 0.0515625 0.095703125 0.047265625 0.058203125
0 0.058984375 0.15703125 0.040625 0.06484375
0 0.1140625 0.196484375 0.0640625 0.049609375
0 0.0875 0.098828125 0.030078125 0.05234375
0 0.119921875 0.0984375 0.03671875 0.052734375
0 0.15078125 0.08828125 0.040625 0.04765625
0 0.09296875 0.1453125 0.045703125 0.0484375
0 0.131640625 0.162109375 0.041015625 0.06875
0 0.175 0.177734375 0.05234375 0.069140625
0 0.156640625 0.12890625 0.044921875 0.042578125
0 0.19296875 0.084765625 0.0484375 0.03203125
0 0.198046875 0.1265625 0.05234375 0.04609375
0 0.23046875 0.18203125 0.046875 0.08828125
0 0.269140625 0.17734375 0.048046875 0.078515625
0 0.25390625 0.0953125 0.082421875 0.055078125
0 0.309375 0.183203125 0.05234375 0.07109375
0 0.33046875 0.148046875 0.066015625 0.04765625
0 0.31328125 0.103125 0.04375 0.05078125
0 0.341796875 0.096484375 0.04296875 0.051953125
0 0.38125 0.106640625 0.04140625 0.06640625
0 0.16796875 0.23671875 0.06796875 0.058984375
0 0.22578125 0.25 0.073828125 0.050390625
0 0.312109375 0.24765625 0.075390625 0.058984375
0 0.38671875 0.25703125 0.071875 0.053125
0 0.39140625 0.3 0.078515625 0.063671875
0 0.466796875 0.26328125 0.084375 0.056640625
0 0.440625 0.214453125 0.05703125 0.0609375
0 0.430859375 0.15625 0.0421875 0.065625
0 0.424609375 0.10078125 0.05625 0.05703125
0 0.473046875 0.1703125 0.04453125 0.078125
0 0.47265625 0.10390625 0.041015625 0.063671875
0 0.5046875 0.14140625 0.04140625 0.078125
0 0.50859375 0.09765625 0.0484375 0.0703125
0 0.54140625 0.092578125 0.034375 0.063671875
0 0.5328125 0.16796875 0.044921875 0.0765625
0 0.594921875 0.175 0.038671875 0.087109375
0 0.559375 0.152734375 0.039453125 0.0765625
0 0.572265625 0.103125 0.04375 0.06875
0 0.6 0.088671875 0.046484375 0.0515625
0 0.636328125 0.0921875 0.047265625 0.053125
0 0.61640625 0.131640625 0.054296875 0.0578125
0 0.53671875 0.287109375 0.0859375 0.0546875
0 0.622265625 0.25546875 0.09296875 0.07890625
0 0.668359375 0.208984375 0.0703125 0.057421875
0 0.64296875 0.148828125 0.0359375 0.0625
0 0.6828125 0.162109375 0.058984375 0.06015625
0 0.6703125 0.090234375 0.044140625 0.0421875
0 0.714453125 0.0984375 0.05703125 0.043359375
0 0.7609375 0.0875 0.063671875 0.054296875
0 0.747265625 0.145703125 0.055078125 0.0515625
0 0.739453125 0.19453125 0.055078125 0.048828125
0 0.719140625 0.214453125 0.0515625 0.048046875
0 0.678125 0.258203125 0.060546875 0.0453125
0 0.7375 0.248046875 0.065234375 0.052734375
0 0.77578125 0.30703125 0.04375 0.071484375
0 0.80078125 0.268359375 0.04453125 0.0734375
0 0.784375 0.166796875 0.041796875 0.0484375
0 0.79609375 0.2078125 0.053125 0.048828125
0 0.79921875 0.105078125 0.05859375 0.07109375
0 0.84453125 0.081640625 0.048046875 0.037890625
0 0.827734375 0.125 0.05234375 0.04609375
0 0.83359375 0.166015625 0.058203125 0.044140625
0 0.8328125 0.198828125 0.040234375 0.03671875
0 0.86875 0.215234375 0.04140625 0.046484375
0 0.875 0.26328125 0.06796875 0.0546875
0 0.88671875 0.183984375 0.0578125 0.0609375
0 0.858203125 0.1390625 0.032421875 0.05078125
0 0.890625 0.118359375 0.04609375 0.06171875
0 0.876171875 0.0859375 0.04375 0.033984375
0 0.9328125 0.0828125 0.058203125 0.03203125
0 0.945703125 0.108984375 0.066796875 0.0296875
0 0.917578125 0.151171875 0.037890625 0.069921875
0 0.96875 0.242578125 0.06171875 0.07578125
0 0.9546875 0.146484375 0.03828125 0.05234375
0 0.980078125 0.18515625 0.039453125 0.04296875
0 0.98203125 0.13203125 0.0359375 0.050390625
0 0.975390625 0.08515625 0.048828125 0.040234375