0 0.083984375 0.1984375 0.05234375 0.0625
0 0.06796875 0.32265625 0.065234375 0.07890625
0 0.168359375 0.356640625 0.057421875 0.051171875
0 0.272265625 0.31875 0.047265625 0.0765625
0 0.3109375 0.31171875 0.03671875 0.062890625
0 0.09453125 0.505078125 0.06328125 0.05859375
0 0.508203125 0.590234375 0.053515625 0.061328125
0 0.1921875 0.70859375 0.052734375 0.0765625
0 0.257421875 0.71015625 0.05703125 0.0484375
0 0.099609375 0.65078125 0.078125 0.05390625
0 0.32734375 0.775390625 0.0828125 0.055859375
0 0.799609375 0.868359375 0.058203125 0.04765625
0 0.724609375 0.815625 0.072265625 0.059375
0 0.7359375 0.858203125 0.073046875 0.050390625