0 0.47578125 0.419140625 0.0703125 0.06015625
0 0.51875 0.3796875 0.046875 0.08125
0 0.564453125 0.375 0.05703125 0.0828125
0 0.852734375 0.58125 0.08984375 0.0421875
0 0.37890625 0.57421875 0.053125 0.0703125
0 0.464453125 0.70625 0.08984375 0.053125
0 0.617578125 0.71328125 0.05703125 0.0625
0 0.661328125 0.7109375 0.04609375 0.075
0 0.169921875 0.710546875 0.05546875 0.08046875
0 0.36328125 0.737890625 0.0640625 0.06796875
0 0.971484375 0.796484375 0.05703125 0.07265625
0 0.989453125 0.8484375 0.02109375 0.078125
0 0.964453125 0.91171875 0.07109375 0.0703125
0 0.906640625 0.9 0.05234375 0.0765625
0 0.86796875 0.89140625 0.053125 0.09375
0 0.82734375 0.8828125 0.0578125 0.0734375
0 0.794140625 0.8453125 0.06640625 0.0609375
0 0.732421875 0.89765625 0.06328125 0.075
0 0.701953125 0.851171875 0.07109375 0.05390625
0 0.67734375 0.8171875 0.078125 0.0515625
0 0.6296875 0.883203125 0.0578125 0.07734375
0 0.588671875 0.888671875 0.05390625 0.07734375
0 0.535546875 0.897265625 0.06328125 0.06953125
0 0.525390625 0.852734375 0.05234375 0.07890625
0 0.486328125 0.866015625 0.04453125 0.06484375
0 0.467578125 0.8859375 0.05234375 0.0671875
0 0.43671875 0.894140625 0.05 0.07734375
0 0.40078125 0.887109375 0.0375 0.08515625
0 0.362109375 0.900390625 0.06484375 0.06015625
0 0.306640625 0.916796875 0.06953125 0.08359375
0 0.305859375 0.84921875 0.05859375 0.0765625
0 0.240625 0.868359375 0.071875 0.08203125
0 0.191796875 0.838671875 0.07109375 0.09609375
0 0.131640625 0.85078125 0.07109375 0.0734375
0 0.168359375 0.903515625 0.07421875 0.05234375
0 0.08046875 0.9 0.0875 0.0640625
0 0.518359375 0.559765625 0.07265625 0.07578125
0 0.93671875 0.489453125 0.078125 0.06328125
0 0.0578125 0.609765625 0.0625 0.06328125
0 0.0265625 0.62265625 0.0515625 0.06875
0 0.019921875 0.519140625 0.03828125 0.09140625
0 0.037890625 0.459765625 0.07421875 0.05234375
0 0.04765625 0.43125 0.0609375 0.0625
0 0.016796875 0.442578125 0.03203125 0.07109375
0 0.019140625 0.384765625 0.03671875 0.06171875
0 0.0265625 0.322265625 0.0515625 0.06171875
0 0.054296875 0.348828125 0.07421875 0.05234375
0 0.0609375 0.38671875 0.0875 0.0640625
0 0.15234375 0.412109375 0.0625 0.07578125
0 0.168359375 0.366796875 0.07578125 0.04765625
0 0.22109375 0.37421875 0.0796875 0.0609375
0 0.29765625 0.3671875 0.0578125 0.06875
0 0.36953125 0.330859375 0.071875 0.07734375
0 0.4359375 0.316796875 0.071875 0.08984375
0 0.85234375 0.325390625 0.06875 0.09609375
0 0.903125 0.33984375 0.065625 0.0609375
0 0.960546875 0.299609375 0.07890625 0.06640625
0 0.7046875 0.28828125 0.0625 0.08125
0 0.70390625 0.23984375 0.071875 0.059375
0 0.7390625 0.265625 0.0453125 0.0828125
0 0.77109375 0.24296875 0.0609375 0.071875
0 0.826171875 0.2453125 0.06328125 0.0765625
0 0.75859375 0.183203125 0.059375 0.07578125
0 0.90390625 0.24296875 0.0671875 0.08125
0 0.93671875 0.214453125 0.0859375 0.05703125
0 0.948046875 0.164453125 0.08046875 0.05390625
0 0.47265625 0.247265625 0.0875 0.05546875
0 0.44609375 0.2015625 0.0515625 0.078125
0 0.490234375 0.1953125 0.05859375 0.08125
0 0.51328125 0.164453125 0.0546875 0.06015625
0 0.56875 0.175390625 0.0453125 0.09921875
0 0.545703125 0.137890625 0.04609375 0.08046875
0 0.508203125 0.116796875 0.06953125 0.06484375
0 0.453125 0.126953125 0.0609375 0.08359375
0 0.4078125 0.150390625 0.0515625 0.06171875
0 0.358984375 0.150390625 0.06171875 0.08515625
0 0.378125 0.08046875 0.059375 0.0671875
0 0.23984375 0.29296875 0.059375 0.0859375
0 0.26171875 0.25234375 0.0609375 0.075
0 0.3046875 0.27890625 0.053125 0.071875
0 0.35390625 0.249609375 0.0734375 0.06484375
0 0.30703125 0.209765625 0.0640625 0.08046875
0 0.252734375 0.187890625 0.05703125 0.08046875
0 0.165234375 0.33125 0.10078125 0.0484375
0 0.15234375 0.287109375 0.0859375 0.05859375
0 0.194140625 0.2625 0.06171875 0.0875
0 0.15390625 0.231640625 0.0703125 0.07890625
0 0.204296875 0.19140625 0.07421875 0.05625
0 0.135546875 0.17109375 0.06171875 0.078125
0 0.09296875 0.17421875 0.0703125 0.0703125
0 0.08515625 0.316796875 0.0625 0.08203125
0 0.03359375 0.264453125 0.053125 0.07109375
0 0.01015625 0.263671875 0.01875 0.06796875
0 0.00625 0.199609375 0.0109375 0.03515625
0 0.050390625 0.2171875 0.06953125 0.0734375
0 0.048046875 0.159375 0.04765625 0.0796875
0 0.030078125 0.13359375 0.05859375 0.0859375
0 0.00703125 0.059765625 0.0125 0.03828125
0 0.068359375 0.064453125 0.07265625 0.06796875
0 0.0421875 0.076953125 0.0640625 0.06171875
0 0.084765625 0.115234375 0.06171875 0.06484375
0 0.126953125 0.099609375 0.04453125 0.07109375
0 0.14921875 0.059375 0.096875 0.065625
0 0.221875 0.066015625 0.046875 0.07265625
0 0.252734375 0.076953125 0.06328125 0.07890625
0 0.315625 0.0703125 0.065625 0.0703125
0 0.31484375 0.116796875 0.0703125 0.06796875
0 0.33828125 0.079296875 0.046875 0.06953125
0 0.375 0.08515625 0.059375 0.0734375
0 0.172265625 0.10859375 0.05703125 0.0671875
0 0.223828125 0.109375 0.07890625 0.053125
0 0.426171875 0.1015625 0.05703125 0.0609375
0 0.460546875 0.0703125 0.08515625 0.0609375
0 0.4828125 0.086328125 0.046875 0.03984375
0 0.51640625 0.063671875 0.0515625 0.05703125
0 0.561328125 0.066796875 0.04609375 0.07421875
0 0.608203125 0.095703125 0.08359375 0.04765625
0 0.60390625 0.13671875 0.0609375 0.06875
0 0.64140625 0.1453125 0.05625 0.078125
0 0.697265625 0.1640625 0.06953125 0.10625
0 0.672265625 0.087109375 0.05234375 0.06484375
0 0.608984375 0.065234375 0.08203125 0.05546875
0 0.649609375 0.04765625 0.06640625 0.0515625
0 0.71015625 0.05546875 0.0703125 0.053125
0 0.747265625 0.058203125 0.03828125 0.06484375
0 0.78046875 0.06640625 0.0421875 0.0734375
0 0.8375 0.0859375 0.078125 0.090625
0 0.828125 0.136328125 0.0609375 0.05234375
0 0.88671875 0.151953125 0.0640625 0.04765625
0 0.979296875 0.13203125 0.04140625 0.0578125
0 0.94140625 0.102734375 0.0578125 0.07265625
0 0.901953125 0.101953125 0.08203125 0.05234375
0 0.88359375 0.05234375 0.08125 0.0640625
0 0.9453125 0.046484375 0.046875 0.05703125
0 0.97578125 0.051953125 0.03125 0.05546875
0 0.991015625 0.063671875 0.01796875 0.07109375