0 0.977734375 0.85703125 0.04453125 0.0703125
0 0.98125 0.787890625 0.0375 0.071875
0 0.64140625 0.798828125 0.06875 0.059765625
0 0.6359375 0.85 0.066796875 0.053125
0 0.712109375 0.775 0.057421875 0.08984375
0 0.71015625 0.859375 0.080078125 0.060546875
0 0.67421875 0.883203125 0.0515625 0.04453125
0 0.66953125 0.9109375 0.062890625 0.037890625
0 0.755078125 0.845703125 0.05 0.0859375
0 0.798046875 0.852734375 0.05078125 0.069921875
0 0.789453125 0.79296875 0.052734375 0.07265625
0 0.830859375 0.81171875 0.0453125 0.0578125
0 0.8171875 0.755859375 0.0515625 0.04765625
0 0.8671875 0.83828125 0.05546875 0.078515625
0 0.915625 0.849609375 0.0546875 0.07265625
0 0.94140625 0.8046875 0.0515625 0.06796875