0 0.339453125 0.1984375 0.064453125 0.08671875
0 0.13359375 0.28828125 0.079296875 0.071484375
0 0.551171875 0.27734375 0.058203125 0.06484375
0 0.24921875 0.393359375 0.080859375 0.05390625
0 0.38515625 0.588671875 0.076171875 0.048046875
0 0.373046875 0.683984375 0.053125 0.075390625
0 0.061328125 0.70390625 0.0734375 0.07265625
0 0.347265625 0.764453125 0.048828125 0.074609375
0 0.420703125 0.84453125 0.054296875 0.075390625
0 0.626953125 0.833984375 0.05625 0.07890625
0 0.541796875 0.829296875 0.07265625 0.059375
0 0.58125 0.88515625 0.080078125 0.0578125
0 0.509375 0.87578125 0.073828125 0.048828125
0 0.982421875 0.829296875 0.03515625 0.044140625
0 0.94765625 0.87265625 0.087109375 0.071875
0 0.573828125 0.4375 0.050390625 0.071875