0 0.034375 0.10703125 0.06875 0.0546875
0 0.03046875 0.157421875 0.0609375 0.07578125
0 0.1015625 0.141015625 0.082421875 0.06953125
0 0.1859375 0.36015625 0.086328125 0.05859375
0 0.021875 0.439453125 0.043359375 0.06640625
0 0.09921875 0.551171875 0.080078125 0.06640625
0 0.07734375 0.583984375 0.081640625 0.06015625
0 0.267578125 0.553515625 0.078125 0.0515625
0 0.442578125 0.440625 0.0671875 0.071875
0 0.2328125 0.606640625 0.074609375 0.06875
0 0.3859375 0.69765625 0.058203125 0.083984375
0 0.113671875 0.878515625 0.0640625 0.07421875
0 0.22421875 0.884765625 0.062890625 0.08515625
0 0.040234375 0.819140625 0.080078125 0.062890625
0 0.70390625 0.8734375 0.072265625 0.065625
0 0.5578125 0.77109375 0.059375 0.07734375
0 0.525390625 0.891015625 0.062109375 0.07109375
0 0.466796875 0.796484375 0.05859375 0.075
0 0.490234375 0.86796875 0.05 0.079296875
0 0.446484375 0.853125 0.055078125 0.0609375
0 0.41015625 0.8875 0.05 0.07265625
0 0.364453125 0.893359375 0.06015625 0.05234375
0 0.402734375 0.84453125 0.050390625 0.068359375
0 0.358203125 0.846484375 0.053515625 0.0625
0 0.373046875 0.79453125 0.08671875 0.06875
0 0.86796875 0.68125 0.05625 0.053125
0 0.880078125 0.6234375 0.07421875 0.04765625
0 0.95 0.571875 0.0765625 0.073828125
0 0.970703125 0.673046875 0.05859375 0.06171875
0 0.916796875 0.6703125 0.062890625 0.07109375
0 0.949609375 0.629296875 0.075 0.048828125
0 0.9890625 0.616015625 0.021875 0.05234375
0 0.7046875 0.353125 0.085546875 0.049609375
0 0.962890625 0.217578125 0.07421875 0.062890625
0 0.57734375 0.1703125 0.08046875 0.06796875
0 0.528125 0.3171875 0.08515625 0.06171875