0 0.015234375 0.249609375 0.030078125 0.057421875
0 0.11953125 0.223046875 0.058203125 0.069921875
0 0.166015625 0.2296875 0.080078125 0.06484375
0 0.268359375 0.237109375 0.05390625 0.069140625
0 0.29921875 0.244921875 0.06328125 0.069140625
0 0.2375 0.15390625 0.078125 0.058203125
0 0.298828125 0.121484375 0.052734375 0.071484375
0 0.357421875 0.14765625 0.047265625 0.08359375
0 0.401171875 0.155859375 0.047265625 0.079296875
0 0.43671875 0.163671875 0.059375 0.066796875
0 0.4859375 0.172265625 0.069140625 0.0625
0 0.530859375 0.12578125 0.056640625 0.080078125
0 0.6765625 0.365625 0.08046875 0.073828125
0 0.6265625 0.17265625 0.069921875 0.06015625
0 0.564453125 0.14765625 0.07421875 0.062890625
0 0.585546875 0.083984375 0.06328125 0.065234375
0 0.5625 0.04765625 0.051171875 0.0625
0 0.5328125 0.074609375 0.04609375 0.06953125
0 0.478515625 0.119140625 0.0484375 0.07109375
0 0.504296875 0.05234375 0.053125 0.077734375
0 0.4640625 0.0609375 0.050390625 0.066015625
0 0.430859375 0.0765625 0.0453125 0.07265625
0 0.39921875 0.103515625 0.05078125 0.048046875
0 0.37109375 0.073828125 0.068359375 0.065625
0 0.327734375 0.066015625 0.06171875 0.07578125
0 0.2828125 0.0609375 0.067578125 0.05390625
0 0.232421875 0.059375 0.053515625 0.071875
0 0.16015625 0.1609375 0.0796875 0.05625
0 0.167578125 0.111328125 0.0890625 0.059375
0 0.1453125 0.090625 0.096875 0.04765625
0 0.115234375 0.054296875 0.07109375 0.042578125
0 0.0546875 0.0484375 0.0625 0.06796875
0 0.03359375 0.08125 0.04140625 0.06796875
0 0.012890625 0.097265625 0.02578125 0.05703125
0 0.046484375 0.134375 0.07578125 0.052734375
0 0.016015625 0.184375 0.03203125 0.075
0 0.053125 0.184765625 0.053125 0.075
0 0.08984375 0.17421875 0.046875 0.076171875
0 0.110546875 0.1375 0.047265625 0.06953125
0 0.083203125 0.101171875 0.05546875 0.065234375
0 0.0171875 0.833984375 0.034375 0.08046875
0 0.048828125 0.859375 0.044921875 0.085546875
0 0.0859375 0.87578125 0.057421875 0.084375
0 0.1296875 0.880859375 0.05234375 0.073046875
0 0.115234375 0.82265625 0.07578125 0.075
0 0.130859375 0.76953125 0.05625 0.087109375
0 0.336328125 0.8953125 0.07578125 0.065234375
0 0.279296875 0.8953125 0.0625 0.084375
0 0.233203125 0.905078125 0.047265625 0.05625
0 0.176171875 0.85859375 0.04921875 0.07734375
0 0.2046875 0.875390625 0.05078125 0.065234375
0 0.219921875 0.801953125 0.058984375 0.0796875
0 0.255078125 0.866015625 0.06015625 0.0453125
0 0.256640625 0.820703125 0.0546875 0.055078125
0 0.288671875 0.82890625 0.039453125 0.053515625
0 0.318359375 0.840234375 0.0578125 0.050390625
0 0.32421875 0.794921875 0.052734375 0.06328125
0 0.280859375 0.776171875 0.057421875 0.0640625
0 0.980859375 0.86328125 0.03828125 0.0828125
0 0.9328125 0.8765625 0.0828125 0.05859375
0 0.83046875 0.829296875 0.065625 0.070703125
0 0.6875 0.549609375 0.0609375 0.084765625
0 0.98046875 0.08515625 0.0390625 0.05625
0 0.9796875 0.0515625 0.040625 0.05234375
0 0.937109375 0.099609375 0.060546875 0.084765625
0 0.883984375 0.160546875 0.078515625 0.06171875
0 0.68984375 0.18046875 0.059375 0.07109375
0 0.683203125 0.12421875 0.08671875 0.06171875
0 0.65859375 0.06015625 0.05078125 0.076171875
0 0.70390625 0.059765625 0.06015625 0.073828125
0 0.751171875 0.044921875 0.062109375 0.041015625
0 0.727734375 0.080078125 0.055859375 0.05234375
0 0.77734375 0.071484375 0.057421875 0.05703125
0 0.776171875 0.115625 0.070703125 0.045703125
0 0.735546875 0.152734375 0.075390625 0.05625
0 0.830859375 0.140234375 0.068359375 0.05546875
0 0.85859375 0.121875 0.034765625 0.0625
0 0.901953125 0.061328125 0.058203125 0.085546875
0 0.86484375 0.056640625 0.049609375 0.080078125
0 0.82890625 0.051953125 0.05859375 0.0609375
0 0.826171875 0.088671875 0.069921875 0.066015625
0 0.71640625 0.336328125 0.087109375 0.1