0 0.875390625 0.80390625 0.03984375 0.070703125
0 0.832421875 0.859765625 0.04453125 0.0671875
0 0.963671875 0.835546875 0.04921875 0.059375
0 0.959375 0.877734375 0.0546875 0.04375
0 0.92265625 0.867578125 0.0375 0.059765625
0 0.9015625 0.88046875 0.034375 0.053515625
0 0.876953125 0.86875 0.04453125 0.0625
0 0.91640625 0.802734375 0.04140625 0.06171875
0 0.276953125 0.900390625 0.05546875 0.046875
0 0.25625 0.848828125 0.04765625 0.071875
0 0.220703125 0.8625 0.037109375 0.047265625
0 0.212890625 0.82578125 0.062109375 0.053125
0 0.190625 0.851953125 0.038671875 0.065234375
0 0.2078125 0.75078125 0.069921875 0.048828125
0 0.25546875 0.66484375 0.06875 0.048046875
0 0.428515625 0.65078125 0.062890625 0.05234375
0 0.171484375 0.640625 0.06015625 0.0453125
0 0.366796875 0.647265625 0.055859375 0.05234375
0 0.339453125 0.65546875 0.04765625 0.072265625
0 0.33671875 0.68984375 0.05234375 0.044140625
0 0.30390625 0.662890625 0.044921875 0.062890625
0 0.30546875 0.6171875 0.05078125 0.055078125
0 0.166015625 0.598046875 0.043359375 0.055078125
0 0.206640625 0.59921875 0.065234375 0.048828125
0 0.192578125 0.620703125 0.055859375 0.048046875
0 0.2125 0.554296875 0.058203125 0.0421875
0 0.247265625 0.584765625 0.055078125 0.0625
0 0.27578125 0.55 0.0640625 0.047265625
0 0.3515625 0.5875 0.059765625 0.042578125
0 0.166015625 0.540234375 0.05078125 0.038671875
0 0.215625 0.452734375 0.078515625 0.054296875
0 0.255859375 0.497265625 0.05234375 0.06015625
0 0.218359375 0.49453125 0.0359375 0.048046875
0 0.2171875 0.52578125 0.053125 0.037890625
0 0.183203125 0.503125 0.049609375 0.050390625
0 0.370703125 0.54609375 0.0390625 0.042578125
0 0.3953125 0.55546875 0.05390625 0.051953125
0 0.414453125 0.514453125 0.075390625 0.048046875
0 0.3734375 0.48203125 0.061328125 0.05703125
0 0.173828125 0.26328125 0.072265625 0.052734375
0 0.18125 0.109765625 0.048046875 0.04609375
0 0.16953125 0.15859375 0.047265625 0.0625
0 0.164453125 0.127734375 0.053125 0.03515625
0 0.30703125 0.14296875 0.033984375 0.076953125
0 0.337890625 0.14609375 0.07109375 0.059375
0 0.4984375 0.116015625 0.0546875 0.066015625
0 0.269921875 0.199609375 0.08203125 0.058984375
0 0.240625 0.240625 0.078515625 0.036328125
0 0.22421875 0.194140625 0.057421875 0.066796875
0 0.190625 0.202734375 0.04375 0.066015625
0 0.416796875 0.282421875 0.081640625 0.047265625
0 0.37734375 0.32421875 0.08984375 0.050390625
0 0.35546875 0.3734375 0.053515625 0.060546875
0 0.24609375 0.293359375 0.06953125 0.05
0 0.207421875 0.326953125 0.04921875 0.063671875
0 0.240234375 0.347265625 0.051171875 0.058203125
0 0.221875 0.40390625 0.053515625 0.06875
0 0.283984375 0.480859375 0.0515625 0.05078125
0 0.26328125 0.43671875 0.0421875 0.05
0 0.334765625 0.509375 0.051171875 0.0375
0 0.26171875 0.363671875 0.071484375 0.03671875
0 0.288671875 0.387109375 0.070703125 0.042578125
0 0.29453125 0.42421875 0.046484375 0.05546875
0 0.3390625 0.443359375 0.060546875 0.041796875
0 0.327734375 0.47890625 0.058984375 0.0375
0 0.980859375 0.33203125 0.03828125 0.05234375
0 0.953125 0.269140625 0.041796875 0.06953125
0 0.677734375 0.235546875 0.065234375 0.047265625
0 0.73203125 0.190625 0.055859375 0.04765625
0 0.82890625 0.125390625 0.073046875 0.054296875
0 0.983984375 0.1234375 0.03203125 0.071875
0 0.964453125 0.150390625 0.043359375 0.0703125
0 0.890625 0.13671875 0.044140625 0.075390625
0 0.930078125 0.156640625 0.046484375 0.0640625
0 0.9140625 0.22265625 0.05 0.0609375
0 0.2625 0.741796875 0.077734375 0.052734375
0 0.2515625 0.701171875 0.090234375 0.04921875