0 0.0296875 0.1609375 0.059375 0.08125
0 0.139453125 0.1203125 0.087890625 0.062109375
0 0.0796875 0.384765625 0.08125 0.06875
0 0.080859375 0.43359375 0.0671875 0.06875
0 0.137109375 0.442578125 0.06640625 0.071875
0 0.100390625 0.503125 0.1 0.0640625
0 0.04140625 0.768359375 0.0828125 0.07578125
0 0.276171875 0.796484375 0.068359375 0.0734375
0 0.01484375 0.870703125 0.029296875 0.076953125
0 0.056640625 0.838671875 0.058984375 0.078515625
0 0.09296875 0.871875 0.06171875 0.088671875
0 0.034765625 0.896484375 0.053125 0.06953125
0 0.06171875 0.9109375 0.076171875 0.055078125
0 0.12265625 0.89453125 0.06015625 0.06328125
0 0.215625 0.859765625 0.08046875 0.055078125
0 0.21640625 0.902734375 0.076171875 0.054296875
0 0.167578125 0.89453125 0.06328125 0.07265625
0 0.576953125 0.837890625 0.064453125 0.096484375
0 0.421484375 0.8171875 0.05625 0.0921875
0 0.329296875 0.80703125 0.064453125 0.078125
0 0.374609375 0.82734375 0.05234375 0.075390625
0 0.320703125 0.859375 0.052734375 0.08046875
0 0.273828125 0.861328125 0.055078125 0.07578125
0 0.280078125 0.9 0.057421875 0.06640625
0 0.3328125 0.90859375 0.068359375 0.05078125
0 0.365234375 0.88984375 0.062890625 0.067578125
0 0.403515625 0.871484375 0.064453125 0.058203125
0 0.455859375 0.8515625 0.063671875 0.064453125
0 0.496484375 0.89140625 0.059765625 0.068359375
0 0.53671875 0.864453125 0.051171875 0.08515625
0 0.55234375 0.89921875 0.060546875 0.070703125
0 0.449609375 0.906640625 0.04609375 0.059765625
0 0.408203125 0.912890625 0.053515625 0.05
0 0.802734375 0.690625 0.069921875 0.075
0 0.737109375 0.706640625 0.0640625 0.0609375
0 0.49375 0.387109375 0.09140625 0.067578125
0 0.9078125 0.2703125 0.08515625 0.06953125
0 0.8359375 0.379296875 0.058984375 0.08828125
0 0.896484375 0.360546875 0.073046875 0.086328125
0 0.678515625 0.10234375 0.061328125 0.083203125
0 0.749609375 0.08515625 0.080078125 0.0609375
0 0.978515625 0.128515625 0.04296875 0.07578125
0 0.77734375 0.1296875 0.0828125 0.06484375
0 0.7203125 0.138671875 0.0859375 0.072265625