0 0.153515625 0.0453125 0.054296875 0.058984375
0 0.163671875 0.065234375 0.043359375 0.05625
0 0.120703125 0.077734375 0.05625 0.075
0 0.145703125 0.096484375 0.019921875 0.0515625
0 0.084375 0.0484375 0.078125 0.040234375
0 0.03828125 0.0609375 0.040625 0.057421875
0 0.075 0.09140625 0.0609375 0.076171875
0 0.020703125 0.041796875 0.04140625 0.028125
0 0.012890625 0.0640625 0.02578125 0.03125
0 0.11015625 0.223828125 0.06796875 0.094921875
0 0.041796875 0.216796875 0.08125 0.0671875
0 0.053515625 0.130078125 0.052734375 0.08203125
0 0.08671875 0.16171875 0.040625 0.079296875
0 0.1328125 0.176953125 0.065234375 0.08125
0 0.121875 0.119921875 0.069921875 0.06953125
0 0.165234375 0.120703125 0.048046875 0.092578125
0 0.21171875 0.06328125 0.08125 0.055078125
0 0.01484375 0.1609375 0.029296875 0.0640625
0 0.0171875 0.10390625 0.034375 0.05390625
0 0.1828125 0.206640625 0.05703125 0.084375
0 0.30859375 0.061328125 0.075 0.062109375
0 0.2859375 0.09140625 0.08046875 0.0734375
0 0.35859375 0.096484375 0.0578125 0.090625
0 0.20625 0.096484375 0.058203125 0.0546875
0 0.2015625 0.144140625 0.05390625 0.065625
0 0.2234375 0.175390625 0.06640625 0.0828125
0 0.24921875 0.1125 0.05703125 0.087109375
0 0.325390625 0.1453125 0.078125 0.059375
0 0.280859375 0.16484375 0.062109375 0.075
0 0.2703125 0.203515625 0.05625 0.06953125
0 0.268359375 0.266796875 0.059765625 0.088671875
0 0.3171875 0.283984375 0.051953125 0.093359375
0 0.35234375 0.23515625 0.053125 0.079296875
0 0.315625 0.218359375 0.04921875 0.08359375
0 0.34765625 0.1765625 0.048046875 0.06640625
0 0.390234375 0.16328125 0.04921875 0.080078125
0 0.399609375 0.06640625 0.046484375 0.08203125
0 0.44140625 0.049609375 0.045703125 0.053125
0 0.489453125 0.053125 0.049609375 0.06640625
0 0.53046875 0.067578125 0.04375 0.081640625
0 0.57578125 0.04921875 0.060546875 0.05078125
0 0.62265625 0.051171875 0.06171875 0.044921875
0 0.41171875 0.090625 0.063671875 0.0609375
0 0.419140625 0.13125 0.063671875 0.063671875
0 0.43359375 0.191796875 0.05625 0.08359375
0 0.472265625 0.18984375 0.048046875 0.091015625
0 0.516796875 0.18046875 0.048828125 0.07578125
0 0.4734375 0.133203125 0.06015625 0.061328125
0 0.46484375 0.085546875 0.04765625 0.05546875
0 0.4984375 0.107421875 0.04375 0.074609375
0 0.53984375 0.1390625 0.06953125 0.06875
0 0.558984375 0.091796875 0.0484375 0.0671875
0 0.557421875 0.125 0.03515625 0.044921875
0 0.59765625 0.14765625 0.060546875 0.087890625
0 0.60078125 0.080859375 0.046484375 0.064453125
0 0.64375 0.090234375 0.05703125 0.05546875
0 0.67265625 0.046875 0.05234375 0.04296875
0 0.653125 0.137109375 0.0625 0.059375
0 0.68828125 0.087890625 0.04921875 0.07578125
0 0.7171875 0.054296875 0.04453125 0.057421875
0 0.758984375 0.064453125 0.05 0.08203125
0 0.741796875 0.19296875 0.05625 0.078125
0 0.7 0.1390625 0.061328125 0.068359375
0 0.693359375 0.181640625 0.076171875 0.065234375
0 0.780078125 0.142578125 0.041015625 0.090234375
0 0.736328125 0.091015625 0.04921875 0.04453125
0 0.7484375 0.14609375 0.051953125 0.08515625
0 0.819140625 0.044921875 0.06796875 0.04296875
0 0.796484375 0.080859375 0.063671875 0.05859375
0 0.82109375 0.122265625 0.051171875 0.090625
0 0.85859375 0.084375 0.060546875 0.06015625
0 0.871875 0.046484375 0.06640625 0.045703125
0 0.92265625 0.0484375 0.06796875 0.041015625
0 0.895703125 0.09140625 0.06484375 0.05859375
0 0.8671875 0.13828125 0.075 0.064453125
0 0.825390625 0.1875 0.06640625 0.09765625
0 0.92734375 0.16796875 0.070703125 0.085546875
0 0.75234375 0.2953125 0.0640625 0.07890625
0 0.69921875 0.237890625 0.058203125 0.071484375
0 0.785546875 0.234375 0.07734375 0.055078125
0 0.64375 0.29453125 0.053125 0.08359375
0 0.7 0.298046875 0.066015625 0.067578125
0 0.63984375 0.351171875 0.087890625 0.061328125
0 0.59140625 0.397265625 0.088671875 0.0625
0 0.5890625 0.3 0.069921875 0.0703125
0 0.973828125 0.05 0.05234375 0.0484375
0 0.936328125 0.083203125 0.046484375 0.06875
0 0.946875 0.118359375 0.03046875 0.034765625
0 0.97734375 0.093359375 0.0453125 0.05703125
0 0.982421875 0.1234375 0.03515625 0.05390625
0 0.975390625 0.169921875 0.04921875 0.08046875
0 0.401171875 0.269140625 0.0640625 0.0921875
0 0.46953125 0.3125 0.055859375 0.0828125
0 0.5515625 0.24609375 0.088671875 0.07265625
0 0.4125 0.394921875 0.06796875 0.07265625
0 0.535546875 0.509765625 0.080859375 0.0515625
0 0.5796875 0.54140625 0.07578125 0.0859375
0 0.2578125 0.53828125 0.069921875 0.067578125
0 0.025 0.6296875 0.049609375 0.075
0 0.10234375 0.59609375 0.1 0.062109375
0 0.178515625 0.69609375 0.079296875 0.061328125
0 0.15859375 0.787109375 0.075390625 0.09453125
0 0.543359375 0.762109375 0.06484375 0.087109375
0 0.813671875 0.648828125 0.0796875 0.085546875
0 0.93203125 0.66328125 0.079296875 0.0953125
0 0.05 0.174609375 0.063671875 0.05703125