0 0.166015625 0.280859375 0.06953125 0.05078125
0 0.274609375 0.16015625 0.05859375 0.0515625
0 0.3234375 0.1578125 0.053125 0.0765625
0 0.283984375 0.21640625 0.05546875 0.0625
0 0.428125 0.125390625 0.0515625 0.07578125
0 0.55546875 0.136328125 0.0765625 0.06796875
0 0.806640625 0.208984375 0.06640625 0.06015625
0 0.925 0.171875 0.06875 0.05625
0 0.264453125 0.778125 0.08828125 0.0546875
0 0.17578125 0.85390625 0.0453125 0.065625
0 0.2046875 0.84609375 0.04375 0.075
0 0.229296875 0.825390625 0.08046875 0.04453125
0 0.23984375 0.87578125 0.0625 0.053125
0 0.269921875 0.844921875 0.07421875 0.03828125
0 0.333203125 0.830859375 0.05234375 0.03984375
0 0.340234375 0.876953125 0.04609375 0.05234375
0 0.376171875 0.873046875 0.04453125 0.06953125
0 0.40078125 0.843359375 0.05 0.07578125
0 0.44921875 0.821875 0.0359375 0.0640625
0 0.49296875 0.826953125 0.059375 0.05703125
0 0.47890625 0.869921875 0.078125 0.05078125
0 0.53515625 0.8953125 0.0609375 0.0640625
0 0.5765625 0.886328125 0.05 0.05234375
0 0.63984375 0.78984375 0.0796875 0.0546875
0 0.71015625 0.83515625 0.065625 0.0625
0 0.771875 0.8796875 0.0484375 0.0609375
0 0.810546875 0.86640625 0.05234375 0.078125
0 0.878515625 0.880078125 0.05390625 0.08671875
0 0.63515625 0.844140625 0.0453125 0.06796875
0 0.60234375 0.847265625 0.046875 0.07265625
0 0.670703125 0.88046875 0.07890625 0.0453125