0 0.33046875 0.1609375 0.0640625 0.064453125
0 0.481640625 0.275 0.0546875 0.06171875
0 0.200390625 0.3171875 0.051953125 0.07109375
0 0.27421875 0.695703125 0.053515625 0.070703125
0 0.39609375 0.709765625 0.048046875 0.066796875
0 0.4359375 0.63828125 0.051171875 0.05234375
0 0.451171875 0.695703125 0.046875 0.075390625
0 0.487890625 0.66171875 0.06328125 0.049609375
0 0.3640625 0.844140625 0.080859375 0.053125
0 0.36171875 0.7890625 0.087109375 0.058203125
0 0.2625 0.86484375 0.076171875 0.066796875
0 0.236328125 0.75703125 0.0421875 0.069921875
0 0.2515625 0.82265625 0.070703125 0.056640625
0 0.202734375 0.819921875 0.058203125 0.05
0 0.185546875 0.770703125 0.046484375 0.073828125
0 0.13671875 0.799609375 0.080078125 0.0578125
0 0.2265625 0.61015625 0.080078125 0.05625
0 0.198046875 0.53046875 0.07421875 0.053125
0 0.213671875 0.43046875 0.06484375 0.08203125
0 0.157421875 0.438671875 0.058984375 0.0703125
0 0.128515625 0.349609375 0.05703125 0.07265625
0 0.171875 0.279296875 0.081640625 0.049609375
0 0.7875 0.112109375 0.065234375 0.065625
0 0.799609375 0.187109375 0.087890625 0.06015625
0 0.97578125 0.62578125 0.048046875 0.058984375
0 0.96875 0.68671875 0.05703125 0.07265625
0 0.801171875 0.76484375 0.05 0.063671875
0 0.80859375 0.83984375 0.0484375 0.078515625
0 0.7625 0.857421875 0.05078125 0.086328125
0 0.69765625 0.70234375 0.074609375 0.050390625
0 0.669140625 0.734375 0.06953125 0.041015625
0 0.684765625 0.796875 0.06796875 0.041015625
0 0.62421875 0.805078125 0.077734375 0.0625
0 0.037109375 0.3 0.07421875 0.06484375