0 0.975390625 0.8671875 0.04921875 0.067578125
0 0.886328125 0.88359375 0.053515625 0.030859375
0 0.340625 0.837890625 0.08671875 0.0828125
0 0.177734375 0.7109375 0.073828125 0.093359375
0 0.9765625 0.527734375 0.046484375 0.087109375
0 0.97421875 0.261328125 0.0515625 0.08828125
0 0.11796875 0.357421875 0.08125 0.06171875
0 0.078125 0.251171875 0.082421875 0.077734375
0 0.959375 0.151171875 0.08125 0.06640625
0 0.95390625 0.11171875 0.0890625 0.06484375
0 0.915625 0.087109375 0.07890625 0.076171875
0 0.890625 0.195703125 0.09140625 0.10546875
0 0.816015625 0.19140625 0.06953125 0.076171875
0 0.830859375 0.08828125 0.071484375 0.061328125
0 0.796484375 0.121875 0.075390625 0.079296875
0 0.76328125 0.175390625 0.050390625 0.0703125
0 0.744921875 0.11640625 0.05546875 0.087109375
0 0.762109375 0.069140625 0.076953125 0.04453125
0 0.71796875 0.076953125 0.0578125 0.05703125
0 0.7421875 0.199609375 0.07890625 0.071484375
0 0.715625 0.14765625 0.04921875 0.1015625
0 0.672265625 0.15234375 0.06953125 0.070703125
0 0.6328125 0.138671875 0.071484375 0.069140625
0 0.683203125 0.0953125 0.053515625 0.059375
0 0.662109375 0.055078125 0.079296875 0.08125
0 0.60703125 0.094140625 0.076171875 0.08671875
0 0.54296875 0.102734375 0.0609375 0.091796875
0 0.491015625 0.080859375 0.058203125 0.06640625
0 0.465234375 0.1140625 0.062890625 0.084765625
0 0.435546875 0.07421875 0.073828125 0.060546875
0 0.3953125 0.096875 0.046484375 0.08671875
0 0.428125 0.134375 0.059375 0.089453125
0 0.36484375 0.149609375 0.07421875 0.07421875
0 0.33671875 0.106640625 0.053125 0.075
0 0.366015625 0.075390625 0.057421875 0.07890625
0 0.296875 0.079296875 0.0578125 0.08671875
0 0.287109375 0.14375 0.0671875 0.082421875
0 0.232421875 0.15234375 0.07578125 0.073828125
0 0.254296875 0.10078125 0.06171875 0.08359375
0 0.20859375 0.109375 0.052734375 0.0734375
0 0.15859375 0.066796875 0.06875 0.062890625
0 0.166015625 0.123046875 0.06796875 0.09296875
0 0.127734375 0.108984375 0.0546875 0.079296875
0 0.0921875 0.071875 0.061328125 0.06328125
0 0.09765625 0.126171875 0.083203125 0.060546875
0 0.043359375 0.13203125 0.06640625 0.07890625
0 0.040625 0.0796875 0.062109375 0.0828125