0 0.198046875 0.098828125 0.07734375 0.075
0 0.27265625 0.182421875 0.06640625 0.080078125
0 0.17890625 0.200390625 0.082421875 0.0640625
0 0.2546875 0.329296875 0.07890625 0.078515625
0 0.334765625 0.3171875 0.080078125 0.087109375
0 0.214453125 0.391796875 0.06328125 0.09140625
0 0.0578125 0.383203125 0.07265625 0.099609375
0 0.31875 0.575 0.06328125 0.077734375
0 0.32421875 0.833984375 0.067578125 0.10546875
0 0.38515625 0.80390625 0.069140625 0.075
0 0.39375 0.86953125 0.071484375 0.062890625
0 0.5515625 0.878125 0.080078125 0.070703125