0 0.040234375 0.609765625 0.06171875 0.062890625
0 0.396484375 0.620703125 0.068359375 0.062109375
0 0.34140625 0.759765625 0.071875 0.062890625
0 0.380859375 0.858984375 0.078125 0.06015625
0 0.23984375 0.783203125 0.069140625 0.07109375
0 0.0296875 0.359765625 0.059375 0.05703125
0 0.02734375 0.315625 0.0546875 0.0578125
0 0.165234375 0.276953125 0.057421875 0.064453125
0 0.182421875 0.238671875 0.063671875 0.050390625
0 0.244140625 0.321484375 0.0671875 0.060546875
0 0.222265625 0.2703125 0.065234375 0.06015625
0 0.276171875 0.2734375 0.052734375 0.079296875
0 0.32734375 0.26875 0.041796875 0.073046875
0 0.39609375 0.253125 0.05625 0.066015625
0 0.604296875 0.3640625 0.056640625 0.072265625
0 0.525390625 0.419921875 0.05546875 0.059765625
0 0.65390625 0.608203125 0.051953125 0.069921875
0 0.77734375 0.580078125 0.046875 0.0703125
0 0.74140625 0.54375 0.05078125 0.083203125
0 0.700390625 0.4703125 0.0640625 0.0609375
0 0.840625 0.51015625 0.08671875 0.053515625
0 0.826171875 0.46015625 0.0671875 0.06484375
0 0.924609375 0.508984375 0.062109375 0.0765625
0 0.191015625 0.847265625 0.062890625 0.0734375
0 0.11015625 0.790625 0.073828125 0.05546875
0 0.753125 0.8125 0.074609375 0.066015625
0 0.846875 0.784375 0.05 0.076953125
0 0.900390625 0.82421875 0.061328125 0.06875
0 0.959375 0.76015625 0.06796875 0.07734375
0 0.986328125 0.860546875 0.026953125 0.05546875
0 0.9859375 0.905859375 0.027734375 0.056640625
0 0.958203125 0.906640625 0.05078125 0.0515625
0 0.96015625 0.865234375 0.05625 0.05546875
0 0.915625 0.898828125 0.052734375 0.0671875
0 0.883984375 0.90546875 0.045703125 0.057421875
0 0.8484375 0.9046875 0.04921875 0.062890625
0 0.799609375 0.903125 0.07109375 0.048828125
0 0.8203125 0.87109375 0.06875 0.0515625