0 0.964453125 0.90078125 0.062890625 0.082421875
0 0.990625 0.906640625 0.01875 0.06015625
0 0.90625 0.894921875 0.07265625 0.0953125
0 0.817578125 0.80703125 0.0796875 0.083203125
0 0.772265625 0.898828125 0.062109375 0.06015625
0 0.725 0.89140625 0.055859375 0.07578125
0 0.67890625 0.897265625 0.064453125 0.066796875
0 0.646484375 0.87578125 0.06796875 0.059375
0 0.521875 0.828125 0.08046875 0.06015625
0 0.769921875 0.51015625 0.06953125 0.0734375
0 0.36484375 0.882421875 0.076953125 0.069140625
0 0.454296875 0.691796875 0.0734375 0.05390625
0 0.512109375 0.394921875 0.0875 0.056640625
0 0.699609375 0.253515625 0.06015625 0.07109375
0 0.6578125 0.07109375 0.066796875 0.1046875
0 0.074609375 0.116796875 0.067578125 0.072265625
0 0.23515625 0.080859375 0.0953125 0.06875
0 0.232421875 0.269921875 0.059375 0.08359375
0 0.20546875 0.296484375 0.0609375 0.096484375
0 0.03046875 0.31875 0.055859375 0.044921875
0 0.066796875 0.3875 0.10234375 0.067578125
0 0.043359375 0.580078125 0.08671875 0.05546875
0 0.930078125 0.308203125 0.080078125 0.0609375