0 0.98203125 0.71015625 0.0359375 0.060546875
0 0.979296875 0.766796875 0.041015625 0.055078125
0 0.977734375 0.82265625 0.04453125 0.0703125
0 0.848828125 0.73984375 0.07578125 0.056640625
0 0.82578125 0.843359375 0.069921875 0.078515625
0 0.773828125 0.8703125 0.069140625 0.0765625
0 0.91015625 0.84140625 0.07265625 0.073828125
0 0.8609375 0.825 0.053515625 0.0734375
0 0.741015625 0.71953125 0.069921875 0.08359375
0 0.6703125 0.816015625 0.0625 0.08984375
0 0.5796875 0.7671875 0.0765625 0.059375
0 0.6328125 0.86796875 0.05625 0.06640625
0 0.58359375 0.868359375 0.058984375 0.075
0 0.52890625 0.819140625 0.049609375 0.071875
0 0.716015625 0.61484375 0.06328125 0.061328125
0 0.838671875 0.63984375 0.068359375 0.0796875
0 0.92578125 0.63359375 0.066796875 0.06171875
0 0.906640625 0.676171875 0.1015625 0.062109375
0 0.776953125 0.647265625 0.055859375 0.079296875
0 0.576171875 0.675 0.08203125 0.051953125
0 0.975 0.5046875 0.05 0.06875
0 0.534765625 0.873046875 0.0609375 0.058203125
0 0.448828125 0.788671875 0.055859375 0.07890625
0 0.5109375 0.730859375 0.052734375 0.086328125
0 0.52890625 0.64765625 0.07578125 0.055859375
0 0.24140625 0.609375 0.062890625 0.078515625
0 0.41953125 0.576171875 0.07421875 0.06171875
0 0.268359375 0.715234375 0.076171875 0.083984375
0 0.308203125 0.783203125 0.07578125 0.0625
0 0.115625 0.828515625 0.064453125 0.0921875
0 0.23984375 0.84609375 0.073046875 0.0703125
0 0.346484375 0.860546875 0.0640625 0.071484375
0 0.402734375 0.87109375 0.06640625 0.070703125
0 0.451171875 0.84296875 0.07734375 0.05234375
0 0.499609375 0.853515625 0.0421875 0.0734375
0 0.468359375 0.88359375 0.079296875 0.046484375
0 0.409765625 0.678125 0.064453125 0.075
0 0.396875 0.73125 0.08515625 0.051171875
0 0.374609375 0.696875 0.042578125 0.059765625
0 0.119140625 0.678515625 0.07734375 0.0890625
0 0.038671875 0.69140625 0.07265625 0.069921875
0 0.058984375 0.34765625 0.073046875 0.084375
0 0.131640625 0.36875 0.0875 0.070703125
0 0.245703125 0.423828125 0.087109375 0.06796875
0 0.128515625 0.305078125 0.068359375 0.069140625
0 0.196875 0.31953125 0.051171875 0.075390625
0 0.228125 0.3734375 0.0796875 0.05234375
0 0.287890625 0.362109375 0.05078125 0.075390625
0 0.324609375 0.4234375 0.06015625 0.05234375
0 0.36796875 0.4484375 0.062109375 0.062890625
0 0.27109375 0.483984375 0.05625 0.084765625
0 0.350390625 0.496875 0.0625 0.080859375
0 0.5078125 0.47421875 0.076171875 0.067578125
0 0.397265625 0.384375 0.059765625 0.07890625
0 0.471484375 0.630859375 0.05078125 0.072265625
0 0.478515625 0.676953125 0.071875 0.0375
0 0.94453125 0.36484375 0.08046875 0.05546875
0 0.814453125 0.364453125 0.0671875 0.07578125
0 0.964453125 0.297265625 0.070703125 0.0546875
0 0.972265625 0.253515625 0.05546875 0.05078125
0 0.919140625 0.25078125 0.055078125 0.07734375
0 0.951953125 0.19609375 0.060546875 0.0609375
0 0.968359375 0.141796875 0.05234375 0.05546875
0 0.93203125 0.1390625 0.049609375 0.07890625
0 0.901171875 0.108984375 0.06640625 0.064453125
0 0.898828125 0.173828125 0.051171875 0.074609375
0 0.96484375 0.09609375 0.06328125 0.03984375
0 0.854296875 0.10234375 0.071875 0.04296875
0 0.84921875 0.19375 0.0671875 0.053515625
0 0.878515625 0.244921875 0.0546875 0.06484375
0 0.834765625 0.243359375 0.050390625 0.06953125
0 0.78046875 0.23671875 0.0625 0.05234375
0 0.780078125 0.273828125 0.08671875 0.0703125
0 0.69140625 0.247265625 0.073046875 0.064453125
0 0.724609375 0.31328125 0.066015625 0.074609375
0 0.02421875 0.18125 0.0484375 0.060546875
0 0.04296875 0.148828125 0.053515625 0.073046875
0 0.094921875 0.192578125 0.067578125 0.064453125
0 0.129296875 0.083984375 0.076171875 0.045703125
0 0.09765625 0.116015625 0.076171875 0.07109375
0 0.159765625 0.13515625 0.0578125 0.0890625
0 0.033984375 0.100390625 0.0578125 0.053125
0 0.250390625 0.1046875 0.075390625 0.055078125
0 0.233203125 0.13984375 0.0703125 0.04609375
0 0.178125 0.184765625 0.06015625 0.062890625
0 0.162109375 0.241015625 0.054296875 0.058984375
0 0.21640625 0.25078125 0.084375 0.06484375
0 0.305078125 0.2296875 0.0890625 0.084375
0 0.455859375 0.10703125 0.058984375 0.07421875
0 0.503125 0.11796875 0.04921875 0.07421875
0 0.4078125 0.244140625 0.06796875 0.064453125
0 0.37265625 0.2875 0.0875 0.059375
0 0.391796875 0.33125 0.074609375 0.057421875
0 0.510546875 0.351953125 0.06171875 0.0625
0 0.55625 0.30546875 0.069921875 0.058984375
0 0.510546875 0.216796875 0.061328125 0.07578125
0 0.305078125 0.18671875 0.05859375 0.059765625
0 0.29296875 0.149609375 0.06015625 0.06875
0 0.3046875 0.10546875 0.043359375 0.0578125
0 0.339453125 0.10390625 0.039453125 0.06328125
0 0.371484375 0.19921875 0.080859375 0.060546875
0 0.187890625 0.23359375 0.02734375 0.0046875
0 0.355859375 0.1453125 0.071875 0.05
0 0.423046875 0.13828125 0.0609375 0.073828125
0 0.437109375 0.1921875 0.078125 0.06875
0 0.474609375 0.258203125 0.058203125 0.06953125
0 0.50078125 0.28984375 0.0546875 0.0578125
0 0.459765625 0.31171875 0.062109375 0.066796875
0 0.5421875 0.105078125 0.046875 0.069921875
0 0.583984375 0.107421875 0.048046875 0.061328125
0 0.54296875 0.156640625 0.076953125 0.05078125
0 0.613671875 0.115625 0.053125 0.063671875
0 0.65390625 0.104296875 0.04921875 0.061328125
0 0.60234375 0.16640625 0.04453125 0.06328125
0 0.644140625 0.17109375 0.0515625 0.0609375
0 0.68515625 0.1796875 0.05859375 0.07421875
0 0.701171875 0.091015625 0.055078125 0.034375
0 0.704296875 0.13125 0.062109375 0.051953125
0 0.760546875 0.102734375 0.07109375 0.05
0 0.80546875 0.1015625 0.040625 0.051171875
0 0.8546875 0.14453125 0.053125 0.062890625
0 0.730078125 0.18203125 0.058984375 0.06328125
0 0.7796875 0.19296875 0.073828125 0.0609375
0 0.804296875 0.14609375 0.06015625 0.0625
0 0.74921875 0.148046875 0.05234375 0.058984375
0 0.217578125 0.183984375 0.06015625 0.051953125
0 0.258984375 0.2 0.048828125 0.06796875
0 0.57109375 0.21953125 0.05546875 0.073046875
0 0.6015625 0.27734375 0.07265625 0.065625
0 0.61328125 0.225 0.0546875 0.058984375