0 0.96796875 0.865234375 0.0640625 0.059765625
0 0.969140625 0.7453125 0.06171875 0.0765625
0 0.68828125 0.89453125 0.073828125 0.073046875
0 0.718359375 0.686328125 0.0625 0.086328125
0 0.822265625 0.57421875 0.088671875 0.06015625
0 0.482421875 0.7375 0.071484375 0.085546875
0 0.584375 0.81875 0.072265625 0.072265625
0 0.3421875 0.78359375 0.073828125 0.09609375
0 0.423046875 0.784765625 0.07578125 0.061328125
0 0.603515625 0.9015625 0.072265625 0.084375
0 0.42109375 0.855859375 0.0578125 0.0875
0 0.459375 0.858984375 0.05859375 0.0875
0 0.5140625 0.8546875 0.066796875 0.07734375
0 0.546484375 0.88125 0.06953125 0.076953125
0 0.474609375 0.9046875 0.063671875 0.0671875
0 0.512890625 0.908203125 0.04921875 0.0609375
0 0.016015625 0.896875 0.03203125 0.078125
0 0.050390625 0.9046875 0.070703125 0.07890625
0 0.09375 0.90859375 0.073828125 0.0765625
0 0.0609375 0.70546875 0.069921875 0.077734375
0 0.28828125 0.52109375 0.055859375 0.079296875
0 0.45703125 0.577734375 0.0625 0.06953125
0 0.574609375 0.47890625 0.068359375 0.066796875
0 0.134375 0.5765625 0.07265625 0.076953125
0 0.185546875 0.619921875 0.069921875 0.078125
0 0.108203125 0.61328125 0.070703125 0.06328125
0 0.159375 0.6828125 0.0625 0.068359375
0 0.2015625 0.67890625 0.06953125 0.075
0 0.146875 0.411328125 0.081640625 0.059765625
0 0.2140625 0.31015625 0.090625 0.06796875
0 0.34375 0.290234375 0.05859375 0.087890625
0 0.411328125 0.3546875 0.07421875 0.073828125
0 0.27421875 0.168359375 0.08671875 0.06171875
0 0.525 0.291015625 0.06796875 0.088671875
0 0.953515625 0.329296875 0.09296875 0.066796875
0 0.76875 0.148828125 0.06640625 0.0765625
0 0.983203125 0.1796875 0.03359375 0.0625