0 0.180859375 0.23828125 0.098046875 0.07421875
0 0.269921875 0.39765625 0.06171875 0.096875
0 0.46484375 0.187890625 0.061328125 0.073046875
0 0.556640625 0.238671875 0.058203125 0.080859375
0 0.578515625 0.202734375 0.06328125 0.07578125
0 0.032421875 0.543359375 0.06484375 0.065234375
0 0.8453125 0.471875 0.071875 0.069140625
0 0.90703125 0.534375 0.081640625 0.067578125
0 0.94921875 0.717578125 0.072265625 0.08046875
0 0.740234375 0.537109375 0.05703125 0.081640625
0 0.73671875 0.4609375 0.0859375 0.05234375
0 0.72578125 0.577734375 0.080078125 0.06015625
0 0.025390625 0.719921875 0.050390625 0.0953125
0 0.347265625 0.68671875 0.06875 0.10546875
0 0.28203125 0.837109375 0.078125 0.057421875
0 0.56953125 0.81875 0.07109375 0.073046875
0 0.766015625 0.81796875 0.057421875 0.067578125
0 0.76484375 0.74921875 0.078515625 0.06015625