0 0.87578125 0.11328125 0.07109375 0.065234375
0 0.70859375 0.108203125 0.07578125 0.06953125
0 0.769921875 0.11171875 0.0515625 0.058203125
0 0.82890625 0.14140625 0.07578125 0.06484375
0 0.764453125 0.156640625 0.06015625 0.076171875
0 0.5890625 0.119921875 0.0734375 0.0640625
0 0.5703125 0.1359375 0.069140625 0.0703125
0 0.6203125 0.2078125 0.084375 0.0625
0 0.859765625 0.87890625 0.06875 0.084765625
0 0.899609375 0.844921875 0.052734375 0.076953125
0 0.484765625 0.72265625 0.060546875 0.073828125
0 0.112890625 0.159375 0.05859375 0.080078125