0 0.966796875 0.0953125 0.06640625 0.055859375
0 0.9234375 0.166015625 0.078125 0.058203125
0 0.8546875 0.246484375 0.0546875 0.073046875
0 0.7109375 0.238671875 0.053125 0.090625
0 0.79921875 0.10078125 0.053515625 0.06640625
0 0.752734375 0.109765625 0.0546875 0.072265625
0 0.665234375 0.171875 0.055078125 0.06875
0 0.672265625 0.1046875 0.06953125 0.058984375
0 0.609765625 0.11484375 0.062109375 0.058203125
0 0.619921875 0.175 0.053515625 0.076171875
0 0.589453125 0.226953125 0.066015625 0.052734375
0 0.56484375 0.175390625 0.06484375 0.059765625
0 0.571484375 0.13046875 0.065234375 0.059375
0 0.5203125 0.11328125 0.046875 0.0671875
0 0.468359375 0.108984375 0.060546875 0.06484375
0 0.364453125 0.1078125 0.079296875 0.052734375
0 0.36015625 0.140234375 0.07109375 0.05390625
0 0.358203125 0.18515625 0.075 0.066015625
0 0.315625 0.1125 0.057421875 0.068359375
0 0.275 0.108203125 0.062109375 0.0640625
0 0.22421875 0.110546875 0.06875 0.05703125
0 0.20546875 0.1484375 0.08125 0.0453125
0 0.1640625 0.14453125 0.052734375 0.0671875
0 0.177734375 0.112109375 0.060546875 0.048828125
0 0.206640625 0.190625 0.07265625 0.049609375
0 0.28203125 0.219140625 0.076171875 0.048046875
0 0.344921875 0.233203125 0.076953125 0.06328125
0 0.4015625 0.29140625 0.072265625 0.066015625
0 0.315625 0.26171875 0.0640625 0.042578125
0 0.326953125 0.294140625 0.071875 0.04765625
0 0.341015625 0.325 0.055078125 0.06640625
0 0.2828125 0.345703125 0.07578125 0.05859375
0 0.305859375 0.37890625 0.06796875 0.054296875
0 0.3703125 0.346484375 0.08515625 0.0421875
0 0.3765625 0.382421875 0.080859375 0.038671875
0 0.241796875 0.37890625 0.071875 0.050390625
0 0.24140625 0.315625 0.073828125 0.04765625
0 0.24609375 0.217578125 0.0796875 0.05078125
0 0.241796875 0.257421875 0.058203125 0.0625
0 0.20234375 0.2484375 0.048828125 0.061328125
0 0.165234375 0.241796875 0.062890625 0.06640625
0 0.180078125 0.28671875 0.055078125 0.058984375
0 0.160546875 0.32421875 0.059375 0.070703125
0 0.13515625 0.383203125 0.0796875 0.05703125
0 0.217578125 0.43046875 0.069921875 0.059765625
0 0.16953125 0.427734375 0.07265625 0.053125
0 0.1375 0.4328125 0.065625 0.071484375
0 0.14140625 0.4671875 0.08359375 0.058203125
0 0.151171875 0.49375 0.0609375 0.044921875
0 0.15234375 0.53671875 0.053125 0.051953125
0 0.225390625 0.481640625 0.069140625 0.04921875
0 0.209765625 0.513671875 0.066015625 0.049609375
0 0.20234375 0.554296875 0.0671875 0.05078125
0 0.2609375 0.55859375 0.080078125 0.05
0 0.2671875 0.5125 0.065234375 0.074609375
0 0.165234375 0.58125 0.069140625 0.053515625
0 0.21171875 0.6 0.0859375 0.04609375
0 0.241796875 0.632421875 0.083203125 0.0625
0 0.1890625 0.6515625 0.058984375 0.06484375
0 0.161328125 0.648828125 0.05546875 0.073828125
0 0.166796875 0.71328125 0.06640625 0.087109375
0 0.21953125 0.697265625 0.048828125 0.07265625
0 0.191015625 0.736328125 0.060546875 0.051171875
0 0.212890625 0.751171875 0.065234375 0.045703125
0 0.256640625 0.694140625 0.057421875 0.06875
0 0.3015625 0.646875 0.069921875 0.061328125
0 0.298828125 0.696484375 0.066796875 0.06015625
0 0.18828125 0.78125 0.0625 0.05703125
0 0.234375 0.7890625 0.076953125 0.053515625
0 0.26328125 0.765234375 0.059765625 0.060546875
0 0.30625 0.799609375 0.065234375 0.053125
0 0.2921875 0.77421875 0.048046875 0.058203125
0 0.325390625 0.738671875 0.052734375 0.06875
0 0.262890625 0.830078125 0.06796875 0.045703125
0 0.221875 0.817578125 0.07265625 0.0453125
0 0.153515625 0.8140625 0.052734375 0.077734375
0 0.196484375 0.840234375 0.060546875 0.054296875
0 0.183203125 0.869921875 0.0609375 0.037890625
0 0.16953125 0.851171875 0.044140625 0.061328125
0 0.231640625 0.86796875 0.061328125 0.059765625
0 0.259765625 0.883984375 0.071875 0.042578125
0 0.26953125 0.8578125 0.055859375 0.0390625
0 0.31875 0.8484375 0.0828125 0.046484375
0 0.3265625 0.88984375 0.07421875 0.07265625
0 0.359765625 0.823046875 0.070703125 0.06328125
0 0.362890625 0.74765625 0.05546875 0.061328125
0 0.376953125 0.792578125 0.06015625 0.048046875
0 0.408984375 0.776171875 0.0484375 0.08828125
0 0.441796875 0.791015625 0.058203125 0.0578125
0 0.419140625 0.842578125 0.067578125 0.0546875
0 0.433984375 0.871875 0.06328125 0.06875
0 0.4359375 0.92109375 0.088671875 0.06484375
0 0.4765625 0.81015625 0.08515625 0.085546875
0 0.4890625 0.8453125 0.05859375 0.06328125
0 0.553515625 0.866796875 0.058984375 0.085546875
0 0.525 0.888671875 0.080859375 0.053515625
0 0.519921875 0.9390625 0.06640625 0.06484375
0 0.44375 0.740234375 0.075 0.049609375
0 0.40703125 0.7015625 0.061328125 0.06796875
0 0.36875 0.69609375 0.08671875 0.05234375
0 0.352734375 0.619140625 0.071484375 0.0484375
0 0.3640625 0.652734375 0.07734375 0.043359375
0 0.4125 0.646875 0.054296875 0.063671875
0 0.43671875 0.61875 0.061328125 0.05859375
0 0.478515625 0.6171875 0.0703125 0.06015625
0 0.626953125 0.9265625 0.063671875 0.062890625
0 0.65859375 0.892578125 0.062890625 0.07265625
0 0.613671875 0.851953125 0.062109375 0.068359375
0 0.718359375 0.945703125 0.078125 0.068359375
0 0.720703125 0.88203125 0.072265625 0.07265625
0 0.6859375 0.818359375 0.071484375 0.0671875
0 0.617578125 0.78515625 0.0703125 0.053515625
0 0.519921875 0.712890625 0.05390625 0.069140625
0 0.542578125 0.6484375 0.061328125 0.07265625
0 0.56875 0.682421875 0.065625 0.09296875
0 0.6203125 0.651171875 0.065234375 0.076171875
0 0.666796875 0.653515625 0.051953125 0.07265625
0 0.7203125 0.649609375 0.058984375 0.065625
0 0.684765625 0.61796875 0.0703125 0.057421875
0 0.69765625 0.7171875 0.05859375 0.06015625
0 0.697265625 0.763671875 0.062890625 0.050390625
0 0.775390625 0.803125 0.0703125 0.07578125
0 0.759375 0.7703125 0.05 0.062890625
0 0.7359375 0.734375 0.0609375 0.05234375
0 0.766796875 0.7078125 0.073046875 0.049609375
0 0.78203125 0.671484375 0.057421875 0.05078125
0 0.79765625 0.628515625 0.08046875 0.051953125
0 0.82734375 0.663671875 0.04921875 0.080078125
0 0.816015625 0.74375 0.0484375 0.08046875
0 0.783203125 0.831640625 0.065625 0.04453125
0 0.77265625 0.865234375 0.048046875 0.066796875
0 0.83984375 0.807421875 0.063671875 0.06484375
0 0.837109375 0.846875 0.054296875 0.062109375
0 0.806640625 0.873828125 0.055859375 0.065625
0 0.8328125 0.8859375 0.07109375 0.05078125
0 0.88984375 0.8390625 0.080859375 0.061328125
0 0.88828125 0.870703125 0.052734375 0.07734375
0 0.926953125 0.89609375 0.076171875 0.066015625
0 0.98125 0.87265625 0.0375 0.075
0 0.969921875 0.800390625 0.06015625 0.07578125
0 0.98671875 0.81875 0.0265625 0.059375
0 0.859765625 0.75859375 0.076953125 0.0609375
0 0.901171875 0.783203125 0.073828125 0.058984375
0 0.98125 0.6953125 0.0375 0.059375
0 0.953515625 0.728515625 0.078515625 0.058203125
0 0.979296875 0.60625 0.041015625 0.07109375
0 0.9265625 0.623828125 0.067578125 0.05078125
0 0.932421875 0.65703125 0.06796875 0.05703125
0 0.921875 0.559765625 0.07734375 0.053125
0 0.7875 0.591015625 0.0703125 0.058984375
0 0.9578125 0.44921875 0.064453125 0.057421875
0 0.87421875 0.49921875 0.05 0.083203125
0 0.798828125 0.4609375 0.0640625 0.047265625
0 0.79453125 0.505078125 0.078125 0.046484375
0 0.800390625 0.55234375 0.0703125 0.045703125
0 0.75 0.492578125 0.060546875 0.06171875
0 0.75234375 0.530859375 0.075390625 0.053125
0 0.703515625 0.557421875 0.057421875 0.061328125
0 0.655078125 0.5390625 0.053125 0.071484375
0 0.688671875 0.504296875 0.054296875 0.076953125
0 0.695703125 0.44765625 0.07890625 0.079296875
0 0.330859375 0.439453125 0.09375 0.04453125
0 0.326171875 0.508203125 0.07421875 0.04765625
0 0.384375 0.53125 0.072265625 0.05546875
0 0.347265625 0.559765625 0.08671875 0.056640625
0 0.428515625 0.474609375 0.0609375 0.066015625
0 0.405078125 0.41640625 0.07734375 0.053125
0 0.46875 0.42421875 0.05859375 0.079296875
0 0.519921875 0.463671875 0.076171875 0.083984375
0 0.467578125 0.532421875 0.06015625 0.063671875
0 0.51875 0.5625 0.074609375 0.05234375
0 0.5828125 0.51640625 0.057421875 0.065625