0 0.3703125 0.107421875 0.059375 0.08203125
0 0.53671875 0.084765625 0.075390625 0.06015625
0 0.381640625 0.313671875 0.063671875 0.082421875
0 0.508203125 0.569921875 0.065625 0.079296875
0 0.43359375 0.66171875 0.05625 0.08203125
0 0.103515625 0.455859375 0.092578125 0.060546875
0 0.037890625 0.730859375 0.07578125 0.08984375
0 0.905859375 0.847265625 0.06640625 0.063671875
0 0.751171875 0.84453125 0.0703125 0.069140625
0 0.703125 0.41328125 0.05546875 0.07890625
0 0.915625 0.304296875 0.070703125 0.084375