0 0.023046875 0.821484375 0.04609375 0.07265625
0 0.833984375 0.91875 0.059375 0.0859375
0 0.88203125 0.921484375 0.060546875 0.073828125
0 0.91875 0.921484375 0.062890625 0.093359375
0 0.874609375 0.86015625 0.087109375 0.080078125
0 0.560546875 0.68125 0.07421875 0.070703125
0 0.41171875 0.588671875 0.06796875 0.075
0 0.373828125 0.3609375 0.094921875 0.078515625
0 0.713671875 0.2828125 0.089453125 0.0671875
0 0.552734375 0.14765625 0.060546875 0.1015625
0 0.616796875 0.134765625 0.056640625 0.1015625