0 0.972265625 0.45703125 0.055078125 0.067578125
0 0.707421875 0.23515625 0.05625 0.072265625
0 0.646875 0.482421875 0.0890625 0.05078125
0 0.440625 0.41171875 0.06484375 0.07109375
0 0.32421875 0.55 0.065234375 0.071484375
0 0.208203125 0.596484375 0.071484375 0.084375
0 0.16171875 0.77421875 0.081640625 0.06953125
0 0.36953125 0.70859375 0.052734375 0.09453125
0 0.54453125 0.710546875 0.08515625 0.05859375
0 0.827734375 0.6328125 0.07734375 0.053515625
0 0.877734375 0.74375 0.086328125 0.054296875