0 0.009765625 0.28203125 0.019140625 0.049609375
0 0.05625 0.166015625 0.076953125 0.078125
0 0.25078125 0.114453125 0.0640625 0.0859375
0 0.179296875 0.2484375 0.069140625 0.075
0 0.3421875 0.152734375 0.055078125 0.08359375
0 0.439453125 0.142578125 0.053515625 0.072265625
0 0.471875 0.551953125 0.0640625 0.073828125
0 0.396875 0.900390625 0.071875 0.058984375
0 0.39921875 0.85390625 0.0828125 0.0609375
0 0.6890625 0.876171875 0.046875 0.075
0 0.62890625 0.884375 0.07421875 0.05859375
0 0.62890625 0.828515625 0.07265625 0.062109375
0 0.929296875 0.88671875 0.06796875 0.034765625
0 0.840625 0.873046875 0.08359375 0.053125
0 0.819921875 0.817578125 0.075 0.06484375
0 0.722265625 0.773046875 0.07890625 0.062890625
0 0.838671875 0.544140625 0.073828125 0.069140625
0 0.758984375 0.436328125 0.07421875 0.06484375
0 0.902734375 0.485546875 0.055859375 0.07890625
0 0.98203125 0.343359375 0.035546875 0.050390625
0 0.900390625 0.36796875 0.08828125 0.059765625
0 0.975 0.285546875 0.049609375 0.0578125
0 0.89765625 0.251171875 0.058203125 0.076953125