0 0.955078125 0.88828125 0.073046875 0.0734375
0 0.9859375 0.890625 0.028125 0.066796875
0 0.69296875 0.87265625 0.07578125 0.08359375
0 0.646875 0.873828125 0.046484375 0.085546875
0 0.618359375 0.87421875 0.041796875 0.07890625
0 0.579296875 0.878125 0.048828125 0.069140625
0 0.5359375 0.8640625 0.05625 0.073828125
0 0.42734375 0.83125 0.06796875 0.078125
0 0.0875 0.701953125 0.08515625 0.076171875
0 0.02109375 0.530078125 0.0421875 0.06484375
0 0.2203125 0.512109375 0.06953125 0.076953125
0 0.462109375 0.641015625 0.090625 0.09453125
0 0.62734375 0.651171875 0.0765625 0.06640625
0 0.830859375 0.08046875 0.06484375 0.081640625
0 0.81875 0.273046875 0.06796875 0.089453125
0 0.794921875 0.11015625 0.05625 0.08515625
0 0.750390625 0.082421875 0.060546875 0.08515625
0 0.570703125 0.09921875 0.055078125 0.103125
0 0.550390625 0.199609375 0.06171875 0.070703125
0 0.62265625 0.31484375 0.059375 0.086328125
0 0.248828125 0.176953125 0.07421875 0.083203125