0 0.083984375 0.58671875 0.0859375 0.0484375
0 0.1109375 0.634765625 0.06875 0.056640625
0 0.05859375 0.6609375 0.075390625 0.0453125
0 0.036328125 0.707421875 0.07265625 0.0484375
0 0.0203125 0.76015625 0.040625 0.065625
0 0.010546875 0.69140625 0.02109375 0.034765625
0 0.10390625 0.773828125 0.062890625 0.059375
0 0.15546875 0.765234375 0.0546875 0.091796875
0 0.214453125 0.755859375 0.05703125 0.071875
0 0.2390625 0.782421875 0.073828125 0.06640625
0 0.176171875 0.869140625 0.060546875 0.045703125
0 0.24609375 0.851171875 0.068359375 0.053515625
0 0.23671875 0.87890625 0.043359375 0.01328125
0 0.3109375 0.9015625 0.04453125 0.0734375
0 0.371875 0.816796875 0.076171875 0.053515625
0 0.435546875 0.824609375 0.04765625 0.0703125
0 0.491015625 0.877734375 0.05 0.07578125
0 0.28984375 0.4484375 0.051171875 0.0671875
0 0.025390625 0.091015625 0.05078125 0.061328125
0 0.076953125 0.11328125 0.059375 0.05546875
0 0.528125 0.819140625 0.049609375 0.064453125
0 0.644921875 0.879296875 0.08359375 0.06640625
0 0.6078125 0.742578125 0.06328125 0.06328125
0 0.542578125 0.707421875 0.06875 0.05234375
0 0.5078125 0.45390625 0.04375 0.079296875
0 0.46953125 0.56796875 0.08203125 0.057421875
0 0.51953125 0.5984375 0.057421875 0.08125
0 0.716015625 0.573828125 0.07265625 0.06171875
0 0.7796875 0.66171875 0.0578125 0.07578125
0 0.71640625 0.658984375 0.05859375 0.076953125
0 0.68984375 0.633984375 0.063671875 0.057421875
0 0.85078125 0.605859375 0.05078125 0.075390625
0 0.851953125 0.6734375 0.05703125 0.075390625
0 0.893359375 0.782421875 0.0796875 0.078125
0 0.80546875 0.866796875 0.065625 0.042578125
0 0.96015625 0.87109375 0.0609375 0.03828125
0 0.968359375 0.750390625 0.06328125 0.06328125
0 0.991015625 0.648828125 0.017578125 0.04765625
0 0.712109375 0.373828125 0.048828125 0.06796875
0 0.577734375 0.3671875 0.076953125 0.050390625