0 0.083203125 0.203125 0.0609375 0.07578125
0 0.154296875 0.141796875 0.0609375 0.074609375
0 0.2171875 0.167578125 0.076953125 0.071484375
0 0.284375 0.104296875 0.05703125 0.091015625
0 0.434375 0.19765625 0.052734375 0.078515625
0 0.693359375 0.18359375 0.06484375 0.078515625
0 0.7 0.129296875 0.06796875 0.061328125
0 0.92109375 0.129296875 0.07421875 0.081640625
0 0.264453125 0.258984375 0.090234375 0.061328125
0 0.28671875 0.317578125 0.0578125 0.080859375
0 0.035546875 0.63984375 0.07109375 0.057421875
0 0.075 0.563671875 0.0609375 0.0796875
0 0.280078125 0.613671875 0.058984375 0.088671875
0 0.319140625 0.619921875 0.051953125 0.074609375
0 0.445703125 0.630078125 0.08125 0.064453125
0 0.85546875 0.648828125 0.062890625 0.098046875
0 0.3640625 0.773046875 0.06796875 0.080859375
0 0.426171875 0.891015625 0.075 0.060546875
0 0.586328125 0.82578125 0.07421875 0.0765625
0 0.633203125 0.844140625 0.062890625 0.074609375
0 0.662890625 0.8953125 0.066796875 0.081640625
0 0.990625 0.898828125 0.018359375 0.050390625
0 0.5359375 0.891796875 0.07109375 0.06640625
0 0.59921875 0.896484375 0.071875 0.06328125