0 0.727734375 0.85859375 0.07578125 0.0578125
0 0.754296875 0.763671875 0.051953125 0.06484375
0 0.709765625 0.605078125 0.0734375 0.044140625
0 0.75625 0.666796875 0.069140625 0.054296875
0 0.846875 0.52421875 0.046875 0.0703125
0 0.565234375 0.60390625 0.058203125 0.05078125
0 0.602734375 0.727734375 0.0484375 0.0765625
0 0.5765625 0.870703125 0.05703125 0.078125
0 0.71953125 0.96796875 0.028125 0.0640625
0 0.483984375 0.8390625 0.076171875 0.080078125
0 0.396484375 0.84453125 0.0734375 0.05859375
0 0.29296875 0.873828125 0.078125 0.0734375
0 0.497265625 0.906640625 0.07265625 0.03984375
0 0.22109375 0.864453125 0.0640625 0.05234375
0 0.371484375 0.719921875 0.078125 0.04609375
0 0.3453125 0.76171875 0.07734375 0.048046875
0 0.17734375 0.83828125 0.042578125 0.064453125
0 0.21796875 0.824609375 0.065625 0.0609375
0 0.262890625 0.691796875 0.083203125 0.052734375
0 0.30703125 0.569140625 0.05390625 0.0703125
0 0.386328125 0.59140625 0.05703125 0.062890625
0 0.458203125 0.55 0.058984375 0.070703125
0 0.5203125 0.4984375 0.05859375 0.065625
0 0.3734375 0.449609375 0.059375 0.055859375
0 0.5234375 0.37578125 0.06015625 0.06640625
0 0.501953125 0.446484375 0.062890625 0.07109375
0 0.434765625 0.28671875 0.052734375 0.068359375
0 0.2265625 0.356640625 0.0625 0.037109375
0 0.248046875 0.40703125 0.059375 0.052734375
0 0.2734375 0.451171875 0.07734375 0.05546875
0 0.252734375 0.48046875 0.070703125 0.046875
0 0.200390625 0.58515625 0.078515625 0.054296875
0 0.175390625 0.71796875 0.0609375 0.04609375
0 0.16484375 0.7375 0.059375 0.030859375
0 0.22109375 0.7734375 0.078125 0.05390625
0 0.177734375 0.8 0.055859375 0.0375
0 0.187890625 0.76640625 0.06015625 0.05390625
0 0.140234375 0.765234375 0.048828125 0.038671875
0 0.246875 0.66875 0.06015625 0.05859375
0 0.239453125 0.71875 0.069921875 0.0578125
0 0.375390625 0.637890625 0.073828125 0.051171875
0 0.164453125 0.376171875 0.06796875 0.0609375
0 0.14140625 0.38125 0.051171875 0.066796875
0 0.144921875 0.41875 0.061328125 0.03515625
0 0.171484375 0.4625 0.081640625 0.046875
0 0.172265625 0.4375 0.0765625 0.03515625
0 0.125390625 0.47421875 0.056640625 0.041796875
0 0.14921875 0.64140625 0.055078125 0.040234375
0 0.16171875 0.52109375 0.0703125 0.0359375
0 0.151953125 0.497265625 0.06328125 0.029296875
0 0.150390625 0.602734375 0.058203125 0.04140625
0 0.151171875 0.5765625 0.060546875 0.041796875
0 0.152734375 0.55078125 0.0546875 0.04375
0 0.18828125 0.61875 0.071875 0.037109375
0 0.159765625 0.675390625 0.040234375 0.05078125
0 0.212890625 0.66796875 0.053515625 0.056640625
0 0.183984375 0.67890625 0.039453125 0.068359375
0 0.4328125 0.595703125 0.058203125 0.06953125
0 0.201171875 0.4078125 0.068359375 0.045703125
0 0.226171875 0.326953125 0.06484375 0.039453125
0 0.401171875 0.3375 0.084765625 0.05234375
0 0.4953125 0.286328125 0.08671875 0.04765625
0 0.15546875 0.2890625 0.044140625 0.04296875
0 0.150390625 0.323046875 0.05546875 0.041796875
0 0.329296875 0.29453125 0.098828125 0.057421875
0 0.3125 0.2359375 0.07109375 0.06953125
0 0.20703125 0.295703125 0.057421875 0.039453125
0 0.239453125 0.283984375 0.0625 0.0578125
0 0.251171875 0.24453125 0.0671875 0.058203125
0 0.213671875 0.251953125 0.04296875 0.062109375
0 0.25546875 0.20859375 0.0671875 0.05078125
0 0.22890625 0.1875 0.041015625 0.0703125
0 0.165625 0.191015625 0.0546875 0.050390625
0 0.15234375 0.234765625 0.046875 0.064453125
0 0.1875 0.2234375 0.053125 0.05234375
0 0.146484375 0.124609375 0.03203125 0.065234375
0 0.1859375 0.09609375 0.05625 0.0359375
0 0.173828125 0.128515625 0.058984375 0.048828125
0 0.15546875 0.152734375 0.041015625 0.055078125
0 0.207421875 0.146484375 0.04609375 0.0453125
0 0.218359375 0.11953125 0.06484375 0.057421875
0 0.246484375 0.0953125 0.046875 0.029296875
0 0.267578125 0.134375 0.03671875 0.06171875
0 0.29453125 0.15 0.052734375 0.058203125
0 0.3109375 0.177734375 0.061328125 0.04765625
0 0.301171875 0.10859375 0.054296875 0.062109375
0 0.34765625 0.091796875 0.058984375 0.039453125
0 0.4953125 0.19921875 0.07421875 0.04453125
0 0.473828125 0.24296875 0.0578125 0.04921875
0 0.409765625 0.2328125 0.069140625 0.0546875
0 0.41953125 0.2046875 0.059765625 0.049609375
0 0.3796875 0.184765625 0.05546875 0.04140625
0 0.408203125 0.163671875 0.05546875 0.04765625
0 0.395703125 0.105078125 0.048046875 0.060546875
0 0.419921875 0.091015625 0.048046875 0.049609375
0 0.467578125 0.13125 0.085546875 0.050390625
0 0.470703125 0.0828125 0.063671875 0.0546875
0 0.35546875 0.140625 0.059765625 0.0625
0 0.523046875 0.1125 0.04609375 0.068359375
0 0.54609375 0.0953125 0.02265625 0.062109375
0 0.571875 0.09140625 0.03515625 0.0453125
0 0.6015625 0.090625 0.03359375 0.043359375
0 0.625 0.09765625 0.028125 0.041796875
0 0.658984375 0.09296875 0.034765625 0.049609375
0 0.687890625 0.09375 0.037109375 0.04375
0 0.7265625 0.0875 0.04140625 0.030078125
0 0.758203125 0.088671875 0.039453125 0.037109375
0 0.794140625 0.091015625 0.0390625 0.07578125
0 0.562109375 0.13671875 0.04140625 0.0671875
0 0.59765625 0.139453125 0.048046875 0.06953125
0 0.61875 0.127734375 0.02734375 0.040625
0 0.649609375 0.146484375 0.0421875 0.0625
0 0.68125 0.1390625 0.045703125 0.0546875
0 0.7109375 0.112890625 0.05859375 0.029296875
0 0.7671875 0.1171875 0.062109375 0.0421875
0 0.712890625 0.140625 0.028125 0.03203125
0 0.73359375 0.15546875 0.040625 0.033203125
0 0.8015625 0.1609375 0.04140625 0.067578125
0 0.828125 0.09765625 0.048046875 0.05
0 0.8546875 0.119921875 0.07578125 0.04375
0 0.898046875 0.28046875 0.054296875 0.057421875
0 0.984375 0.10234375 0.03125 0.067578125
0 0.89609375 0.0953125 0.05390625 0.04375
0 0.91875 0.1125 0.04609375 0.0546875
0 0.96015625 0.11875 0.058203125 0.04765625
0 0.946875 0.095703125 0.044921875 0.041796875
0 0.90078125 0.1546875 0.04140625 0.052734375
0 0.9515625 0.1578125 0.05390625 0.040234375
0 0.98515625 0.153515625 0.029296875 0.044140625
0 0.867578125 0.209375 0.041796875 0.06328125
0 0.964453125 0.19296875 0.07109375 0.0421875
0 0.909375 0.205078125 0.053515625 0.062890625
0 0.97734375 0.278125 0.0453125 0.06484375
0 0.84375 0.416796875 0.079296875 0.052734375
0 0.9171875 0.50546875 0.039453125 0.070703125