0 0.03984375 0.804296875 0.070703125 0.0859375
0 0.03984375 0.753515625 0.05390625 0.0625
0 0.0125 0.773046875 0.025 0.06328125
0 0.142578125 0.66328125 0.078125 0.08203125
0 0.21953125 0.6953125 0.112109375 0.06015625
0 0.408203125 0.61796875 0.084765625 0.058984375
0 0.59140625 0.595703125 0.066015625 0.08515625
0 0.488671875 0.68203125 0.071484375 0.0625
0 0.564453125 0.676171875 0.0796875 0.0546875
0 0.127734375 0.377734375 0.063671875 0.093359375
0 0.05 0.49140625 0.1 0.053125
0 0.175 0.5140625 0.056640625 0.0875
0 0.46640625 0.37421875 0.071484375 0.075390625
0 0.548828125 0.31953125 0.057421875 0.08046875
0 0.3671875 0.4265625 0.0765625 0.06015625
0 0.346484375 0.458203125 0.071484375 0.052734375
0 0.319140625 0.643359375 0.059375 0.084375
0 0.344921875 0.675390625 0.0625 0.078125
0 0.24140625 0.755078125 0.063671875 0.065625
0 0.2859375 0.773046875 0.039453125 0.06875
0 0.3078125 0.804296875 0.066015625 0.0390625
0 0.357421875 0.78984375 0.0421875 0.048046875
0 0.328125 0.76171875 0.051171875 0.05625
0 0.370703125 0.742578125 0.06484375 0.07421875
0 0.398828125 0.768359375 0.05 0.06875
0 0.405078125 0.807421875 0.05078125 0.053515625
0 0.331640625 0.839453125 0.040234375 0.064453125
0 0.433984375 0.72734375 0.052734375 0.06796875
0 0.48125 0.729296875 0.04609375 0.053515625
0 0.44453125 0.773046875 0.05859375 0.03828125
0 0.48671875 0.780859375 0.0515625 0.058984375
0 0.458203125 0.803515625 0.07265625 0.05390625
0 0.4703125 0.84453125 0.05703125 0.042578125
0 0.43203125 0.82109375 0.0390625 0.045703125
0 0.44453125 0.869921875 0.06015625 0.062109375
0 0.385546875 0.88359375 0.07421875 0.044921875
0 0.38046875 0.844921875 0.078515625 0.070703125
0 0.473828125 0.88125 0.0421875 0.051953125
0 0.50625 0.88125 0.04296875 0.051171875
0 0.544921875 0.7125 0.062890625 0.05078125
0 0.583984375 0.722265625 0.063671875 0.05703125
0 0.515234375 0.74296875 0.044921875 0.059375
0 0.555078125 0.77109375 0.0640625 0.036328125
0 0.580859375 0.757421875 0.083984375 0.04609375
0 0.5140625 0.81875 0.051953125 0.02890625
0 0.528125 0.781640625 0.057421875 0.05390625
0 0.562890625 0.80859375 0.05625 0.045703125
0 0.61328125 0.804296875 0.0703125 0.05234375
0 0.63671875 0.748046875 0.0484375 0.07734375
0 0.68046875 0.74765625 0.045703125 0.07578125
0 0.7234375 0.751171875 0.055078125 0.067578125
0 0.728125 0.7984375 0.0609375 0.05859375
0 0.71328125 0.839453125 0.0625 0.044140625
0 0.671875 0.7921875 0.0625 0.053515625
0 0.6765625 0.871875 0.042578125 0.054296875
0 0.659765625 0.833203125 0.0390625 0.0671875
0 0.628515625 0.876953125 0.05 0.046484375
0 0.6 0.85625 0.037890625 0.056640625
0 0.62890625 0.830078125 0.03671875 0.0546875
0 0.525390625 0.84296875 0.054296875 0.03984375
0 0.545703125 0.879296875 0.04765625 0.0453125
0 0.5875 0.88125 0.046875 0.0421875
0 0.566015625 0.848828125 0.0421875 0.043359375
0 0.8328125 0.8296875 0.073828125 0.071484375
0 0.93828125 0.834765625 0.07890625 0.07109375
0 0.976171875 0.772265625 0.04765625 0.058984375
0 0.888671875 0.626171875 0.061328125 0.09296875
0 0.82421875 0.348828125 0.08984375 0.05390625
0 0.9671875 0.459765625 0.065625 0.0765625
0 0.91640625 0.0890625 0.06484375 0.071875
0 0.74296875 0.22734375 0.103125 0.06953125
0 0.86171875 0.101171875 0.06015625 0.080078125
0 0.84375 0.1546875 0.051171875 0.064453125
0 0.8796875 0.165234375 0.043359375 0.06171875
0 0.817578125 0.19296875 0.061328125 0.07734375
0 0.544921875 0.144921875 0.05 0.076953125
0 0.57265625 0.123046875 0.0453125 0.0734375
0 0.644140625 0.09375 0.0796875 0.0484375
0 0.61640625 0.11875 0.0640625 0.046484375
0 0.59296875 0.17265625 0.0625 0.063671875
0 0.643359375 0.1546875 0.056640625 0.085546875
0 0.685546875 0.148046875 0.054296875 0.076953125
0 0.7328125 0.1546875 0.0578125 0.067578125
0 0.778125 0.1328125 0.041796875 0.069140625
0 0.816796875 0.13046875 0.05546875 0.04765625
0 0.8109375 0.089453125 0.07265625 0.044140625
0 0.74921875 0.105078125 0.053515625 0.03984375
0 0.7328125 0.09765625 0.054296875 0.045703125
0 0.298828125 0.10859375 0.064453125 0.059375
0 0.273828125 0.13046875 0.056640625 0.081640625
0 0.2390625 0.11484375 0.044140625 0.078515625
0 0.068359375 0.20390625 0.0609375 0.082421875
0 0.151953125 0.18671875 0.059765625 0.075390625
0 0.194921875 0.182421875 0.06953125 0.06796875
0 0.018359375 0.184765625 0.03671875 0.05078125
0 0.0171875 0.1390625 0.034375 0.064453125
0 0.053125 0.14609375 0.053125 0.06015625
0 0.101171875 0.155078125 0.049609375 0.0765625
0 0.132421875 0.137890625 0.040234375 0.0703125
0 0.18046875 0.132421875 0.065625 0.040234375
0 0.187890625 0.108203125 0.06953125 0.05234375
0 0.15078125 0.1078125 0.046875 0.046484375
0 0.098828125 0.089453125 0.06171875 0.032421875
0 0.055078125 0.097265625 0.066015625 0.051171875
0 0.0796875 0.118359375 0.046875 0.049609375
0 0.019921875 0.09609375 0.039453125 0.03984375
0 0.49375 0.46875 0.0671875 0.06015625
0 0.0875 0.550390625 0.06640625 0.08828125