0 0.830859375 0.071484375 0.101171875 0.0640625
0 0.61328125 0.090625 0.081640625 0.059375
0 0.659375 0.13359375 0.054296875 0.074609375
0 0.617578125 0.1328125 0.047265625 0.07421875
0 0.473046875 0.1203125 0.066015625 0.0734375
0 0.747265625 0.812109375 0.055078125 0.07265625
0 0.66796875 0.862890625 0.07421875 0.05546875
0 0.587890625 0.88203125 0.077734375 0.06796875
0 0.748046875 0.73046875 0.07265625 0.05546875
0 0.69921875 0.7203125 0.07578125 0.050390625
0 0.484375 0.86015625 0.082421875 0.057421875
0 0.425390625 0.8765625 0.073828125 0.05859375
0 0.49140625 0.895703125 0.070703125 0.05
0 0.394140625 0.77578125 0.072265625 0.0625
0 0.97421875 0.574609375 0.0515625 0.07734375
0 0.13359375 0.220703125 0.070703125 0.094140625
0 0.026953125 0.3078125 0.05390625 0.05
0 0.316015625 0.43515625 0.062109375 0.0765625
0 0.37890625 0.096484375 0.073046875 0.061328125