0 0.904296875 0.83828125 0.054296875 0.0703125
0 0.853125 0.851953125 0.051953125 0.06953125
0 0.59375 0.806640625 0.05546875 0.0578125
0 0.944140625 0.09609375 0.07265625 0.05234375
0 0.75859375 0.109765625 0.060546875 0.0515625
0 0.715234375 0.1875 0.06484375 0.054296875
0 0.667578125 0.110546875 0.080078125 0.065234375
0 0.658984375 0.16171875 0.073828125 0.049609375
0 0.601171875 0.237109375 0.0515625 0.06953125
0 0.527734375 0.109375 0.0421875 0.06328125
0 0.469921875 0.126171875 0.044921875 0.061328125
0 0.424609375 0.105078125 0.0421875 0.066796875
0 0.3734375 0.112890625 0.0453125 0.06484375
0 0.369921875 0.16953125 0.04609375 0.0640625
0 0.403125 0.162890625 0.041796875 0.06171875
0 0.440625 0.156640625 0.04921875 0.05234375
0 0.546484375 0.206640625 0.044140625 0.070703125
0 0.50703125 0.177734375 0.06796875 0.04453125
0 0.398046875 0.27421875 0.05 0.06171875
0 0.30703125 0.403515625 0.0515625 0.069921875
0 0.403515625 0.432421875 0.06875 0.044921875
0 0.70546875 0.437890625 0.053515625 0.05625
0 0.63515625 0.3328125 0.054296875 0.05390625
0 0.5765625 0.475390625 0.062109375 0.05
0 0.009765625 0.56796875 0.01953125 0.0453125
0 0.126171875 0.52734375 0.058203125 0.065625
0 0.25703125 0.6 0.0578125 0.0546875
0 0.1046875 0.698046875 0.07734375 0.053515625
0 0.130078125 0.79296875 0.068359375 0.063671875
0 0.24140625 0.7828125 0.049609375 0.0734375
0 0.2890625 0.776953125 0.055859375 0.074609375
0 0.47109375 0.862109375 0.05234375 0.06328125