0 0.76796875 0.108203125 0.078515625 0.0734375
0 0.81640625 0.070703125 0.069140625 0.06171875
0 0.890625 0.0796875 0.062109375 0.087890625
0 0.912890625 0.134765625 0.071484375 0.078515625
0 0.9328125 0.079296875 0.051171875 0.077734375
0 0.950390625 0.046875 0.083203125 0.044140625
0 0.970703125 0.096875 0.054296875 0.093359375
0 0.987109375 0.07890625 0.02578125 0.080078125
0 0.6390625 0.20703125 0.073046875 0.08515625
0 0.502734375 0.153515625 0.05234375 0.080078125
0 0.45234375 0.103515625 0.058203125 0.071875
0 0.444140625 0.058984375 0.066015625 0.05078125
0 0.3890625 0.062109375 0.077734375 0.040234375
0 0.408203125 0.1015625 0.057421875 0.051953125
0 0.424609375 0.14765625 0.052734375 0.077734375
0 0.375 0.163671875 0.0671875 0.0640625
0 0.375390625 0.126953125 0.063671875 0.053515625
0 0.3578125 0.086328125 0.059765625 0.0484375
0 0.317578125 0.112890625 0.049609375 0.0765625
0 0.277734375 0.103515625 0.0546875 0.097265625
0 0.31796875 0.1671875 0.06875 0.07265625
0 0.155078125 0.1078125 0.066015625 0.08359375
0 0.216796875 0.124609375 0.05859375 0.07734375
0 0.75625 0.337890625 0.0578125 0.090234375
0 0.6515625 0.436328125 0.05703125 0.082421875
0 0.496484375 0.58046875 0.066015625 0.071875
0 0.77421875 0.516015625 0.054296875 0.069921875
0 0.355859375 0.709375 0.0828125 0.062890625
0 0.205078125 0.846484375 0.059375 0.078515625
0 0.421484375 0.883984375 0.08125 0.069140625
0 0.550390625 0.88984375 0.078515625 0.05390625
0 0.746484375 0.8875 0.076953125 0.103515625
0 0.72734375 0.775 0.059765625 0.087890625
0 0.853125 0.885546875 0.071484375 0.09140625
0 0.94765625 0.893359375 0.08125 0.07578125