0 0.957421875 0.905078125 0.04765625 0.075
0 0.92734375 0.9 0.0484375 0.083203125
0 0.887890625 0.9078125 0.04609375 0.05703125
0 0.800390625 0.8984375 0.06953125 0.07109375
0 0.562890625 0.894921875 0.073046875 0.069140625
0 0.45234375 0.896875 0.0671875 0.05546875
0 0.5234375 0.825 0.058203125 0.071875
0 0.666796875 0.75546875 0.060546875 0.090234375
0 0.738671875 0.771484375 0.058203125 0.085546875
0 0.502734375 0.62109375 0.063671875 0.084765625
0 0.630859375 0.50234375 0.07421875 0.04765625
0 0.8109375 0.480859375 0.048828125 0.069921875
0 0.804296875 0.67421875 0.052734375 0.07890625
0 0.903515625 0.661328125 0.06171875 0.067578125
0 0.909765625 0.592578125 0.076171875 0.057421875
0 0.44765625 0.439453125 0.0703125 0.05546875
0 0.475390625 0.33984375 0.05703125 0.06015625
0 0.524609375 0.353515625 0.072265625 0.054296875
0 0.61015625 0.446875 0.07890625 0.0453125
0 0.696484375 0.389453125 0.06328125 0.067578125
0 0.84375 0.35859375 0.062109375 0.048828125
0 0.8921875 0.256640625 0.05 0.071875
0 0.823046875 0.325 0.06796875 0.070703125
0 0.756640625 0.279296875 0.0703125 0.052734375
0 0.65625 0.29765625 0.053515625 0.054296875
0 0.606640625 0.3125 0.06328125 0.0515625
0 0.579296875 0.34921875 0.05 0.06015625
0 0.56953125 0.301953125 0.046484375 0.0703125
0 0.529296875 0.283203125 0.04609375 0.065234375
0 0.559765625 0.26640625 0.04609375 0.06484375
0 0.54609375 0.2265625 0.044140625 0.061328125
0 0.50859375 0.247265625 0.046484375 0.069921875
0 0.46953125 0.259765625 0.05078125 0.081640625
0 0.440625 0.312109375 0.05390625 0.05703125
0 0.426171875 0.25390625 0.04453125 0.071484375
0 0.446484375 0.223828125 0.066796875 0.05078125
0 0.677734375 0.2640625 0.0546875 0.07890625
0 0.628125 0.26484375 0.066796875 0.0609375
0 0.639453125 0.23125 0.06875 0.033203125
0 0.5953125 0.273046875 0.062890625 0.047265625
0 0.58125 0.2296875 0.056640625 0.052734375
0 0.40859375 0.19609375 0.0546875 0.071875
0 0.4828125 0.201953125 0.043359375 0.069921875
0 0.516015625 0.1859375 0.056640625 0.0609375
0 0.48984375 0.14375 0.050390625 0.06875
0 0.444140625 0.1328125 0.061328125 0.05234375
0 0.45234375 0.176953125 0.062890625 0.051953125
0 0.453515625 0.103125 0.062890625 0.044921875
0 0.430078125 0.059375 0.052734375 0.04375
0 0.47109375 0.06328125 0.044921875 0.050390625
0 0.502734375 0.06328125 0.050390625 0.06875
0 0.522265625 0.100390625 0.06640625 0.055078125
0 0.514453125 0.104296875 0.054296875 0.046484375
0 0.534375 0.148046875 0.047265625 0.065625
0 0.56640625 0.15390625 0.049609375 0.080859375
0 0.58671875 0.1734375 0.055859375 0.07578125
0 0.621484375 0.202734375 0.046875 0.057421875
0 0.66953125 0.211328125 0.0625 0.05234375
0 0.717578125 0.217578125 0.0578125 0.048046875
0 0.7546875 0.198046875 0.068359375 0.046875
0 0.803515625 0.18359375 0.059375 0.071875
0 0.837109375 0.14609375 0.049609375 0.08515625
0 0.88046875 0.155859375 0.048046875 0.069921875
0 0.93125 0.12109375 0.06015625 0.062890625
0 0.751171875 0.141796875 0.0515625 0.06015625
0 0.712890625 0.130078125 0.0453125 0.083203125
0 0.691015625 0.17109375 0.057421875 0.05
0 0.64140625 0.1703125 0.0625 0.04921875
0 0.644140625 0.125390625 0.049609375 0.058203125
0 0.625390625 0.109765625 0.047265625 0.073828125
0 0.5875 0.101171875 0.047265625 0.060546875
0 0.565234375 0.08203125 0.0375 0.072265625
0 0.53828125 0.063671875 0.04375 0.0578125
0 0.671484375 0.103515625 0.0546875 0.070703125
0 0.641015625 0.065234375 0.05 0.05859375
0 0.595703125 0.06171875 0.050390625 0.054296875
0 0.71328125 0.06484375 0.0609375 0.056640625
0 0.726171875 0.094921875 0.052734375 0.053515625
0 0.787109375 0.109765625 0.081640625 0.08359375
0 0.78359375 0.0578125 0.065234375 0.04765625
0 0.815625 0.06328125 0.02890625 0.050390625
0 0.844921875 0.0921875 0.048046875 0.08671875
0 0.876171875 0.08359375 0.031640625 0.077734375
0 0.840234375 0.053515625 0.0609375 0.047265625
0 0.906640625 0.080078125 0.05 0.071484375
0 0.939453125 0.0625 0.048046875 0.06015625
0 0.966796875 0.05703125 0.0359375 0.056640625
0 0.97421875 0.194140625 0.0515625 0.05703125
0 0.975 0.13671875 0.05 0.062109375
0 0.98046875 0.077734375 0.038671875 0.062890625
0 0.397265625 0.697265625 0.060546875 0.067578125
0 0.273828125 0.689453125 0.07109375 0.05703125
0 0.224609375 0.6921875 0.03203125 0.042578125
0 0.2484375 0.74296875 0.0671875 0.059765625
0 0.20078125 0.73984375 0.058984375 0.05625
0 0.163671875 0.732421875 0.051953125 0.051171875
0 0.0953125 0.735546875 0.044921875 0.065234375
0 0.23671875 0.781640625 0.06484375 0.058984375
0 0.192578125 0.8078125 0.056640625 0.06796875
0 0.195703125 0.856640625 0.06640625 0.046484375
0 0.14453125 0.8546875 0.043359375 0.05390625
0 0.1578125 0.819921875 0.0421875 0.04375
0 0.15859375 0.89140625 0.048046875 0.044140625
0 0.12421875 0.887890625 0.042578125 0.046875
0 0.11796875 0.869140625 0.045703125 0.04296875
0 0.111328125 0.8328125 0.049609375 0.041015625
0 0.11796875 0.812109375 0.057421875 0.03515625
0 0.1328125 0.7890625 0.060546875 0.037109375
0 0.093359375 0.77578125 0.0390625 0.037890625
0 0.114453125 0.746484375 0.03515625 0.051953125
0 0.14765625 0.75546875 0.05390625 0.05078125
0 0.396875 0.4234375 0.0484375 0.07265625
0 0.4328125 0.40078125 0.057421875 0.044921875
0 0.407421875 0.3640625 0.071875 0.0546875
0 0.29921875 0.58203125 0.080078125 0.04921875
0 0.278125 0.556640625 0.082421875 0.052734375
0 0.236328125 0.5734375 0.061328125 0.04921875
0 0.251953125 0.625 0.06796875 0.062109375
0 0.233984375 0.661328125 0.101171875 0.05546875
0 0.17890625 0.659765625 0.048046875 0.054296875
0 0.214453125 0.640625 0.058984375 0.04375
0 0.167578125 0.6203125 0.062109375 0.051953125
0 0.191796875 0.57421875 0.048828125 0.051953125
0 0.21015625 0.59609375 0.058203125 0.05078125
0 0.22578125 0.50390625 0.065234375 0.0609375
0 0.21015625 0.534765625 0.06171875 0.052734375
0 0.21328125 0.45625 0.08125 0.049609375
0 0.1984375 0.38125 0.057421875 0.05
0 0.169921875 0.425390625 0.084375 0.04140625
0 0.1578125 0.404296875 0.073828125 0.0375
0 0.081640625 0.489453125 0.062890625 0.051953125
0 0.11484375 0.471875 0.04140625 0.05625
0 0.14453125 0.453515625 0.053125 0.050390625
0 0.180859375 0.485546875 0.05234375 0.064453125
0 0.143359375 0.493359375 0.04375 0.05078125
0 0.167578125 0.523046875 0.048046875 0.05390625
0 0.1328125 0.529296875 0.0515625 0.0515625
0 0.1171875 0.559375 0.056640625 0.053125
0 0.0859375 0.535546875 0.0515625 0.05
0 0.08125 0.570703125 0.0421875 0.0421875
0 0.131640625 0.594140625 0.05703125 0.0609375
0 0.0859375 0.598046875 0.048046875 0.038671875
0 0.11640625 0.630859375 0.051953125 0.05078125
0 0.08046875 0.634375 0.0359375 0.04609375
0 0.0875 0.67734375 0.05078125 0.05390625
0 0.1203125 0.67578125 0.063671875 0.048046875
0 0.39140625 0.28515625 0.0625 0.08359375
0 0.344140625 0.3 0.0625 0.07421875
0 0.286328125 0.2734375 0.07109375 0.06015625
0 0.21484375 0.340234375 0.061328125 0.060546875
0 0.130859375 0.3828125 0.08046875 0.08671875
0 0.134765625 0.33828125 0.0796875 0.049609375
0 0.35625 0.196875 0.0640625 0.0546875
0 0.314453125 0.173828125 0.055859375 0.062109375
0 0.379296875 0.15 0.046484375 0.06015625
0 0.3421875 0.14453125 0.047265625 0.06953125
0 0.3703125 0.0625 0.05546875 0.0484375
0 0.407421875 0.08828125 0.049609375 0.07890625
0 0.380859375 0.11484375 0.065234375 0.051171875
0 0.344140625 0.086328125 0.044140625 0.063671875
0 0.30390625 0.058203125 0.0625 0.044140625
0 0.3125 0.112109375 0.05 0.066015625
0 0.27109375 0.151953125 0.073046875 0.070703125
0 0.258203125 0.10625 0.050390625 0.044921875
0 0.257421875 0.075390625 0.05859375 0.066015625
0 0.281640625 0.0796875 0.051171875 0.050390625
0 0.22734375 0.07890625 0.0375 0.069921875
0 0.1984375 0.078125 0.032421875 0.056640625
0 0.17734375 0.1140625 0.069921875 0.06484375
0 0.16796875 0.07421875 0.0375 0.0328125
0 0.204296875 0.1640625 0.066796875 0.04765625
0 0.1953125 0.198828125 0.059375 0.060546875
0 0.183984375 0.24453125 0.08125 0.06328125
0 0.146484375 0.2875 0.066015625 0.051171875
0 0.15 0.2203125 0.04609375 0.06953125
0 0.09765625 0.262109375 0.0640625 0.046875
0 0.0890625 0.30234375 0.0609375 0.04296875
0 0.07421875 0.330859375 0.07421875 0.03828125
0 0.08359375 0.4421875 0.0578125 0.05
0 0.10546875 0.426171875 0.05234375 0.051953125
0 0.070703125 0.4109375 0.05234375 0.03359375
0 0.06640625 0.37578125 0.067578125 0.0671875
0 0.100390625 0.19453125 0.04765625 0.058984375
0 0.1609375 0.15234375 0.042578125 0.0625
0 0.1296875 0.087890625 0.032421875 0.06171875
0 0.115234375 0.09296875 0.025 0.051171875
0 0.09375 0.09609375 0.03828125 0.057421875
0 0.09375 0.1296875 0.02890625 0.04375
0 0.091015625 0.15859375 0.0484375 0.030078125
0 0.11484375 0.148828125 0.044140625 0.0578125
0 0.13046875 0.135546875 0.0390625 0.055859375