0 0.877734375 0.795703125 0.05078125 0.06328125
0 0.812109375 0.840625 0.07265625 0.0625
0 0.6546875 0.8625 0.0828125 0.0546875
0 0.726171875 0.7359375 0.07265625 0.059375
0 0.60078125 0.7546875 0.0484375 0.0671875
0 0.5625 0.81796875 0.071875 0.053125
0 0.4703125 0.762109375 0.0734375 0.05390625
0 0.54296875 0.738671875 0.0546875 0.05546875
0 0.50078125 0.601171875 0.0703125 0.04609375
0 0.543359375 0.633984375 0.07421875 0.05078125
0 0.681640625 0.481640625 0.06484375 0.07265625
0 0.57109375 0.337890625 0.0734375 0.06796875
0 0.78828125 0.263671875 0.053125 0.08984375
0 0.31796875 0.80234375 0.059375 0.0640625
0 0.33125 0.868359375 0.0609375 0.08046875
0 0.251953125 0.6859375 0.07578125 0.0546875
0 0.3015625 0.478515625 0.0703125 0.06015625
0 0.48984375 0.223828125 0.071875 0.05703125
0 0.377734375 0.335546875 0.07421875 0.06484375
0 0.335546875 0.42578125 0.05703125 0.0640625
0 0.347265625 0.223046875 0.06171875 0.07421875
0 0.261328125 0.284765625 0.06953125 0.06953125
0 0.828515625 0.1421875 0.07109375 0.053125
0 0.90625 0.10625 0.0546875 0.059375
0 0.878515625 0.17734375 0.05234375 0.0578125
0 0.9171875 0.21875 0.046875 0.0640625
0 0.94296875 0.196875 0.075 0.05
0 0.932421875 0.16328125 0.07109375 0.053125
0 0.715625 0.105078125 0.0703125 0.06171875
0 0.673046875 0.100390625 0.03671875 0.05859375
0 0.634375 0.105078125 0.0375 0.07578125
0 0.52109375 0.105078125 0.0421875 0.06171875
0 0.526953125 0.15390625 0.06796875 0.0484375
0 0.58515625 0.1515625 0.0609375 0.0640625
0 0.557421875 0.1046875 0.03046875 0.0640625
0 0.5796875 0.094140625 0.025 0.06328125
0 0.598828125 0.100390625 0.04453125 0.07734375
0 0.4078125 0.146484375 0.0609375 0.06015625
0 0.366796875 0.1625 0.06328125 0.065625
0 0.290625 0.1703125 0.06875 0.0515625
0 0.34140625 0.121484375 0.0515625 0.08203125
0 0.309375 0.121484375 0.05 0.07421875
0 0.27578125 0.13359375 0.05 0.05
0 0.258203125 0.1046875 0.07734375 0.05625
0 0.221484375 0.117578125 0.05859375 0.06171875
0 0.173046875 0.124609375 0.06796875 0.05546875
0 0.21015625 0.165625 0.0765625 0.05
0 0.172265625 0.187890625 0.06640625 0.05078125
0 0.151953125 0.21796875 0.04921875 0.0390625
0 0.2015625 0.2375 0.0546875 0.0484375
0 0.162109375 0.262109375 0.06015625 0.04765625
0 0.302734375 0.35 0.05234375 0.034375
0 0.243359375 0.337890625 0.05859375 0.04140625
0 0.18125 0.330859375 0.05625 0.04296875
0 0.24765625 0.380859375 0.059375 0.04296875
0 0.19921875 0.3875 0.040625 0.05
0 0.160546875 0.38046875 0.04765625 0.0578125
0 0.139453125 0.432421875 0.06640625 0.05546875
0 0.202734375 0.47109375 0.04765625 0.04765625
0 0.22265625 0.430859375 0.0609375 0.03671875
0 0.225 0.496484375 0.0578125 0.04609375
0 0.237109375 0.46484375 0.04609375 0.0484375
0 0.1953125 0.694140625 0.040625 0.05859375
0 0.159375 0.7046875 0.040625 0.065625
0 0.173046875 0.74609375 0.05859375 0.03125
0 0.24765625 0.803125 0.053125 0.04375
0 0.239453125 0.853125 0.05859375 0.0484375
0 0.175390625 0.784375 0.06796875 0.0296875
0 0.20234375 0.809765625 0.0453125 0.03671875
0 0.187890625 0.86953125 0.06953125 0.034375
0 0.17109375 0.817578125 0.0625 0.04296875
0 0.15859375 0.64140625 0.04375 0.059375
0 0.216015625 0.54296875 0.07265625 0.046875
0 0.22578125 0.628125 0.053125 0.0375
0 0.1953125 0.6390625 0.053125 0.0515625
0 0.2 0.587890625 0.0859375 0.04296875
0 0.153515625 0.580859375 0.04921875 0.05390625
0 0.180859375 0.515625 0.08203125 0.0453125
0 0.175 0.553125 0.0640625 0.0390625
0 0.16328125 0.4703125 0.03515625 0.0359375