0 0.9359375 0.555859375 0.0890625 0.06953125
0 0.76796875 0.713671875 0.0703125 0.076171875
0 0.672265625 0.773828125 0.080859375 0.0625
0 0.544921875 0.719921875 0.06953125 0.072265625
0 0.59375 0.811328125 0.0703125 0.06484375
0 0.366015625 0.81640625 0.077734375 0.06640625
0 0.402734375 0.77734375 0.051953125 0.074609375
0 0.435546875 0.817578125 0.062890625 0.055859375
0 0.44140625 0.777734375 0.066796875 0.047265625
0 0.52890625 0.826171875 0.076953125 0.055078125
0 0.516015625 0.77890625 0.066796875 0.05234375
0 0.47734375 0.805078125 0.052734375 0.08203125
0 0.034765625 0.58671875 0.06953125 0.05625
0 0.09296875 0.659765625 0.08671875 0.062890625
0 0.146484375 0.384375 0.060546875 0.08125
0 0.3953125 0.242578125 0.070703125 0.06484375
0 0.1671875 0.071875 0.091015625 0.071484375
0 0.3453125 0.07578125 0.073828125 0.069921875
0 0.396484375 0.06484375 0.081640625 0.06953125