0 0.84609375 0.7421875 0.084375 0.06796875
0 0.648046875 0.779296875 0.080859375 0.09609375
0 0.47109375 0.097265625 0.0703125 0.0953125
0 0.60859375 0.073828125 0.05703125 0.0859375
0 0.661328125 0.060546875 0.06328125 0.07421875
0 0.697265625 0.08125 0.04921875 0.086328125
0 0.742578125 0.09765625 0.062109375 0.059765625
0 0.88984375 0.15390625 0.078515625 0.06875
0 0.894921875 0.098046875 0.0640625 0.06953125
0 0.94765625 0.09140625 0.051171875 0.080078125
0 0.9609375 0.1453125 0.078125 0.0609375
0 0.983984375 0.101171875 0.03203125 0.06171875
0 0.98359375 0.042578125 0.0328125 0.066015625
0 0.93828125 0.04921875 0.065234375 0.05234375
0 0.877734375 0.069921875 0.075 0.067578125
0 0.82578125 0.05625 0.068359375 0.0484375
0 0.803515625 0.10546875 0.073828125 0.08515625
0 0.7703125 0.066015625 0.054296875 0.071484375
0 0.726171875 0.051953125 0.04609375 0.044921875
0 0.719140625 0.143359375 0.082421875 0.065234375
0 0.58125 0.1234375 0.07734375 0.07109375
0 0.6453125 0.123828125 0.059765625 0.09296875
0 0.341015625 0.1015625 0.08515625 0.086328125
0 0.180078125 0.111328125 0.071484375 0.083203125
0 0.137890625 0.069921875 0.0796875 0.052734375
0 0.125 0.1171875 0.06015625 0.087890625
0 0.03203125 0.25703125 0.05390625 0.093359375
0 0.037890625 0.19140625 0.07578125 0.06875
0 0.059765625 0.123828125 0.068359375 0.082421875
0 0.044140625 0.06171875 0.070703125 0.0671875
0 0.090625 0.0734375 0.044921875 0.088671875
0 0.031640625 0.133984375 0.062890625 0.071484375
0 0.30859375 0.32578125 0.083203125 0.068359375
0 0.09296875 0.872265625 0.055859375 0.03515625
0 0.39375 0.871875 0.061328125 0.10234375