0 0.8984375 0.180859375 0.067578125 0.05703125
0 0.848828125 0.101171875 0.073828125 0.07265625
0 0.80703125 0.105859375 0.053515625 0.094140625
0 0.783203125 0.143359375 0.091796875 0.059375
0 0.7609375 0.095703125 0.06796875 0.083203125
0 0.84609375 0.050390625 0.084765625 0.050390625
0 0.744140625 0.07421875 0.0578125 0.095703125
0 0.707421875 0.10078125 0.05625 0.092578125
0 0.666796875 0.105078125 0.0796875 0.060546875
0 0.69140625 0.05390625 0.09453125 0.0515625
0 0.608203125 0.057421875 0.072265625 0.092578125
0 0.55703125 0.06640625 0.0625 0.091796875
0 0.70234375 0.387109375 0.069921875 0.072265625
0 0.78359375 0.37109375 0.1 0.06015625
0 0.515234375 0.090625 0.059765625 0.074609375
0 0.4796875 0.0875 0.044140625 0.076171875
0 0.488671875 0.155078125 0.0625 0.066796875
0 0.45625 0.136328125 0.04453125 0.09375
0 0.446484375 0.3046875 0.083203125 0.10234375
0 0.41171875 0.131640625 0.058984375 0.080859375
0 0.435546875 0.073828125 0.06015625 0.07734375
0 0.4 0.062109375 0.04375 0.06796875
0 0.38203125 0.105859375 0.05859375 0.0875
0 0.35390625 0.066796875 0.070703125 0.072265625
0 0.34375 0.15546875 0.065234375 0.096484375
0 0.278515625 0.126953125 0.084375 0.07890625
0 0.282421875 0.07109375 0.090234375 0.091796875
0 0.233984375 0.130859375 0.07109375 0.084765625
0 0.173046875 0.157421875 0.084765625 0.06953125
0 0.262890625 0.426171875 0.084375 0.087109375
0 0.25859375 0.5078125 0.0875 0.070703125
0 0.1359375 0.3984375 0.076953125 0.08984375
0 0.966015625 0.636328125 0.06796875 0.069140625
0 0.93203125 0.6796875 0.07734375 0.05703125
0 0.85234375 0.653125 0.073046875 0.083203125
0 0.79453125 0.658984375 0.08046875 0.067578125
0 0.756640625 0.690234375 0.06015625 0.07421875
0 0.694921875 0.674609375 0.063671875 0.084375
0 0.9890625 0.824609375 0.021875 0.06796875
0 0.970703125 0.891015625 0.057421875 0.060546875
0 0.96953125 0.840625 0.053515625 0.064453125
0 0.943359375 0.797265625 0.056640625 0.08203125
0 0.903125 0.80234375 0.051953125 0.07421875
0 0.918359375 0.859765625 0.0578125 0.053515625
0 0.898046875 0.896484375 0.056640625 0.05859375
0 0.849609375 0.891015625 0.06015625 0.060546875
0 0.9375 0.901171875 0.06015625 0.0515625
0 0.873046875 0.850390625 0.06328125 0.056640625
0 0.851953125 0.81875 0.058203125 0.0546875
0 0.8734375 0.780078125 0.066796875 0.055078125
0 0.862109375 0.741015625 0.08203125 0.063671875
0 0.7890625 0.76015625 0.05859375 0.06953125
0 0.816015625 0.79609375 0.041015625 0.065234375
0 0.783203125 0.83515625 0.043359375 0.08203125
0 0.82578125 0.85 0.04921875 0.061328125
0 0.804296875 0.888671875 0.070703125 0.061328125
0 0.755078125 0.89765625 0.051953125 0.06328125
0 0.72109375 0.8875 0.0421875 0.058203125
0 0.679296875 0.89140625 0.043359375 0.059765625
0 0.63828125 0.89296875 0.065625 0.051953125
0 0.747265625 0.852734375 0.0421875 0.069140625
0 0.74921875 0.805078125 0.044140625 0.05859375
0 0.754296875 0.751171875 0.052734375 0.069921875
0 0.71875 0.76328125 0.072265625 0.06328125
0 0.699609375 0.8078125 0.056640625 0.045703125
0 0.713671875 0.832421875 0.059765625 0.06953125
0 0.669921875 0.839453125 0.044140625 0.074609375
0 0.62109375 0.847265625 0.059765625 0.06328125
0 0.6390625 0.805078125 0.067578125 0.08359375
0 0.5828125 0.8171875 0.05546875 0.082421875
0 0.587109375 0.894140625 0.069140625 0.046484375
0 0.5421875 0.899609375 0.051953125 0.03984375
0 0.57265625 0.860546875 0.075390625 0.051953125
0 0.483203125 0.898828125 0.07109375 0.048828125
0 0.41640625 0.894921875 0.080078125 0.059765625
0 0.27890625 0.87421875 0.06640625 0.053515625
0 0.18984375 0.762109375 0.080859375 0.06953125
0 0.565234375 0.746484375 0.073046875 0.052734375
0 0.585546875 0.715234375 0.07734375 0.0609375
0 0.540625 0.80390625 0.04921875 0.06484375
0 0.508203125 0.844921875 0.052734375 0.065625
0 0.412109375 0.851953125 0.076953125 0.04375
0 0.4765625 0.870703125 0.054296875 0.043359375
0 0.4765625 0.8328125 0.05625 0.051171875
0 0.421875 0.808984375 0.078515625 0.055078125
0 0.48125 0.77578125 0.08515625 0.0921875
0 0.044140625 0.29765625 0.087890625 0.06484375
0 0.164453125 0.110546875 0.080078125 0.049609375
0 0.176171875 0.06171875 0.070703125 0.089453125
0 0.1359375 0.068359375 0.05390625 0.09375
0 0.094140625 0.07421875 0.078125 0.056640625
0 0.058984375 0.080078125 0.062109375 0.097265625
0 0.021875 0.082421875 0.04375 0.09453125