0 0.137890625 0.85390625 0.069921875 0.072265625
0 0.034375 0.863671875 0.068359375 0.058984375
0 0.5234375 0.75234375 0.099609375 0.07265625
0 0.80859375 0.70390625 0.083984375 0.070703125
0 0.783984375 0.77578125 0.05625 0.07890625
0 0.702734375 0.774609375 0.06484375 0.067578125
0 0.68203125 0.81796875 0.062109375 0.071484375
0 0.6359375 0.824609375 0.064453125 0.081640625
0 0.7453125 0.83046875 0.07421875 0.07265625
0 0.81328125 0.85859375 0.080859375 0.06484375
0 0.834375 0.8296875 0.08046875 0.067578125
0 0.909765625 0.877734375 0.0765625 0.068359375
0 0.866796875 0.8078125 0.0484375 0.078515625
0 0.90390625 0.826953125 0.05234375 0.075390625
0 0.9859375 0.86640625 0.028125 0.0765625
0 0.9609375 0.849609375 0.06484375 0.06953125
0 0.96953125 0.79921875 0.060546875 0.0671875