0 0.05234375 0.06953125 0.07734375 0.053125
0 0.7046875 0.071875 0.06875 0.071875
0 0.79296875 0.0515625 0.062890625 0.050390625
0 0.615625 0.05625 0.073828125 0.058203125
0 0.49375 0.070703125 0.078125 0.055859375
0 0.4328125 0.122265625 0.085546875 0.05546875
0 0.5421875 0.095703125 0.090234375 0.054296875
0 0.537109375 0.14765625 0.0578125 0.065234375
0 0.5734375 0.190625 0.066796875 0.078125
0 0.4703125 0.159375 0.06015625 0.043359375
0 0.509765625 0.183203125 0.051953125 0.091015625
0 0.40625 0.313671875 0.065234375 0.071875
0 0.60078125 0.447265625 0.053515625 0.08828125
0 0.58359375 0.501171875 0.07578125 0.056640625
0 0.5453125 0.525 0.072265625 0.06328125
0 0.334375 0.655859375 0.073046875 0.054296875
0 0.45859375 0.708203125 0.05703125 0.0890625
0 0.63046875 0.8203125 0.072265625 0.05703125
0 0.64921875 0.862890625 0.073046875 0.043359375
0 0.68984375 0.90390625 0.08046875 0.046875
0 0.341015625 0.821875 0.055859375 0.066015625
0 0.39140625 0.8375 0.069140625 0.053515625
0 0.2375 0.85 0.0671875 0.06328125
0 0.29140625 0.873828125 0.059375 0.07734375
0 0.232421875 0.895703125 0.06875 0.048046875
0 0.502734375 0.890625 0.06015625 0.05703125
0 0.52578125 0.87265625 0.050390625 0.065234375
0 0.565234375 0.8890625 0.072265625 0.055078125
0 0.3375 0.869921875 0.040234375 0.05546875
0 0.42265625 0.887890625 0.04921875 0.07109375
0 0.347265625 0.906640625 0.046875 0.035546875
0 0.36171875 0.8703125 0.023828125 0.03984375
0 0.3796875 0.884375 0.0265625 0.050390625
0 0.39375 0.89140625 0.03046875 0.06015625
0 0.053125 0.848828125 0.076171875 0.06171875
0 0.0359375 0.90078125 0.071484375 0.059765625
0 0.16953125 0.8453125 0.057421875 0.05234375
0 0.14375 0.89296875 0.043359375 0.06484375
0 0.179296875 0.8859375 0.055859375 0.064453125
0 0.177734375 0.616796875 0.072265625 0.072265625
0 0.778515625 0.092578125 0.065234375 0.048046875
0 0.827734375 0.09375 0.056640625 0.07109375
0 0.97265625 0.062109375 0.054296875 0.083203125
0 0.911328125 0.56953125 0.061328125 0.077734375
0 0.9890625 0.88359375 0.021875 0.05078125