0 0.763671875 0.130859375 0.06640625 0.0796875
0 0.594140625 0.285546875 0.087109375 0.060546875
0 0.452734375 0.333984375 0.0796875 0.065625
0 0.846875 0.3296875 0.073828125 0.081640625
0 0.039453125 0.205859375 0.058203125 0.084765625
0 0.007421875 0.362109375 0.01484375 0.0703125
0 0.034765625 0.406640625 0.06953125 0.06171875
0 0.04296875 0.6484375 0.0859375 0.05546875
0 0.069140625 0.817578125 0.091796875 0.07421875
0 0.134375 0.862109375 0.0703125 0.0625
0 0.141015625 0.898046875 0.07890625 0.059765625
0 0.341015625 0.871875 0.085546875 0.061328125
0 0.41015625 0.768359375 0.06015625 0.0734375
0 0.269921875 0.769140625 0.06015625 0.073828125
0 0.234765625 0.74453125 0.0671875 0.073046875
0 0.5296875 0.753515625 0.12109375 0.062109375
0 0.449609375 0.825390625 0.058984375 0.071484375
0 0.592578125 0.8328125 0.05703125 0.091015625
0 0.504296875 0.830078125 0.04921875 0.081640625
0 0.32890625 0.349609375 0.084765625 0.054296875
0 0.5046875 0.455078125 0.06171875 0.07890625
0 0.61796875 0.53125 0.0578125 0.080859375
0 0.699609375 0.505078125 0.053515625 0.091015625
0 0.6015625 0.59375 0.094921875 0.051953125
0 0.728125 0.681640625 0.090234375 0.08203125
0 0.8203125 0.624609375 0.073828125 0.07421875
0 0.733203125 0.862890625 0.07734375 0.063671875
0 0.773046875 0.83671875 0.06484375 0.069140625
0 0.785546875 0.778125 0.070703125 0.061328125
0 0.894921875 0.86015625 0.055859375 0.08125
0 0.80859375 0.876171875 0.05078125 0.0765625
0 0.856640625 0.882421875 0.051171875 0.07734375
0 0.83125 0.754296875 0.053515625 0.078515625
0 0.885546875 0.79375 0.078515625 0.064453125
0 0.8984375 0.749609375 0.059375 0.09921875
0 0.9484375 0.769921875 0.05703125 0.087890625
0 0.9890625 0.721875 0.021875 0.05390625
0 0.937109375 0.665625 0.091015625 0.056640625
0 0.991796875 0.57890625 0.01640625 0.062109375
0 0.975390625 0.803515625 0.04921875 0.10078125
0 0.813671875 0.815625 0.045703125 0.061328125
0 0.8515625 0.826171875 0.051171875 0.073828125