0 0.5140625 0.094921875 0.074609375 0.059375
0 0.47421875 0.1125 0.064453125 0.059375
0 0.44453125 0.149609375 0.052734375 0.07734375
0 0.6375 0.12578125 0.06171875 0.043359375
0 0.730078125 0.180078125 0.059375 0.06640625
0 0.815625 0.211328125 0.087109375 0.062890625
0 0.530078125 0.2265625 0.042578125 0.066015625
0 0.247265625 0.307421875 0.067578125 0.0671875
0 0.79765625 0.84921875 0.053125 0.06953125
0 0.59609375 0.8703125 0.069140625 0.056640625
0 0.68984375 0.884375 0.06328125 0.06484375
0 0.160546875 0.828515625 0.0578125 0.0765625
0 0.198046875 0.8296875 0.045703125 0.0625
0 0.22265625 0.848046875 0.047265625 0.063671875
0 0.251171875 0.87578125 0.05625 0.0609375
0 0.14296875 0.87578125 0.054296875 0.0625
0 0.19296875 0.883984375 0.073828125 0.0484375
0 0.07734375 0.611328125 0.086328125 0.050390625
0 0.076171875 0.10546875 0.0625 0.057421875
0 0.0390625 0.127734375 0.056640625 0.072265625
0 0.01640625 0.134765625 0.0328125 0.05546875
0 0.069921875 0.1890625 0.059375 0.077734375
0 0.025390625 0.187890625 0.05078125 0.07578125