0 0.13125 0.868359375 0.058984375 0.030859375
0 0.09609375 0.704296875 0.084765625 0.0828125
0 0.54375 0.898828125 0.076953125 0.051953125
0 0.574609375 0.86875 0.06484375 0.053515625
0 0.6046875 0.9015625 0.051171875 0.045703125
0 0.629296875 0.85234375 0.057421875 0.0734375
0 0.646875 0.896875 0.04765625 0.076171875
0 0.68359375 0.891796875 0.06171875 0.074609375
0 0.72109375 0.901953125 0.04765625 0.063671875
0 0.723828125 0.850390625 0.053125 0.0796875
0 0.762890625 0.90234375 0.050390625 0.06484375
0 0.7625 0.840625 0.052734375 0.070703125
0 0.796484375 0.83359375 0.08515625 0.055859375
0 0.809375 0.79453125 0.090625 0.05234375
0 0.7984375 0.8875 0.066796875 0.05859375
0 0.823046875 0.9015625 0.044921875 0.073828125
0 0.8609375 0.8953125 0.0421875 0.06796875
0 0.8546875 0.837109375 0.062109375 0.061328125
0 0.881640625 0.852734375 0.041796875 0.06875
0 0.899609375 0.90703125 0.061328125 0.0484375
0 0.944140625 0.910546875 0.055078125 0.055859375
0 0.9203125 0.85703125 0.0453125 0.07421875
0 0.92265625 0.810546875 0.068359375 0.076953125
0 0.96796875 0.800390625 0.052734375 0.07578125
0 0.9625 0.872265625 0.05390625 0.06640625
0 0.98046875 0.905859375 0.0390625 0.06171875
0 0.990234375 0.855859375 0.01953125 0.05078125
0 0.666796875 0.787890625 0.05078125 0.0703125
0 0.971484375 0.6578125 0.05703125 0.07890625
0 0.98359375 0.278125 0.0328125 0.06875
0 0.73046875 0.147265625 0.088671875 0.062890625
0 0.746875 0.094921875 0.0703125 0.06953125
0 0.69140625 0.084765625 0.052734375 0.080078125
0 0.65 0.075 0.04921875 0.0640625
0 0.628515625 0.125390625 0.076953125 0.05390625
0 0.6078125 0.08125 0.059375 0.064453125
0 0.566015625 0.061328125 0.0578125 0.041796875
0 0.54921875 0.102734375 0.0796875 0.0515625
0 0.5125 0.083984375 0.052734375 0.080078125
0 0.451953125 0.09765625 0.07421875 0.06328125
0 0.40078125 0.075 0.077734375 0.062109375
0 0.389453125 0.140625 0.090234375 0.05625
0 0.305078125 0.085546875 0.058984375 0.074609375
0 0.254296875 0.090234375 0.04765625 0.10234375
0 0.266796875 0.058203125 0.069140625 0.04453125
0 0.2078125 0.075 0.053515625 0.056640625
0 0.199609375 0.121875 0.073828125 0.080078125
0 0.170703125 0.076171875 0.05390625 0.04765625
0 0.143359375 0.109375 0.05703125 0.0890625
0 0.088671875 0.087890625 0.068359375 0.05546875
0 0.065234375 0.1390625 0.073828125 0.0828125
0 0.0421875 0.075 0.081640625 0.049609375
0 0.02421875 0.10078125 0.0484375 0.048828125