0 0.169921875 0.535546875 0.05078125 0.071484375
0 0.333203125 0.551171875 0.058203125 0.075
0 0.260546875 0.6078125 0.069921875 0.0640625
0 0.182421875 0.79140625 0.049609375 0.08203125
0 0.272265625 0.889453125 0.057421875 0.0734375
0 0.3328125 0.899609375 0.066796875 0.0578125
0 0.378125 0.855859375 0.051171875 0.077734375
0 0.464453125 0.83984375 0.048046875 0.0734375
0 0.424609375 0.891796875 0.0546875 0.063671875
0 0.5453125 0.6890625 0.049609375 0.072265625
0 0.57109375 0.579296875 0.068359375 0.069140625
0 0.811328125 0.774609375 0.05625 0.06171875