0 0.021875 0.912109375 0.04375 0.06640625
0 0.057421875 0.91640625 0.0734375 0.0734375
0 0.0359375 0.851953125 0.071875 0.05390625
0 0.2125 0.8515625 0.05078125 0.0703125
0 0.08515625 0.546875 0.0578125 0.06171875
0 0.034765625 0.491015625 0.06953125 0.05546875
0 0.419921875 0.636328125 0.058203125 0.0546875
0 0.4359375 0.769921875 0.0671875 0.0609375
0 0.525390625 0.741015625 0.0703125 0.04765625
0 0.5625 0.89765625 0.057421875 0.06328125
0 0.680078125 0.903515625 0.0609375 0.07578125
0 0.5265625 0.894140625 0.053515625 0.072265625
0 0.90625 0.845703125 0.053515625 0.07421875
0 0.757421875 0.6203125 0.05703125 0.0703125
0 0.841796875 0.570703125 0.05078125 0.0734375
0 0.934375 0.4265625 0.060546875 0.080859375
0 0.709765625 0.196484375 0.066015625 0.051953125