0 0.01875 0.110546875 0.0375 0.06328125
0 0.046484375 0.10859375 0.039453125 0.065625
0 0.0828125 0.1078125 0.0453125 0.051171875
0 0.063671875 0.147265625 0.058203125 0.066796875
0 0.128125 0.1015625 0.06796875 0.048046875
0 0.18125 0.108203125 0.065625 0.062109375
0 0.159765625 0.125390625 0.057421875 0.072265625
0 0.17109375 0.1875 0.067578125 0.0640625
0 0.11484375 0.155859375 0.05546875 0.0796875
0 0.228515625 0.1015625 0.0578125 0.0515625
0 0.228125 0.23359375 0.06953125 0.0640625
0 0.26875 0.100390625 0.039453125 0.044921875
0 0.296484375 0.102734375 0.04609375 0.062109375
0 0.328515625 0.093359375 0.048046875 0.047265625
0 0.378125 0.102734375 0.051171875 0.05
0 0.345703125 0.14453125 0.0546875 0.06875
0 0.274609375 0.155078125 0.042578125 0.07109375
0 0.23046875 0.148046875 0.059375 0.064453125
0 0.25078125 0.1828125 0.081640625 0.054296875
0 0.3078125 0.16015625 0.04453125 0.066015625
0 0.326953125 0.19765625 0.08203125 0.0546875
0 0.39140625 0.134765625 0.048828125 0.065234375
0 0.43046875 0.136328125 0.0453125 0.05859375
0 0.3984375 0.17734375 0.078515625 0.04453125
0 0.391796875 0.2203125 0.075 0.0609375
0 0.466015625 0.12421875 0.044921875 0.079296875
0 0.495703125 0.1375 0.05390625 0.079296875
0 0.513671875 0.112109375 0.05078125 0.065625
0 0.55078125 0.11484375 0.048828125 0.076953125
0 0.592578125 0.124609375 0.046484375 0.083984375
0 0.640625 0.105859375 0.06328125 0.0578125
0 0.72421875 0.109375 0.09140625 0.065234375
0 0.763671875 0.134375 0.06328125 0.091015625
0 0.171484375 0.83359375 0.061328125 0.07890625
0 0.321875 0.766015625 0.06484375 0.08203125
0 0.478125 0.7953125 0.077734375 0.06484375
0 0.2765625 0.8640625 0.078515625 0.067578125
0 0.241015625 0.839453125 0.074609375 0.068359375
0 0.059375 0.749609375 0.081640625 0.08125
0 0.12421875 0.66640625 0.067578125 0.08203125