0 0.97578125 0.396875 0.0484375 0.065625
0 0.886328125 0.354296875 0.05703125 0.0703125
0 0.675390625 0.213671875 0.0515625 0.073046875
0 0.6203125 0.21640625 0.06015625 0.061328125
0 0.55546875 0.226953125 0.086328125 0.05625
0 0.331640625 0.15234375 0.08125 0.0515625
0 0.22578125 0.105078125 0.07734375 0.058203125
0 0.17734375 0.0921875 0.051171875 0.0515625
0 0.080078125 0.109375 0.05546875 0.061328125
0 0.868359375 0.637109375 0.05546875 0.071484375
0 0.883984375 0.760546875 0.053515625 0.07265625
0 0.79296875 0.7703125 0.046875 0.073046875
0 0.673046875 0.870703125 0.05546875 0.07109375
0 0.569140625 0.812890625 0.08359375 0.05859375
0 0.45546875 0.531640625 0.049609375 0.078125
0 0.36015625 0.533203125 0.054296875 0.068359375
0 0.3546875 0.593359375 0.067578125 0.044140625
0 0.4046875 0.627734375 0.046484375 0.06953125
0 0.061328125 0.61015625 0.0609375 0.053125
0 0.3765625 0.8171875 0.070703125 0.04140625
0 0.233203125 0.737890625 0.061328125 0.0515625
0 0.215234375 0.69453125 0.05390625 0.05859375