0 0.930078125 0.66171875 0.076171875 0.066015625
0 0.951953125 0.70546875 0.072265625 0.047265625
0 0.762109375 0.72421875 0.051953125 0.07578125
0 0.81328125 0.76484375 0.051171875 0.07421875
0 0.85390625 0.775390625 0.080859375 0.071484375
0 0.97734375 0.194921875 0.0453125 0.059765625
0 0.911328125 0.2359375 0.06171875 0.07265625
0 0.980859375 0.289453125 0.03828125 0.07578125
0 0.885546875 0.337109375 0.07109375 0.068359375
0 0.607421875 0.295703125 0.082421875 0.06328125
0 0.638671875 0.38125 0.083984375 0.05703125
0 0.68671875 0.428125 0.073046875 0.06171875
0 0.295703125 0.422265625 0.09765625 0.091015625
0 0.384765625 0.512109375 0.086328125 0.053515625
0 0.561328125 0.494921875 0.055859375 0.084765625
0 0.533984375 0.630078125 0.06171875 0.0765625
0 0.544140625 0.880078125 0.078515625 0.059375
0 0.58828125 0.8515625 0.05859375 0.087890625
0 0.270703125 0.8578125 0.08515625 0.06640625
0 0.328125 0.692578125 0.0796875 0.079296875
0 0.4421875 0.739453125 0.0890625 0.059765625
0 0.443359375 0.71015625 0.08671875 0.081640625
0 0.518359375 0.687890625 0.074609375 0.068359375
0 0.4109375 0.759375 0.068359375 0.053125
0 0.337890625 0.7703125 0.080859375 0.061328125
0 0.307421875 0.8125 0.064453125 0.0734375
0 0.355859375 0.82734375 0.087109375 0.060546875
0 0.607421875 0.739453125 0.050390625 0.082421875
0 0.646875 0.737890625 0.055078125 0.06875
0 0.6453125 0.7875 0.07265625 0.062109375
0 0.7515625 0.794921875 0.057421875 0.065625
0 0.81875 0.844921875 0.082421875 0.05546875
0 0.682421875 0.8296875 0.059375 0.05859375
0 0.917578125 0.783203125 0.051171875 0.064453125
0 0.975 0.80390625 0.049609375 0.05625
0 0.983203125 0.84609375 0.033203125 0.05390625
0 0.94296875 0.869921875 0.069140625 0.059765625
0 0.9375 0.81328125 0.0609375 0.062109375
0 0.646484375 0.848046875 0.059765625 0.065234375