0 0.913671875 0.779296875 0.071484375 0.058203125
0 0.683984375 0.819140625 0.05390625 0.0828125
0 0.623828125 0.789453125 0.06015625 0.0703125
0 0.428125 0.821875 0.050390625 0.0796875
0 0.44375 0.701953125 0.04296875 0.07734375
0 0.755078125 0.58828125 0.078125 0.05078125
0 0.78671875 0.631640625 0.04921875 0.083203125
0 0.733203125 0.651953125 0.05 0.07734375
0 0.68125 0.628125 0.083203125 0.053515625
0 0.259375 0.744140625 0.05546875 0.083203125
0 0.169921875 0.76640625 0.048828125 0.066015625
0 0.168359375 0.71484375 0.058203125 0.05390625
0 0.197265625 0.6734375 0.061328125 0.055078125
0 0.073828125 0.641015625 0.068359375 0.046875
0 0.062109375 0.57890625 0.06015625 0.063671875
0 0.01484375 0.445703125 0.0296875 0.08515625
0 0.091015625 0.463671875 0.0734375 0.06015625
0 0.0171875 0.35625 0.034375 0.084375
0 0.364453125 0.468359375 0.078515625 0.058984375
0 0.449609375 0.44375 0.05703125 0.066015625
0 0.40390625 0.413671875 0.05390625 0.064453125
0 0.3515625 0.412890625 0.0515625 0.0671875
0 0.1515625 0.38671875 0.065625 0.052734375
0 0.223046875 0.371484375 0.0671875 0.051171875
0 0.2359375 0.415625 0.077734375 0.063671875
0 0.00546875 0.247265625 0.0109375 0.02578125
0 0.072265625 0.288671875 0.06171875 0.069140625
0 0.39296875 0.3484375 0.048828125 0.071484375
0 0.4328125 0.351171875 0.044140625 0.07578125
0 0.607421875 0.318359375 0.05546875 0.087109375
0 0.4421875 0.27734375 0.0640625 0.0734375
0 0.35 0.268359375 0.068359375 0.057421875
0 0.200390625 0.2640625 0.0734375 0.051953125
0 0.00703125 0.18203125 0.0140625 0.048046875
0 0.0109375 0.0796875 0.021875 0.040625
0 0.02890625 0.184375 0.03671875 0.063671875
0 0.073828125 0.21484375 0.054296875 0.04296875
0 0.122265625 0.21875 0.0609375 0.0671875
0 0.180078125 0.215234375 0.061328125 0.0609375
0 0.05234375 0.084765625 0.039453125 0.042578125
0 0.052734375 0.116796875 0.044140625 0.048046875
0 0.01640625 0.110546875 0.0328125 0.04296875
0 0.0171875 0.142578125 0.034375 0.04140625
0 0.05234375 0.1609375 0.04609375 0.06171875
0 0.084375 0.153515625 0.03515625 0.05390625
0 0.10703125 0.176171875 0.040625 0.050390625
0 0.093359375 0.081640625 0.04140625 0.04765625
0 0.090234375 0.119921875 0.04140625 0.0421875
0 0.1296875 0.080078125 0.045703125 0.034375
0 0.1328125 0.148828125 0.04765625 0.051953125
0 0.165625 0.172265625 0.0484375 0.053515625
0 0.2140625 0.21171875 0.0578125 0.06796875
0 0.28046875 0.2546875 0.059765625 0.043359375
0 0.2671875 0.21171875 0.063671875 0.049609375
0 0.314453125 0.224609375 0.0484375 0.065234375
0 0.242578125 0.187109375 0.044140625 0.068359375
0 0.28203125 0.16640625 0.055078125 0.04921875
0 0.290625 0.133984375 0.0640625 0.054296875
0 0.17890625 0.130078125 0.03984375 0.0484375
0 0.125 0.108984375 0.0328125 0.04296875
0 0.15078125 0.105078125 0.04140625 0.07421875
0 0.190625 0.091796875 0.04140625 0.046484375
0 0.23046875 0.0890625 0.0515625 0.0453125
0 0.208984375 0.161328125 0.043359375 0.05546875
0 0.217578125 0.12890625 0.04765625 0.04921875
0 0.248046875 0.1265625 0.050390625 0.059765625
0 0.28046875 0.096875 0.052734375 0.051953125
0 0.33984375 0.103125 0.048828125 0.065625
0 0.3546875 0.1890625 0.059765625 0.0484375
0 0.36484375 0.14765625 0.05390625 0.043359375
0 0.384375 0.205859375 0.042578125 0.066015625
0 0.409765625 0.19375 0.04765625 0.071484375
0 0.366015625 0.1 0.044140625 0.05703125
0 0.392578125 0.136328125 0.038671875 0.056640625
0 0.41015625 0.092578125 0.044140625 0.04453125
0 0.422265625 0.15390625 0.0421875 0.066796875
0 0.472265625 0.21328125 0.0640625 0.0578125
0 0.425 0.114453125 0.046484375 0.05078125
0 0.45 0.089453125 0.043359375 0.04453125
0 0.456640625 0.121875 0.0421875 0.0484375
0 0.462109375 0.16875 0.04375 0.056640625
0 0.499609375 0.18515625 0.047265625 0.06953125
0 0.49296875 0.090234375 0.044140625 0.03828125
0 0.49296875 0.12578125 0.044140625 0.043359375
0 0.5203125 0.139453125 0.041015625 0.059765625
0 0.528515625 0.194921875 0.037890625 0.060546875
0 0.5625 0.210546875 0.0453125 0.0859375
0 0.553125 0.13984375 0.044921875 0.059375
0 0.582421875 0.1859375 0.052734375 0.060546875
0 0.535546875 0.09375 0.043359375 0.04921875
0 0.564453125 0.111328125 0.0390625 0.06953125
0 0.594140625 0.138671875 0.03984375 0.0640625
0 0.594140625 0.094921875 0.044140625 0.051953125
0 0.630859375 0.18515625 0.0640625 0.066796875
0 0.666796875 0.22265625 0.05390625 0.06953125
0 0.63984375 0.140234375 0.06484375 0.0484375
0 0.636328125 0.101171875 0.055859375 0.059375
0 0.66796875 0.101171875 0.040234375 0.066015625
0 0.680859375 0.13828125 0.04375 0.073046875
0 0.70234375 0.165625 0.03984375 0.0671875
0 0.737109375 0.199609375 0.069921875 0.04921875
0 0.76484375 0.23203125 0.0703125 0.055859375
0 0.70625 0.101171875 0.0390625 0.068359375
0 0.746484375 0.096875 0.053515625 0.041796875
0 0.737109375 0.142578125 0.04609375 0.0671875
0 0.76171875 0.16640625 0.041015625 0.075390625
0 0.80390625 0.20078125 0.0453125 0.07578125
0 0.77890625 0.141015625 0.044140625 0.066015625
0 0.8015625 0.094921875 0.061328125 0.046484375
0 0.815234375 0.130078125 0.04765625 0.073046875
0 0.843359375 0.1671875 0.042578125 0.073046875
0 0.848046875 0.098046875 0.062890625 0.050390625
0 0.868359375 0.143359375 0.055078125 0.06171875
0 0.89296875 0.103515625 0.053515625 0.053515625
0 0.92421875 0.115625 0.06015625 0.06796875
0 0.9734375 0.1015625 0.053125 0.0453125
0 0.9625 0.133203125 0.062109375 0.046484375
0 0.969140625 0.169140625 0.061328125 0.058984375