0 0.96796875 0.266015625 0.0640625 0.065234375
0 0.933984375 0.209765625 0.052734375 0.08046875
0 0.978515625 0.212109375 0.04296875 0.059375
0 0.97421875 0.0765625 0.0515625 0.085546875
0 0.943359375 0.0578125 0.062890625 0.059765625
0 0.982421875 0.141796875 0.03515625 0.09140625
0 0.871875 0.14765625 0.07421875 0.073828125
0 0.93046875 0.153515625 0.072265625 0.0515625
0 0.933984375 0.1046875 0.08125 0.048046875
0 0.89453125 0.06875 0.0640625 0.05390625
0 0.87109375 0.056640625 0.062890625 0.053125
0 0.819921875 0.075 0.058984375 0.085546875
0 0.85 0.105859375 0.06796875 0.088671875
0 0.708203125 0.100390625 0.060546875 0.080859375
0 0.785546875 0.123046875 0.074609375 0.10703125
0 0.762109375 0.066796875 0.092578125 0.058203125
0 0.389453125 0.08984375 0.06328125 0.08984375
0 0.65546875 0.083984375 0.06640625 0.09296875
0 0.564453125 0.12109375 0.06953125 0.07734375
0 0.4609375 0.13046875 0.06015625 0.083984375
0 0.484375 0.196875 0.059765625 0.080078125
0 0.510546875 0.148046875 0.05859375 0.0859375
0 0.50703125 0.07421875 0.090234375 0.066796875
0 0.595703125 0.06484375 0.075 0.0578125
0 0.614453125 0.115625 0.05859375 0.087109375
0 0.40625 0.31484375 0.08359375 0.067578125
0 0.023828125 0.0765625 0.04765625 0.06875
0 0.065625 0.088671875 0.078515625 0.0890625
0 0.1296875 0.070703125 0.070703125 0.065625
0 0.188671875 0.075 0.0734375 0.07421875
0 0.05390625 0.17734375 0.087109375 0.10078125
0 0.0140625 0.15859375 0.028125 0.10859375
0 0.027734375 0.26328125 0.05546875 0.071875
0 0.17265625 0.23515625 0.0953125 0.0984375
0 0.1578125 0.155859375 0.06640625 0.081640625
0 0.301953125 0.248046875 0.060546875 0.094921875
0 0.2484375 0.13828125 0.075390625 0.068359375
0 0.260546875 0.08046875 0.082421875 0.061328125
0 0.233203125 0.29296875 0.0703125 0.071875
0 0.529296875 0.5140625 0.090625 0.06484375
0 0.508203125 0.62265625 0.1046875 0.085546875
0 0.565234375 0.68359375 0.0921875 0.072265625
0 0.228125 0.531640625 0.092578125 0.0703125
0 0.064453125 0.6421875 0.0859375 0.084765625
0 0.07890625 0.7390625 0.110546875 0.109765625
0 0.288671875 0.830859375 0.0921875 0.065234375
0 0.183984375 0.859765625 0.06640625 0.052734375
0 0.25625 0.869140625 0.07109375 0.0453125
0 0.51796875 0.8515625 0.058984375 0.083984375
0 0.607421875 0.8625 0.07890625 0.06875