0 0.78046875 0.1421875 0.0671875 0.081640625
0 0.643359375 0.118359375 0.0671875 0.07109375
0 0.18828125 0.148828125 0.0921875 0.075
0 0.034765625 0.12109375 0.066015625 0.08203125
0 0.165625 0.253515625 0.07265625 0.077734375
0 0.08359375 0.27265625 0.0875 0.059765625
0 0.399609375 0.241015625 0.06953125 0.0921875
0 0.756640625 0.221875 0.06953125 0.078515625
0 0.7296875 0.260546875 0.081640625 0.052734375
0 0.771484375 0.290234375 0.0578125 0.08125
0 0.84609375 0.3203125 0.08828125 0.058984375
0 0.6890625 0.377734375 0.076171875 0.070703125
0 0.551171875 0.365625 0.056640625 0.08515625
0 0.626171875 0.416015625 0.075 0.058984375
0 0.798828125 0.66328125 0.075 0.087109375
0 0.126953125 0.417578125 0.069140625 0.076171875
0 0.026171875 0.471484375 0.05234375 0.06484375
0 0.034375 0.546484375 0.06875 0.07109375
0 0.225 0.4734375 0.0828125 0.07265625
0 0.149609375 0.7109375 0.05703125 0.093359375
0 0.069140625 0.755859375 0.066796875 0.08515625
0 0.07421875 0.875 0.070703125 0.0484375
0 0.30078125 0.916015625 0.059765625 0.083203125
0 0.408203125 0.901171875 0.06796875 0.065234375
0 0.446875 0.799609375 0.060546875 0.084765625
0 0.50234375 0.766796875 0.066015625 0.073828125
0 0.508203125 0.68046875 0.07734375 0.062890625
0 0.35703125 0.5890625 0.060546875 0.083203125
0 0.648828125 0.8484375 0.0765625 0.06640625
0 0.781640625 0.887890625 0.06796875 0.029296875
0 0.897265625 0.880078125 0.065625 0.044921875
0 0.954296875 0.872265625 0.083984375 0.04609375