0 0.08515625 0.896875 0.08828125 0.069921875
0 0.469921875 0.746484375 0.1 0.07109375
0 0.62109375 0.77890625 0.08359375 0.068359375
0 0.967578125 0.57578125 0.06484375 0.0609375
0 0.533203125 0.337109375 0.069140625 0.075390625
0 0.80546875 0.1984375 0.076953125 0.081640625
0 0.672265625 0.116796875 0.07265625 0.065625
0 0.164453125 0.312890625 0.10390625 0.06875
0 0.1671875 0.252734375 0.114453125 0.043359375
0 0.226953125 0.116015625 0.054296875 0.082421875
0 0.279296875 0.132421875 0.065234375 0.070703125
0 0.355078125 0.1640625 0.0640625 0.06484375
0 0.38828125 0.13515625 0.07265625 0.0625
0 0.40234375 0.098828125 0.081640625 0.04921875
0 0.434375 0.080859375 0.061328125 0.073828125
0 0.490234375 0.204296875 0.05625 0.073828125
0 0.501171875 0.15234375 0.050390625 0.073046875
0 0.529296875 0.137890625 0.043359375 0.08125
0 0.566796875 0.150390625 0.06015625 0.076953125
0 0.5921875 0.1875 0.065234375 0.05703125