0 0.015625 0.175390625 0.03125 0.05234375
0 0.015625 0.13671875 0.03125 0.0359375
0 0.01171875 0.108203125 0.0234375 0.03515625
0 0.03359375 0.212109375 0.055078125 0.08125
0 0.109375 0.667578125 0.0546875 0.057421875
0 0.37890625 0.82890625 0.0546875 0.076171875
0 0.491015625 0.809375 0.069921875 0.058203125
0 0.525390625 0.748828125 0.109765625 0.059375
0 0.5765625 0.783203125 0.0734375 0.04921875
0 0.6828125 0.792578125 0.087109375 0.05859375
0 0.76171875 0.87734375 0.075 0.05546875
0 0.856640625 0.880859375 0.08125 0.070703125
0 0.853515625 0.74453125 0.08359375 0.053125
0 0.920703125 0.91015625 0.064453125 0.0828125
0 0.93203125 0.867578125 0.0484375 0.069921875
0 0.97265625 0.880859375 0.053125 0.07578125
0 0.994921875 0.793359375 0.01015625 0.0421875
0 0.996875 0.85546875 0.00625 0.04296875
0 0.922265625 0.22109375 0.0609375 0.06328125
0 0.871875 0.16015625 0.07578125 0.05859375
0 0.771484375 0.18203125 0.07109375 0.062890625
0 0.574609375 0.32421875 0.0546875 0.0734375