0 0.03046875 0.10546875 0.0609375 0.088671875
0 0.030859375 0.162109375 0.061328125 0.094140625
0 0.090625 0.083203125 0.067578125 0.073828125
0 0.159375 0.090625 0.0796875 0.080078125
0 0.105859375 0.10390625 0.070703125 0.06875
0 0.121875 0.146875 0.079296875 0.05078125
0 0.176171875 0.15625 0.058203125 0.080859375
0 0.1296875 0.187109375 0.068359375 0.062109375
0 0.141015625 0.24921875 0.062890625 0.083984375
0 0.2359375 0.221484375 0.076953125 0.061328125
0 0.124609375 0.4078125 0.06484375 0.078125
0 0.414453125 0.804296875 0.075390625 0.069921875
0 0.987890625 0.74453125 0.023828125 0.072265625
0 0.754296875 0.746484375 0.0671875 0.072265625
0 0.904296875 0.791796875 0.078125 0.065625
0 0.963671875 0.819921875 0.059375 0.06796875
0 0.987109375 0.839453125 0.02578125 0.0484375
0 0.951171875 0.8640625 0.06640625 0.065625
0 0.880859375 0.853515625 0.081640625 0.066796875
0 0.794140625 0.89140625 0.05546875 0.078515625
0 0.85 0.906640625 0.059375 0.091796875
0 0.89375 0.90390625 0.048046875 0.072265625
0 0.9375 0.8984375 0.0609375 0.07734375
0 0.977734375 0.915625 0.04453125 0.0578125
0 0.9875 0.87734375 0.025 0.037109375
0 0.668359375 0.675390625 0.076171875 0.075
0 0.773046875 0.521875 0.11015625 0.06328125
0 0.919921875 0.090625 0.085546875 0.07265625
0 0.98828125 0.1078125 0.0234375 0.090625
0 0.876171875 0.153125 0.075390625 0.0796875
0 0.43359375 0.258984375 0.06484375 0.085546875
0 0.458203125 0.1328125 0.0578125 0.091015625
0 0.51953125 0.10625 0.070703125 0.075390625
0 0.503515625 0.148828125 0.075390625 0.0703125
0 0.425 0.09765625 0.053515625 0.080859375
0 0.46015625 0.08046875 0.066796875 0.0578125