0 0.78828125 0.73046875 0.08203125 0.055859375
0 0.815234375 0.7875 0.071484375 0.063671875
0 0.898828125 0.425390625 0.056640625 0.071484375
0 0.76796875 0.3671875 0.0640625 0.088671875
0 0.82890625 0.3765625 0.0515625 0.071484375
0 0.823046875 0.2921875 0.084375 0.065625
0 0.709765625 0.0796875 0.0484375 0.069921875
0 0.74140625 0.06640625 0.04296875 0.06484375
0 0.598828125 0.18828125 0.072265625 0.062109375
0 0.65546875 0.202734375 0.059765625 0.068359375
0 0.446875 0.26015625 0.065234375 0.055078125
0 0.36953125 0.1046875 0.05625 0.072265625
0 0.401171875 0.09609375 0.062890625 0.060546875
0 0.416796875 0.0625 0.06953125 0.046484375
0 0.3484375 0.15 0.075390625 0.05234375
0 0.3796875 0.20546875 0.07265625 0.056640625
0 0.3828125 0.359765625 0.072265625 0.045703125
0 0.3765625 0.39296875 0.0890625 0.047265625
0 0.26171875 0.882421875 0.065625 0.083203125
0 0.937890625 0.123828125 0.0390625 0.07265625
0 0.90859375 0.155859375 0.07109375 0.04921875
0 0.878125 0.176953125 0.06953125 0.043359375
0 0.9484375 0.19609375 0.04921875 0.067578125
0 0.880078125 0.225 0.05 0.066015625
0 0.119921875 0.080078125 0.059765625 0.04609375
0 0.1640625 0.082421875 0.03984375 0.0421875
0 0.19921875 0.08984375 0.04609375 0.058984375
0 0.19296875 0.122265625 0.05625 0.044140625
0 0.09296875 0.121484375 0.03046875 0.048828125
0 0.084765625 0.157421875 0.026171875 0.03671875
0 0.0890625 0.21796875 0.0421875 0.05546875
0 0.095703125 0.2015625 0.03828125 0.057421875
0 0.117578125 0.189453125 0.042578125 0.0546875
0 0.1359375 0.161328125 0.048828125 0.049609375
0 0.1125 0.140625 0.048046875 0.066796875
0 0.0921875 0.33125 0.05234375 0.05546875
0 0.22265625 0.273046875 0.053125 0.065625
0 0.088671875 0.370703125 0.05546875 0.055859375
0 0.12890625 0.412890625 0.090625 0.055859375
0 0.084375 0.419140625 0.052734375 0.050390625
0 0.205859375 0.651171875 0.088671875 0.0546875
0 0.085546875 0.55859375 0.04375 0.049609375
0 0.13828125 0.568359375 0.086328125 0.05234375
0 0.0890625 0.5984375 0.0765625 0.046875
0 0.0859375 0.634375 0.039453125 0.043359375
0 0.10703125 0.63984375 0.050390625 0.042578125
0 0.134375 0.644921875 0.065625 0.04765625
0 0.191796875 0.892578125 0.05859375 0.04453125
0 0.15859375 0.8859375 0.04609375 0.048828125
0 0.131640625 0.884765625 0.046484375 0.04296875
0 0.108984375 0.8515625 0.059765625 0.053515625
0 0.11640625 0.825 0.065625 0.03125
0 0.11171875 0.79609375 0.09140625 0.041015625
0 0.160546875 0.778515625 0.0625 0.05546875
0 0.09296875 0.738671875 0.06171875 0.052734375
0 0.112109375 0.761328125 0.065234375 0.041015625
0 0.13125 0.724609375 0.06796875 0.047265625
0 0.08359375 0.67265625 0.0328125 0.039453125
0 0.125390625 0.675 0.0671875 0.041015625
0 0.11328125 0.691796875 0.051953125 0.0265625
0 0.09296875 0.70859375 0.0421875 0.037109375
0 0.97578125 0.123828125 0.0484375 0.0546875
0 0.968359375 0.16015625 0.06328125 0.048046875
0 0.15078125 0.1140625 0.048046875 0.0515625
0 0.18046875 0.15703125 0.058203125 0.05390625
0 0.102734375 0.10078125 0.0484375 0.0578125