0 0.31171875 0.1390625 0.093359375 0.058984375
0 0.312890625 0.08515625 0.07890625 0.060546875
0 0.2765625 0.06640625 0.0671875 0.05859375
0 0.22421875 0.066015625 0.05078125 0.07890625
0 0.232421875 0.131640625 0.06171875 0.079296875
0 0.09765625 0.0453125 0.0578125 0.08515625
0 0.156640625 0.123828125 0.044921875 0.096484375
0 0.194921875 0.1203125 0.041796875 0.083984375
0 0.18359375 0.066796875 0.06015625 0.049609375
0 0.1515625 0.055078125 0.062890625 0.05703125
0 0.13046875 0.109375 0.035546875 0.08515625
0 0.093359375 0.096875 0.065234375 0.0859375
0 0.046484375 0.078125 0.04765625 0.0578125
0 0.05859375 0.139453125 0.0765625 0.071875
0 0.034375 0.173828125 0.053125 0.053515625
0 0.018359375 0.151171875 0.03671875 0.05234375
0 0.01640625 0.126953125 0.0328125 0.034765625
0 0.1453125 0.341015625 0.08359375 0.06875
0 0.95859375 0.727734375 0.0640625 0.085546875
0 0.770703125 0.672265625 0.0734375 0.087890625
0 0.7875 0.492578125 0.073828125 0.058984375
0 0.861328125 0.2359375 0.07890625 0.0640625
0 0.701953125 0.08359375 0.073046875 0.065625
0 0.923828125 0.06953125 0.0546875 0.0890625
0 0.879296875 0.076171875 0.05703125 0.087890625
0 0.81015625 0.062109375 0.08671875 0.051171875
0 0.80078125 0.08671875 0.0890625 0.033203125
0 0.762890625 0.12265625 0.069140625 0.067578125
0 0.825390625 0.129296875 0.0703125 0.06171875
0 0.39140625 0.099609375 0.0578125 0.098828125