0 0.980859375 0.641015625 0.03828125 0.053515625
0 0.985546875 0.503515625 0.02890625 0.04921875
0 0.972265625 0.4015625 0.05546875 0.075
0 0.65390625 0.275 0.0515625 0.069140625
0 0.514453125 0.118359375 0.064453125 0.0609375
0 0.337109375 0.438671875 0.07265625 0.075390625
0 0.88203125 0.67109375 0.07734375 0.048046875
0 0.88828125 0.5984375 0.07265625 0.0671875
0 0.71796875 0.846484375 0.047265625 0.077734375
0 0.7265625 0.891796875 0.05546875 0.05703125
0 0.608984375 0.83671875 0.046875 0.079296875
0 0.058203125 0.547265625 0.0609375 0.076953125
0 0.063671875 0.61328125 0.08125 0.055078125
0 0.151953125 0.662109375 0.07421875 0.06328125
0 0.32265625 0.597265625 0.054296875 0.071484375
0 0.386328125 0.589453125 0.059375 0.055859375
0 0.37265625 0.676171875 0.071875 0.055859375
0 0.291015625 0.666796875 0.04765625 0.074609375
0 0.209375 0.7640625 0.066796875 0.073828125
0 0.169921875 0.805078125 0.071875 0.05546875
0 0.063671875 0.8203125 0.0921875 0.059765625
0 0.105859375 0.703125 0.078515625 0.051171875