0 0.708203125 0.096875 0.072265625 0.039453125
0 0.6953125 0.12890625 0.065625 0.06015625
0 0.434375 0.178125 0.06328125 0.0625
0 0.4984375 0.215625 0.047265625 0.080078125
0 0.632421875 0.35 0.06953125 0.058203125
0 0.3921875 0.34609375 0.0546875 0.0703125
0 0.321875 0.501171875 0.0703125 0.051953125
0 0.37265625 0.509765625 0.048828125 0.07109375
0 0.42734375 0.513671875 0.0421875 0.069140625
0 0.504296875 0.56328125 0.079296875 0.046484375
0 0.598828125 0.766796875 0.049609375 0.067578125
0 0.696875 0.73671875 0.054296875 0.066796875
0 0.375390625 0.861328125 0.05078125 0.06015625
0 0.4203125 0.8671875 0.052734375 0.07421875
0 0.29453125 0.73671875 0.051171875 0.079296875
0 0.290625 0.64765625 0.07421875 0.051171875
0 0.166015625 0.449609375 0.0765625 0.045703125
0 0.070703125 0.59453125 0.077734375 0.065234375
0 0.026171875 0.753125 0.05234375 0.05625
0 0.022265625 0.660546875 0.04453125 0.068359375
0 0.028125 0.851953125 0.05625 0.05234375
0 0.519140625 0.775 0.049609375 0.072265625
0 0.9875 0.74453125 0.025 0.059375
0 0.991015625 0.821875 0.01796875 0.0453125