0 0.1359375 0.1734375 0.071484375 0.092578125
0 0.13984375 0.2515625 0.07734375 0.06484375
0 0.295703125 0.573046875 0.09453125 0.05546875
0 0.282421875 0.647265625 0.058203125 0.084765625
0 0.3734375 0.77265625 0.0671875 0.0625
0 0.075390625 0.846875 0.08046875 0.06484375
0 0.01953125 0.852734375 0.0390625 0.08046875
0 0.182421875 0.878125 0.066015625 0.06640625
0 0.335546875 0.805078125 0.0765625 0.0453125
0 0.355078125 0.83984375 0.076953125 0.058203125
0 0.33828125 0.887109375 0.076953125 0.057421875
0 0.6453125 0.79921875 0.05703125 0.089453125
0 0.45 0.659765625 0.064453125 0.0890625
0 0.59140625 0.52890625 0.082421875 0.0546875
0 0.753125 0.5625 0.084375 0.050390625
0 0.81015625 0.61328125 0.06953125 0.061328125
0 0.7390625 0.619921875 0.089453125 0.059765625
0 0.71796875 0.583984375 0.06015625 0.04453125
0 0.746484375 0.346875 0.065234375 0.078515625