0 0.619921875 0.872265625 0.06171875 0.082421875
0 0.673828125 0.758203125 0.072265625 0.079296875
0 0.388671875 0.83671875 0.080078125 0.068359375
0 0.410546875 0.85859375 0.075 0.076953125
0 0.089453125 0.77265625 0.08515625 0.066796875
0 0.23359375 0.737890625 0.065625 0.084375
0 0.021875 0.64453125 0.04375 0.0796875
0 0.035546875 0.185546875 0.07109375 0.11328125
0 0.510546875 0.126171875 0.06640625 0.06015625
0 0.38828125 0.416015625 0.076171875 0.060546875
0 0.029296875 0.394921875 0.05859375 0.08359375
0 0.078125 0.39453125 0.059375 0.08828125
0 0.2484375 0.40546875 0.063671875 0.07734375
0 0.11640625 0.481640625 0.097265625 0.054296875
0 0.159765625 0.55 0.084765625 0.0765625
0 0.084765625 0.61640625 0.07109375 0.094140625
0 0.0796875 0.7046875 0.0734375 0.055859375
0 0.099609375 0.87109375 0.054296875 0.028515625