0 0.94609375 0.6125 0.067578125 0.084765625
0 0.886328125 0.14296875 0.082421875 0.051953125
0 0.73125 0.15390625 0.05390625 0.073046875
0 0.461328125 0.149609375 0.050390625 0.06484375
0 0.208203125 0.270703125 0.05703125 0.0796875
0 0.1734375 0.279296875 0.043359375 0.062890625
0 0.197265625 0.331640625 0.052734375 0.084765625
0 0.7140625 0.274609375 0.073828125 0.0671875
0 0.03046875 0.452734375 0.0609375 0.04921875
0 0.23828125 0.77890625 0.0796875 0.062109375
0 0.35546875 0.8421875 0.05 0.080078125
0 0.51171875 0.7703125 0.08359375 0.05234375
0 0.93515625 0.83125 0.09375 0.059765625