0 0.95234375 0.171484375 0.049609375 0.07578125
0 0.926171875 0.227734375 0.071484375 0.072265625
0 0.896484375 0.16875 0.07578125 0.084375
0 0.930078125 0.378515625 0.05859375 0.084375
0 0.987109375 0.39453125 0.02578125 0.07890625
0 0.775 0.428515625 0.068359375 0.070703125
0 0.68203125 0.438671875 0.06875 0.0640625
0 0.64296875 0.41875 0.044140625 0.08046875
0 0.524609375 0.3984375 0.077734375 0.082421875
0 0.6921875 0.3875 0.06875 0.0609375
0 0.740234375 0.359375 0.06171875 0.057421875
0 0.753515625 0.320703125 0.06171875 0.061328125
0 0.76875 0.2921875 0.044140625 0.073046875
0 0.719921875 0.2828125 0.0703125 0.06328125
0 0.734375 0.243359375 0.059765625 0.05859375
0 0.6953125 0.324609375 0.0515625 0.061328125
0 0.665234375 0.358203125 0.069921875 0.05625
0 0.65859375 0.32265625 0.04453125 0.058984375
0 0.6140625 0.334375 0.06015625 0.065234375
0 0.947265625 0.53515625 0.07265625 0.061328125
0 0.9671875 0.51796875 0.065625 0.07734375
0 0.928515625 0.5671875 0.05234375 0.075390625
0 0.89375 0.5859375 0.059765625 0.07109375
0 0.81875 0.53984375 0.0671875 0.05703125
0 0.821484375 0.494921875 0.064453125 0.0734375
0 0.773828125 0.55 0.058984375 0.06796875
0 0.78515625 0.61015625 0.05703125 0.07421875
0 0.828125 0.62421875 0.051171875 0.06796875
0 0.87421875 0.633984375 0.053515625 0.080078125
0 0.91484375 0.62109375 0.076953125 0.05390625
0 0.95 0.64140625 0.0546875 0.05859375
0 0.9125 0.6984375 0.079296875 0.0453125
0 0.90546875 0.66875 0.066796875 0.049609375
0 0.97421875 0.656640625 0.0515625 0.07421875
0 0.97109375 0.7171875 0.055078125 0.059375
0 0.975 0.8140625 0.05 0.0515625
0 0.983984375 0.779296875 0.03203125 0.071484375
0 0.946875 0.729296875 0.039453125 0.065234375
0 0.888671875 0.71875 0.073046875 0.061328125
0 0.865234375 0.773046875 0.055078125 0.0703125
0 0.862109375 0.740234375 0.063671875 0.049609375
0 0.916796875 0.76015625 0.06171875 0.0578125
0 0.9421875 0.791796875 0.0640625 0.04609375
0 0.96953125 0.853125 0.0609375 0.056640625
0 0.914453125 0.834765625 0.08203125 0.05390625
0 0.87578125 0.8109375 0.069140625 0.0484375
0 0.82109375 0.79609375 0.062109375 0.0609375
0 0.973046875 0.90703125 0.05390625 0.059375
0 0.933203125 0.89140625 0.04765625 0.06875
0 0.89765625 0.87890625 0.05 0.0703125
0 0.841796875 0.913671875 0.076171875 0.04296875
0 0.86640625 0.879296875 0.0515625 0.052734375
0 0.84609375 0.8484375 0.0546875 0.062890625
0 0.790625 0.84765625 0.072265625 0.05
0 0.80625 0.888671875 0.05625 0.04921875
0 0.7703125 0.88046875 0.046875 0.070703125
0 0.7203125 0.904296875 0.0765625 0.058203125
0 0.62265625 0.887109375 0.053515625 0.09296875
0 0.765234375 0.812890625 0.046484375 0.07421875
0 0.78046875 0.75546875 0.0671875 0.0640625
0 0.735546875 0.762890625 0.058984375 0.06640625
0 0.68125 0.761328125 0.05234375 0.085546875
0 0.719921875 0.705859375 0.078515625 0.048046875
0 0.7703125 0.6796875 0.062109375 0.053515625
0 0.78203125 0.646875 0.063671875 0.03203125
0 0.738671875 0.65234375 0.04296875 0.06484375
0 0.73125 0.603515625 0.0515625 0.060546875
0 0.6953125 0.58125 0.05234375 0.076953125
0 0.655078125 0.596484375 0.043359375 0.0546875
0 0.6671875 0.557421875 0.052734375 0.049609375
0 0.69296875 0.65390625 0.0453125 0.083203125
0 0.646484375 0.63828125 0.055859375 0.053125
0 0.600390625 0.66875 0.049609375 0.070703125
0 0.560546875 0.669140625 0.0546875 0.0828125
0 0.515234375 0.66875 0.075390625 0.053515625
0 0.4984375 0.639453125 0.074609375 0.057421875
0 0.467578125 0.680859375 0.0484375 0.079296875
0 0.40703125 0.724609375 0.07734375 0.066796875
0 0.36953125 0.75546875 0.060546875 0.08515625
0 0.39296875 0.866015625 0.07578125 0.059765625
0 0.43671875 0.9 0.051171875 0.053125
0 0.48828125 0.90546875 0.065234375 0.047265625
0 0.5234375 0.837109375 0.085546875 0.082421875
0 0.55859375 0.59296875 0.05390625 0.06171875
0 0.603515625 0.615234375 0.053125 0.080859375
0 0.6328125 0.56484375 0.04453125 0.062890625
0 0.6578125 0.519140625 0.07578125 0.052734375
0 0.60546875 0.505859375 0.0640625 0.065625
0 0.57265625 0.526953125 0.07421875 0.0734375
0 0.39375 0.65 0.06640625 0.08125
0 0.322265625 0.632421875 0.068359375 0.073046875
0 0.271484375 0.6875 0.066796875 0.066015625
0 0.2625 0.79296875 0.0578125 0.083203125
0 0.263671875 0.740625 0.048828125 0.066015625
0 0.217578125 0.74140625 0.05234375 0.055859375
0 0.2015625 0.69609375 0.0640625 0.06640625
0 0.13046875 0.727734375 0.0546875 0.066796875
0 0.11328125 0.801953125 0.072265625 0.094921875
0 0.162109375 0.8484375 0.050390625 0.069140625
0 0.209375 0.86640625 0.0640625 0.066796875
0 0.21796875 0.818359375 0.060546875 0.060546875
0 0.206640625 0.78203125 0.07109375 0.046875
0 0.1703125 0.8046875 0.057421875 0.059765625