0 0.7546875 0.4 0.082421875 0.065234375
0 0.830078125 0.3984375 0.090625 0.061328125
0 0.7859375 0.4421875 0.08671875 0.0671875
0 0.45390625 0.48984375 0.059375 0.094921875
0 0.02421875 0.285546875 0.0484375 0.10546875
0 0.188671875 0.263671875 0.0734375 0.09765625
0 0.28046875 0.251171875 0.070703125 0.093359375
0 0.38515625 0.1953125 0.0828125 0.076953125
0 0.64921875 0.26328125 0.073828125 0.079296875
0 0.62890625 0.19921875 0.0890625 0.06484375
0 0.40859375 0.125 0.088671875 0.063671875
0 0.3109375 0.120703125 0.087109375 0.061328125
0 0.334375 0.072265625 0.059765625 0.0796875
0 0.376953125 0.07890625 0.062890625 0.084765625
0 0.427734375 0.079296875 0.074609375 0.070703125
0 0.249609375 0.175390625 0.08203125 0.076953125
0 0.233203125 0.121875 0.066015625 0.057421875
0 0.190234375 0.147265625 0.073046875 0.075
0 0.131640625 0.141015625 0.08828125 0.08203125
0 0.019140625 0.0890625 0.03828125 0.0890625
0 0.038671875 0.071484375 0.055078125 0.08125
0 0.08515625 0.066796875 0.077734375 0.079296875
0 0.1453125 0.07109375 0.0671875 0.090234375
0 0.194140625 0.076953125 0.057421875 0.08984375
0 0.2375 0.0796875 0.084765625 0.056640625
0 0.97734375 0.64765625 0.0453125 0.071875
0 0.28828125 0.724609375 0.088671875 0.077734375
0 0.238671875 0.839453125 0.0921875 0.07578125
0 0.32109375 0.866015625 0.084765625 0.06484375
0 0.380078125 0.780078125 0.093359375 0.0609375
0 0.423046875 0.877734375 0.08359375 0.08046875
0 0.473828125 0.859375 0.049609375 0.094921875
0 0.526953125 0.891796875 0.085546875 0.05078125
0 0.5109375 0.84609375 0.064453125 0.06796875
0 0.566796875 0.836328125 0.059765625 0.09609375
0 0.61796875 0.8421875 0.058203125 0.084375
0 0.656640625 0.87421875 0.057421875 0.088671875
0 0.70546875 0.876953125 0.060546875 0.08515625
0 0.746875 0.8640625 0.049609375 0.08203125
0 0.78359375 0.890625 0.07578125 0.057421875
0 0.801953125 0.841015625 0.05078125 0.088671875
0 0.740625 0.799609375 0.08203125 0.0953125
0 0.893359375 0.739453125 0.0796875 0.0734375
0 0.937109375 0.769921875 0.075 0.058984375
0 0.97109375 0.82890625 0.0578125 0.0796875
0 0.973046875 0.874609375 0.05390625 0.061328125
0 0.934375 0.871484375 0.0578125 0.090234375
0 0.876953125 0.88046875 0.078125 0.073828125
0 0.833203125 0.857421875 0.05703125 0.085546875
0 0.863671875 0.840234375 0.07734375 0.07109375
0 0.90234375 0.808203125 0.09453125 0.06328125