0 0.991796875 0.12734375 0.01640625 0.040625
0 0.969921875 0.1625 0.059765625 0.053125
0 0.98046875 0.085546875 0.0390625 0.05390625
0 0.923046875 0.13515625 0.057421875 0.06171875
0 0.9234375 0.097265625 0.0734375 0.060546875
0 0.946484375 0.30703125 0.055859375 0.0734375
0 0.93359375 0.3671875 0.076953125 0.055078125
0 0.57109375 0.36015625 0.073046875 0.04765625
0 0.38828125 0.09375 0.069140625 0.049609375
0 0.291796875 0.103125 0.062890625 0.0578125
0 0.515625 0.421484375 0.06171875 0.069140625
0 0.376953125 0.551171875 0.050390625 0.07265625
0 0.370703125 0.623828125 0.057421875 0.06640625
0 0.328125 0.621484375 0.0609375 0.041796875
0 0.269921875 0.5734375 0.04921875 0.07578125
0 0.846875 0.85703125 0.06328125 0.0625
0 0.69921875 0.82109375 0.058984375 0.07578125
0 0.678125 0.6890625 0.0515625 0.078125
0 0.62578125 0.69609375 0.053515625 0.069140625
0 0.618359375 0.762890625 0.05625 0.051171875
0 0.590234375 0.75 0.042578125 0.06484375
0 0.563671875 0.774609375 0.04921875 0.06328125
0 0.6078125 0.831640625 0.058984375 0.065234375
0 0.64453125 0.86796875 0.07265625 0.051171875
0 0.573828125 0.8703125 0.051953125 0.0453125
0 0.538671875 0.875 0.05625 0.04453125
0 0.498046875 0.869140625 0.03828125 0.05625
0 0.564453125 0.8375 0.046875 0.053515625
0 0.5703125 0.80390625 0.063671875 0.04609375
0 0.5234375 0.8234375 0.04765625 0.065625
0 0.496484375 0.83203125 0.05703125 0.048828125
0 0.491796875 0.78203125 0.06796875 0.055859375
0 0.525 0.766796875 0.042578125 0.06328125
0 0.427734375 0.77421875 0.04375 0.0640625
0 0.415234375 0.808984375 0.062890625 0.04296875
0 0.45859375 0.851953125 0.03828125 0.072265625
0 0.4265625 0.8453125 0.062890625 0.05234375
0 0.415625 0.872265625 0.05546875 0.048046875
0 0.38046875 0.868359375 0.0453125 0.066796875
0 0.3484375 0.862890625 0.04296875 0.06875
0 0.1046875 0.748046875 0.0640625 0.074609375
0 0.17109375 0.622265625 0.049609375 0.071484375
0 0.04296875 0.309765625 0.0859375 0.04921875