0 0.817578125 0.11328125 0.080078125 0.066796875
0 0.873828125 0.39765625 0.078515625 0.073828125
0 0.815625 0.409765625 0.073046875 0.08125
0 0.78671875 0.479296875 0.06796875 0.078515625
0 0.614453125 0.455859375 0.06953125 0.081640625
0 0.728515625 0.85859375 0.05390625 0.061328125
0 0.62421875 0.846875 0.064453125 0.0765625
0 0.512890625 0.856640625 0.092578125 0.067578125
0 0.56796875 0.890625 0.08671875 0.080078125
0 0.66875 0.883984375 0.065625 0.06796875
0 0.44140625 0.728125 0.088671875 0.058984375
0 0.686328125 0.158984375 0.05 0.079296875
0 0.612109375 0.098046875 0.066015625 0.042578125
0 0.65625 0.136328125 0.0421875 0.0625
0 0.631640625 0.1859375 0.0546875 0.0671875
0 0.61328125 0.150390625 0.056640625 0.078125
0 0.574609375 0.112890625 0.05 0.06875
0 0.554296875 0.154296875 0.084375 0.0625
0 0.517578125 0.11953125 0.0765625 0.06640625
0 0.376953125 0.24765625 0.06484375 0.075390625
0 0.3625 0.296484375 0.06171875 0.067578125
0 0.378515625 0.1234375 0.059375 0.08046875
0 0.4 0.1796875 0.073046875 0.0640625
0 0.44140625 0.1515625 0.059375 0.066796875
0 0.423828125 0.11875 0.059765625 0.067578125
0 0.323828125 0.111328125 0.06953125 0.058984375
0 0.30234375 0.15625 0.0609375 0.081640625
0 0.014453125 0.12578125 0.02890625 0.070703125
0 0.046875 0.11796875 0.069140625 0.070703125
0 0.25546875 0.09921875 0.082421875 0.041796875
0 0.262109375 0.143359375 0.0734375 0.0578125
0 0.2203125 0.13671875 0.0453125 0.069921875
0 0.196875 0.10859375 0.0546875 0.06328125
0 0.155859375 0.123828125 0.055078125 0.083984375
0 0.10625 0.09609375 0.064453125 0.04140625
0 0.10703125 0.13671875 0.06796875 0.065234375
0 0.05 0.3828125 0.090234375 0.065234375
0 0.07578125 0.80234375 0.063671875 0.088671875
0 0.289453125 0.59453125 0.06171875 0.084375