0 0.448046875 0.44453125 0.09296875 0.053125
0 0.374609375 0.47578125 0.08203125 0.05625
0 0.401953125 0.5875 0.06171875 0.0625
0 0.471875 0.609765625 0.0671875 0.04921875
0 0.444140625 0.675390625 0.07109375 0.05546875
0 0.61796875 0.573046875 0.06875 0.06328125
0 0.714453125 0.61484375 0.05234375 0.06875
0 0.26640625 0.54453125 0.071875 0.0671875
0 0.25859375 0.369921875 0.0609375 0.06640625
0 0.266015625 0.2328125 0.05546875 0.0890625
0 0.297265625 0.28828125 0.07265625 0.06875
0 0.3203125 0.30625 0.05 0.0671875
0 0.728125 0.469140625 0.053125 0.07109375
0 0.7140625 0.774609375 0.0453125 0.10390625
0 0.784375 0.76796875 0.0546875 0.06875
0 0.907421875 0.583203125 0.06015625 0.06484375
0 0.909375 0.632421875 0.075 0.04609375
0 0.89375 0.67265625 0.06875 0.05
0 0.963671875 0.648828125 0.06953125 0.05078125
0 0.901171875 0.774609375 0.04921875 0.06953125
0 0.8625 0.80859375 0.0640625 0.0515625
0 0.887109375 0.829296875 0.05078125 0.04609375
0 0.953515625 0.799609375 0.05859375 0.04609375
0 0.976171875 0.8203125 0.04296875 0.053125
0 0.94453125 0.86953125 0.04375 0.078125
0 0.974609375 0.8890625 0.05078125 0.053125
0 0.986328125 0.86015625 0.02734375 0.059375
0 0.8015625 0.86875 0.0671875 0.053125
0 0.866015625 0.884765625 0.06484375 0.05390625
0 0.9109375 0.880859375 0.0578125 0.06015625
0 0.987109375 0.53046875 0.02578125 0.0375
0 0.965234375 0.4265625 0.06953125 0.053125
0 0.984765625 0.462890625 0.03046875 0.05078125
0 0.93671875 0.289453125 0.0671875 0.06015625
0 0.975390625 0.301171875 0.04921875 0.04921875
0 0.9734375 0.144921875 0.053125 0.05390625
0 0.9953125 0.114453125 0.009375 0.03515625
0 0.585546875 0.390234375 0.04921875 0.06015625
0 0.62421875 0.39140625 0.0703125 0.0578125
0 0.673828125 0.3875 0.04140625 0.0671875
0 0.708984375 0.392578125 0.03828125 0.07578125
0 0.7703125 0.335546875 0.0703125 0.08828125
0 0.7828125 0.258203125 0.075 0.05703125
0 0.694140625 0.19453125 0.06953125 0.0578125
0 0.733984375 0.155859375 0.07421875 0.05546875
0 0.84765625 0.094921875 0.0734375 0.04921875
0 0.901953125 0.090234375 0.05234375 0.05546875
0 0.825390625 0.15078125 0.05078125 0.0671875
0 0.831640625 0.209765625 0.04453125 0.05859375
0 0.888671875 0.201171875 0.06640625 0.05234375
0 0.85390625 0.144140625 0.0546875 0.06796875
0 0.899609375 0.141796875 0.04140625 0.07109375
0 0.55546875 0.10078125 0.065625 0.0515625
0 0.662890625 0.109765625 0.05703125 0.06171875
0 0.70859375 0.107421875 0.0609375 0.06015625
0 0.491015625 0.1109375 0.02734375 0.04375
0 0.5171875 0.10703125 0.034375 0.04375
0 0.565625 0.16015625 0.0515625 0.0625
0 0.5765625 0.208984375 0.075 0.08046875
0 0.562890625 0.267578125 0.06640625 0.06328125
0 0.61796875 0.267578125 0.0609375 0.06640625
0 0.617578125 0.32578125 0.07109375 0.05625
0 0.66015625 0.329296875 0.0515625 0.05390625
0 0.514453125 0.71484375 0.05078125 0.075
0 0.54296875 0.75703125 0.0578125 0.0734375
0 0.171875 0.121484375 0.053125 0.04296875
0 0.236328125 0.140234375 0.05234375 0.08046875
0 0.2 0.140625 0.0453125 0.0484375
0 0.18984375 0.18046875 0.06875 0.06875
0 0.159375 0.185546875 0.0546875 0.04921875
0 0.164453125 0.221484375 0.07421875 0.03671875
0 0.162890625 0.253125 0.08828125 0.04375
0 0.287109375 0.11015625 0.06796875 0.0515625
0 0.283203125 0.150390625 0.05546875 0.06171875
0 0.33515625 0.178125 0.0578125 0.08125
0 0.339453125 0.121875 0.05859375 0.0484375
0 0.398046875 0.121484375 0.05859375 0.07265625
0 0.446875 0.119140625 0.0484375 0.07109375
0 0.473828125 0.162109375 0.06484375 0.05390625
0 0.455859375 0.215625 0.06484375 0.0484375
0 0.50390625 0.230859375 0.0484375 0.07578125
0 0.3625 0.23828125 0.0625 0.065625
0 0.398046875 0.25859375 0.07734375 0.0578125
0 0.380859375 0.312890625 0.06953125 0.06796875
0 0.13984375 0.34765625 0.071875 0.05625
0 0.19375 0.3171875 0.05 0.053125
0 0.2359375 0.3015625 0.065625 0.0609375
0 0.2203125 0.258203125 0.0640625 0.04296875
0 0.303125 0.8703125 0.0765625 0.05
0 0.30078125 0.812109375 0.0546875 0.06953125
0 0.3265625 0.71953125 0.0734375 0.06875
0 0.312890625 0.654296875 0.06640625 0.05859375
0 0.220703125 0.866796875 0.07265625 0.03828125
0 0.1640625 0.808984375 0.0578125 0.04921875
0 0.21796875 0.82421875 0.0640625 0.04375
0 0.180078125 0.776953125 0.06484375 0.04296875
0 0.1734375 0.726171875 0.046875 0.06015625
0 0.19453125 0.7359375 0.0640625 0.059375
0 0.253515625 0.6953125 0.06953125 0.0546875
0 0.23359375 0.632421875 0.0734375 0.05234375
0 0.18203125 0.601171875 0.0703125 0.04765625
0 0.161328125 0.62578125 0.04765625 0.071875
0 0.155859375 0.56875 0.06328125 0.053125
0 0.17109375 0.52734375 0.0828125 0.053125
0 0.148046875 0.48046875 0.04140625 0.053125
0 0.196484375 0.49140625 0.08046875 0.0453125
0 0.18828125 0.45546875 0.0546875 0.040625
0 0.151953125 0.428125 0.04140625 0.05
0 0.176171875 0.407421875 0.07890625 0.05078125