0 0.961328125 0.100390625 0.07734375 0.068359375
0 0.984375 0.144921875 0.030859375 0.061328125
0 0.747265625 0.260546875 0.055078125 0.0984375
0 0.651171875 0.265234375 0.065625 0.078125
0 0.469921875 0.151171875 0.064453125 0.0765625
0 0.70859375 0.365234375 0.090625 0.062890625
0 0.858203125 0.496875 0.06875 0.08203125
0 0.85 0.60390625 0.073046875 0.083203125
0 0.951953125 0.541015625 0.092578125 0.054296875
0 0.94296875 0.58359375 0.09453125 0.064453125
0 0.9578125 0.622265625 0.0703125 0.0828125
0 0.901171875 0.748828125 0.06796875 0.107421875
0 0.955078125 0.73046875 0.080078125 0.071875
0 0.715625 0.687890625 0.089453125 0.065625
0 0.42578125 0.716015625 0.076171875 0.066015625
0 0.500390625 0.67578125 0.0671875 0.066796875
0 0.4328125 0.8703125 0.0609375 0.072265625
0 0.685546875 0.81015625 0.069140625 0.0640625
0 0.770703125 0.8734375 0.087890625 0.077734375
0 0.78828125 0.770703125 0.069140625 0.08515625
0 0.95078125 0.8765625 0.078515625 0.08515625
0 0.6203125 0.8671875 0.082421875 0.05625
0 0.272265625 0.85625 0.1015625 0.072265625
0 0.14375 0.705078125 0.106640625 0.0578125
0 0.0859375 0.83203125 0.06796875 0.08046875
0 0.01796875 0.6328125 0.0359375 0.0515625
0 0.049609375 0.686328125 0.07578125 0.071484375
0 0.137109375 0.547265625 0.07265625 0.084375
0 0.0578125 0.5515625 0.075 0.0734375
0 0.498046875 0.408984375 0.074609375 0.056640625
0 0.317578125 0.13671875 0.075 0.0671875
0 0.404296875 0.1125 0.064453125 0.071875
0 0.01796875 0.119140625 0.0359375 0.08515625
0 0.11484375 0.189453125 0.089453125 0.066015625
0 0.155078125 0.237890625 0.09375 0.062890625
0 0.079296875 0.302734375 0.0765625 0.071875