0 0.95859375 0.248828125 0.06328125 0.062109375
0 0.969140625 0.421875 0.06171875 0.0734375
0 0.7453125 0.352734375 0.065234375 0.091796875
0 0.02890625 0.737890625 0.0578125 0.05390625
0 0.165625 0.723828125 0.054296875 0.07890625
0 0.215234375 0.681640625 0.06796875 0.05625
0 0.2390625 0.705078125 0.05703125 0.05234375
0 0.278125 0.7109375 0.04453125 0.066796875
0 0.306640625 0.7453125 0.074609375 0.075
0 0.349609375 0.765234375 0.08046875 0.0484375
0 0.065625 0.39765625 0.054296875 0.0796875
0 0.028515625 0.406640625 0.05390625 0.07109375
0 0.028125 0.50625 0.055859375 0.05625