0 0.8234375 0.858984375 0.0609375 0.08046875
0 0.88203125 0.80859375 0.0515625 0.08125
0 0.965234375 0.823046875 0.06953125 0.05390625
0 0.980859375 0.880859375 0.03828125 0.06171875
0 0.94453125 0.950390625 0.078125 0.07265625
0 0.720703125 0.975 0.06796875 0.05
0 0.596875 0.830859375 0.075 0.06640625
0 0.466796875 0.78125 0.05078125 0.0859375
0 0.4515625 0.83828125 0.05625 0.0671875
0 0.5 0.8484375 0.0578125 0.065625
0 0.46796875 0.89296875 0.08125 0.046875
0 0.3609375 0.140234375 0.065625 0.08515625
0 0.449609375 0.25078125 0.05234375 0.0734375
0 0.7140625 0.237890625 0.05625 0.05859375
0 0.7140625 0.325 0.06875 0.075
0 0.779296875 0.389453125 0.06484375 0.05078125
0 0.879296875 0.4453125 0.07578125 0.05
0 0.9328125 0.425390625 0.075 0.04609375
0 0.898828125 0.493359375 0.06015625 0.06484375
0 0.205859375 0.541796875 0.08046875 0.07421875
0 0.30390625 0.46796875 0.0859375 0.0546875
0 0.3703125 0.347265625 0.08125 0.06796875
0 0.2375 0.26953125 0.084375 0.053125
0 0.020703125 0.206640625 0.03984375 0.04609375
0 0.04609375 0.106640625 0.090625 0.04921875
0 0.079296875 0.126953125 0.06015625 0.06328125
0 0.141015625 0.14140625 0.07578125 0.0515625
0 0.102734375 0.18515625 0.07890625 0.0609375
0 0.173046875 0.18359375 0.07421875 0.0546875
0 0.0671875 0.83203125 0.1015625 0.06875
0 0.0109375 0.85234375 0.0203125 0.059375
0 0.65546875 0.434375 0.065625 0.0828125
0 0.790234375 0.628125 0.07734375 0.0484375