0 0.915234375 0.09140625 0.06171875 0.053515625
0 0.965234375 0.09609375 0.06640625 0.062890625
0 0.835546875 0.151953125 0.045703125 0.08828125
0 0.891015625 0.13203125 0.059765625 0.04296875
0 0.953515625 0.1546875 0.065234375 0.051953125
0 0.9546875 0.2625 0.083984375 0.05390625
0 0.98125 0.23515625 0.037109375 0.051953125
0 0.87109375 0.1859375 0.073046875 0.0703125
0 0.91484375 0.19609375 0.038671875 0.073828125
0 0.81953125 0.217578125 0.081640625 0.051953125
0 0.782421875 0.155078125 0.071484375 0.0625
0 0.648046875 0.098046875 0.054296875 0.079296875
0 0.723046875 0.106640625 0.057421875 0.059375
0 0.705859375 0.15078125 0.04296875 0.062890625
0 0.598828125 0.177734375 0.079296875 0.05234375
0 0.51875 0.12734375 0.08203125 0.055078125
0 0.58984375 0.11328125 0.0625 0.061328125
0 0.64921875 0.221875 0.067578125 0.05625
0 0.675390625 0.258984375 0.078515625 0.041796875
0 0.672265625 0.31953125 0.0640625 0.077734375
0 0.8609375 0.285546875 0.066796875 0.042578125
0 0.94140625 0.371484375 0.078125 0.050390625
0 0.90390625 0.537890625 0.05390625 0.07109375
0 0.928515625 0.48515625 0.062890625 0.048046875
0 0.588671875 0.440234375 0.0671875 0.05703125
0 0.501171875 0.423828125 0.05546875 0.0625
0 0.44140625 0.45390625 0.06484375 0.075
0 0.407421875 0.5234375 0.06484375 0.054296875
0 0.400390625 0.490234375 0.06953125 0.044140625
0 0.497265625 0.488671875 0.057421875 0.075390625
0 0.35 0.651171875 0.079296875 0.050390625
0 0.5765625 0.5625 0.075390625 0.046484375
0 0.55859375 0.590234375 0.053125 0.068359375
0 0.663671875 0.5609375 0.044140625 0.06171875
0 0.703125 0.58125 0.05546875 0.069921875
0 0.696875 0.6328125 0.074609375 0.048046875
0 0.648046875 0.471484375 0.063671875 0.048046875
0 0.613671875 0.512109375 0.073046875 0.04609375
0 0.629296875 0.723828125 0.04765625 0.0859375
0 0.54765625 0.76171875 0.073828125 0.051953125
0 0.5640625 0.765234375 0.0421875 0.0734375
0 0.48515625 0.840234375 0.068359375 0.05859375
0 0.5359375 0.821484375 0.0578125 0.053515625
0 0.56953125 0.85625 0.071875 0.051171875
0 0.8953125 0.78125 0.075390625 0.073046875
0 0.873046875 0.69609375 0.078125 0.049609375
0 0.9875 0.74453125 0.025 0.04453125
0 0.77421875 0.739453125 0.052734375 0.063671875
0 0.67421875 0.756640625 0.071875 0.066796875
0 0.736328125 0.791015625 0.066796875 0.050390625
0 0.8078125 0.785546875 0.068359375 0.051953125
0 0.73671875 0.837890625 0.079296875 0.049609375
0 0.723046875 0.8796875 0.044921875 0.069921875
0 0.784765625 0.887890625 0.051171875 0.04453125
0 0.86015625 0.846484375 0.058203125 0.054296875
0 0.934375 0.872265625 0.0765625 0.049609375
0 0.90703125 0.878515625 0.049609375 0.056640625
0 0.80234375 0.855078125 0.056640625 0.04140625
0 0.86015625 0.88125 0.0625 0.03984375
0 0.39609375 0.772265625 0.056640625 0.089453125
0 0.433984375 0.805078125 0.0765625 0.06875
0 0.326171875 0.810546875 0.054296875 0.071875
0 0.165234375 0.755078125 0.066015625 0.066015625
0 0.1484375 0.626953125 0.04375 0.071875
0 0.183984375 0.637109375 0.05859375 0.05078125
0 0.16171875 0.696875 0.043359375 0.067578125
0 0.2015625 0.703515625 0.075 0.055859375
0 0.2046875 0.780859375 0.066015625 0.050390625
0 0.1734375 0.8015625 0.061328125 0.0375
0 0.244921875 0.80625 0.0640625 0.062890625
0 0.17421875 0.848828125 0.043359375 0.06484375
0 0.213671875 0.854296875 0.047265625 0.060546875
0 0.262890625 0.859375 0.052734375 0.052734375
0 0.282421875 0.401953125 0.0734375 0.076953125
0 0.34765625 0.316796875 0.076953125 0.04921875
0 0.146875 0.402734375 0.0734375 0.06953125
0 0.15390625 0.2765625 0.066796875 0.043359375
0 0.380859375 0.262890625 0.0796875 0.05078125
0 0.328515625 0.215625 0.0859375 0.060546875
0 0.259765625 0.205859375 0.065234375 0.049609375
0 0.304296875 0.248046875 0.11484375 0.0640625
0 0.15390625 0.35 0.060546875 0.0515625
0 0.151171875 0.315625 0.060546875 0.040234375
0 0.183203125 0.3 0.08125 0.0640625
0 0.2234375 0.44140625 0.07109375 0.0625
0 0.236328125 0.41328125 0.067578125 0.0546875
0 0.331640625 0.43984375 0.0828125 0.053515625
0 0.1625 0.446484375 0.066015625 0.0484375
0 0.255859375 0.49765625 0.087109375 0.0953125
0 0.151171875 0.495703125 0.089453125 0.0625
0 0.151953125 0.547265625 0.097265625 0.038671875
0 0.573828125 0.657421875 0.08046875 0.052734375
0 0.5046875 0.1890625 0.069140625 0.069140625
0 0.31171875 0.34609375 0.078125 0.055078125
0 0.3796875 0.11640625 0.0546875 0.071875
0 0.3203125 0.109765625 0.063671875 0.071875
0 0.23671875 0.107421875 0.051953125 0.044921875
0 0.165234375 0.1109375 0.0515625 0.050390625
0 0.205859375 0.13046875 0.04765625 0.067578125
0 0.165625 0.150390625 0.05625 0.040234375
0 0.1578125 0.190625 0.041796875 0.055078125
0 0.190234375 0.188671875 0.06953125 0.046484375