0 0.0203125 0.28515625 0.003125 0.000390625
0 0.021484375 0.076953125 0.04296875 0.05859375
0 0.02109375 0.14765625 0.041796875 0.09140625
0 0.07265625 0.155078125 0.108203125 0.0640625
0 0.01484375 0.18828125 0.0296875 0.053125
0 0.012890625 0.262109375 0.02578125 0.06015625
0 0.240234375 0.162890625 0.078125 0.06328125
0 0.06328125 0.089453125 0.0734375 0.078125
0 0.125 0.219140625 0.090234375 0.074609375
0 0.198828125 0.251953125 0.07890625 0.110546875
0 0.346875 0.19765625 0.065234375 0.083203125
0 0.394921875 0.08515625 0.096484375 0.064453125
0 0.45 0.110546875 0.085546875 0.066015625
0 0.542578125 0.152734375 0.0765625 0.09375
0 0.501953125 0.183984375 0.083984375 0.09296875
0 0.635546875 0.15078125 0.080078125 0.0875
0 0.6921875 0.1734375 0.06484375 0.1046875
0 0.71484375 0.121875 0.0921875 0.079296875
0 0.8875 0.113671875 0.084765625 0.059375
0 0.919921875 0.251953125 0.095703125 0.079296875
0 0.959375 0.197265625 0.068359375 0.050390625
0 0.948828125 0.1546875 0.073046875 0.0421875
0 0.96953125 0.11484375 0.060546875 0.0484375
0 0.819921875 0.409375 0.075390625 0.09296875
0 0.763671875 0.57578125 0.058203125 0.092578125
0 0.86015625 0.625390625 0.097265625 0.069921875
0 0.566015625 0.706640625 0.058203125 0.09140625
0 0.7625 0.78671875 0.074609375 0.09296875
0 0.937890625 0.851171875 0.0625 0.098828125
0 0.787890625 0.687109375 0.084375 0.066015625
0 0.8203125 0.72421875 0.065234375 0.081640625
0 0.36171875 0.878125 0.054296875 0.090234375
0 0.481640625 0.784765625 0.101953125 0.059375
0 0.5984375 0.86015625 0.087890625 0.048828125
0 0.419140625 0.8234375 0.065625 0.0921875
0 0.501953125 0.855859375 0.0625 0.076953125
0 0.434765625 0.897265625 0.087109375 0.0921875
0 0.471875 0.8953125 0.051171875 0.07578125
0 0.52421875 0.902734375 0.07265625 0.0734375
0 0.2234375 0.53359375 0.071875 0.0859375