0 0.032421875 0.124609375 0.06171875 0.06015625
0 0.07890625 0.127734375 0.05625 0.04765625
0 0.125390625 0.1296875 0.03046875 0.0609375
0 0.155859375 0.11796875 0.04609375 0.05625
0 0.030078125 0.1796875 0.05859375 0.059375
0 0.09140625 0.1796875 0.0484375 0.053125
0 0.153125 0.17265625 0.0625 0.04375
0 0.088671875 0.25625 0.06171875 0.0421875
0 0.012890625 0.237890625 0.02421875 0.04765625
0 0.01875 0.33359375 0.0359375 0.05
0 0.02578125 0.368359375 0.05 0.05390625
0 0.090625 0.341796875 0.0453125 0.05703125
0 0.164453125 0.263671875 0.05390625 0.04296875
0 0.209375 0.229296875 0.053125 0.05390625
0 0.24609375 0.201953125 0.0515625 0.05859375
0 0.251953125 0.115625 0.04140625 0.0609375
0 0.288671875 0.100390625 0.03671875 0.05234375
0 0.310546875 0.11953125 0.03359375 0.0546875
0 0.330859375 0.114453125 0.04296875 0.07109375
0 0.3640625 0.101171875 0.0390625 0.06484375
0 0.431640625 0.224609375 0.05078125 0.06015625
0 0.4921875 0.177734375 0.0546875 0.06171875
0 0.51171875 0.154296875 0.053125 0.05859375
0 0.5203125 0.11015625 0.0671875 0.0453125
0 0.5765625 0.15625 0.0640625 0.0546875
0 0.6328125 0.075390625 0.05 0.06640625
0 0.641015625 0.146875 0.04765625 0.0796875
0 0.767578125 0.1140625 0.04140625 0.0609375
0 0.78515625 0.149609375 0.0453125 0.06796875
0 0.840234375 0.11015625 0.05078125 0.0734375
0 0.921484375 0.08046875 0.06171875 0.0453125
0 0.90234375 0.1453125 0.0546875 0.065625
0 0.959375 0.130078125 0.05625 0.06015625
0 0.966796875 0.09375 0.06484375 0.046875
0 0.41171875 0.316796875 0.046875 0.05234375
0 0.49140625 0.317578125 0.059375 0.04453125
0 0.335546875 0.3546875 0.05234375 0.0484375
0 0.3875 0.38125 0.0515625 0.0546875
0 0.392578125 0.4375 0.04453125 0.0515625
0 0.48046875 0.453515625 0.040625 0.05546875
0 0.453515625 0.50234375 0.04140625 0.0515625
0 0.61953125 0.514453125 0.0390625 0.05859375
0 0.94140625 0.6296875 0.0671875 0.0453125
0 0.719921875 0.719140625 0.04140625 0.06171875
0 0.814453125 0.728515625 0.07734375 0.04296875
0 0.984375 0.83515625 0.03125 0.071875
0 0.964453125 0.855078125 0.04765625 0.06328125
0 0.973828125 0.900390625 0.05234375 0.05078125
0 0.971875 0.952734375 0.05625 0.04765625
0 0.98046875 0.98515625 0.0390625 0.0296875
0 0.85859375 0.96484375 0.0640625 0.065625
0 0.853125 0.8171875 0.059375 0.0484375
0 0.792578125 0.867578125 0.03984375 0.06953125
0 0.7484375 0.873046875 0.05 0.05078125
0 0.755859375 0.9625 0.03984375 0.075
0 0.71484375 0.95859375 0.034375 0.071875
0 0.683984375 0.883984375 0.05234375 0.06640625
0 0.6640625 0.780859375 0.0671875 0.04921875
0 0.762890625 0.784765625 0.08046875 0.04140625
0 0.584765625 0.64375 0.04609375 0.05
0 0.411328125 0.607421875 0.07421875 0.03671875
0 0.462109375 0.719140625 0.06171875 0.04765625
0 0.53203125 0.711328125 0.05625 0.03671875
0 0.08671875 0.546875 0.0734375 0.0421875
0 0.22421875 0.54296875 0.06875 0.0421875
0 0.114453125 0.6109375 0.07734375 0.0359375
0 0.1578125 0.65390625 0.040625 0.065625
0 0.215234375 0.667578125 0.07734375 0.05078125
0 0.0953125 0.665625 0.0671875 0.0625
0 0.038671875 0.642578125 0.06328125 0.04140625
0 0.0125 0.666015625 0.0234375 0.04921875
0 0.108984375 0.7171875 0.06328125 0.0390625
0 0.044921875 0.765625 0.04609375 0.0546875
0 0.083984375 0.755078125 0.06328125 0.04140625
0 0.156640625 0.740625 0.08203125 0.04375
0 0.1625 0.78046875 0.0671875 0.04375
0 0.152734375 0.808984375 0.06015625 0.03984375
0 0.09453125 0.824609375 0.0484375 0.06796875
0 0.00859375 0.850390625 0.0140625 0.05234375
0 0.03125 0.869140625 0.05625 0.07578125
0 0.0625 0.880859375 0.06875 0.06953125
0 0.128125 0.876171875 0.0546875 0.06015625
0 0.180859375 0.878515625 0.06015625 0.04765625
0 0.259765625 0.889453125 0.03984375 0.06328125
0 0.2875 0.915234375 0.0390625 0.022265625
0 0.334375 0.954296875 0.040625 0.06171875
0 0.295703125 0.815625 0.06484375 0.040625
0 0.267578125 0.774609375 0.07421875 0.07109375
0 0.32109375 0.751953125 0.040625 0.05546875
0 0.375390625 0.705859375 0.05078125 0.06171875
0 0.491015625 0.780078125 0.06484375 0.03984375
0 0.40234375 0.804296875 0.078125 0.04921875
0 0.38828125 0.84296875 0.0515625 0.0515625
0 0.309375 0.8546875 0.05625 0.0671875
0 0.346875 0.866796875 0.053125 0.06015625
0 0.386328125 0.89140625 0.07421875 0.0453125
0 0.469140625 0.85234375 0.05703125 0.0453125
0 0.5015625 0.887109375 0.0515625 0.05546875
0 0.51015625 0.829296875 0.0703125 0.04453125
0 0.56015625 0.862109375 0.05 0.06015625
0 0.61171875 0.868359375 0.05625 0.07109375