0 0.909765625 0.09765625 0.05703125 0.080859375
0 0.94296875 0.123046875 0.064453125 0.073828125
0 0.973828125 0.14609375 0.05234375 0.0859375
0 0.762890625 0.160546875 0.067578125 0.06640625
0 0.7875 0.094140625 0.0625 0.0765625
0 0.750390625 0.09296875 0.04609375 0.08203125
0 0.71953125 0.0828125 0.04609375 0.083203125
0 0.683984375 0.07890625 0.051171875 0.083984375
0 0.633984375 0.238671875 0.05390625 0.070703125
0 0.714453125 0.32734375 0.07265625 0.07265625
0 0.905078125 0.440625 0.08515625 0.051171875
0 0.44921875 0.297265625 0.082421875 0.0734375
0 0.4359375 0.355859375 0.072265625 0.05234375
0 0.39921875 0.455078125 0.07265625 0.06015625
0 0.45625 0.414453125 0.06484375 0.05625
0 0.469140625 0.49609375 0.07421875 0.071484375
0 0.675390625 0.490234375 0.06328125 0.055078125
0 0.373046875 0.515625 0.0609375 0.08125
0 0.330859375 0.623046875 0.083203125 0.066796875
0 0.36640625 0.72109375 0.075 0.056640625
0 0.3953125 0.665234375 0.0640625 0.075
0 0.4546875 0.575 0.071484375 0.07109375
0 0.59140625 0.578125 0.073828125 0.053125
0 0.2875 0.79140625 0.06015625 0.075
0 0.35234375 0.811328125 0.066015625 0.0828125
0 0.390625 0.88671875 0.0625 0.077734375
0 0.43828125 0.906640625 0.068359375 0.041796875
0 0.498046875 0.899609375 0.0671875 0.051953125
0 0.5921875 0.869140625 0.071875 0.09140625
0 0.64375 0.675390625 0.059375 0.0734375
0 0.71640625 0.674609375 0.07109375 0.0515625
0 0.703515625 0.71171875 0.08359375 0.05390625
0 0.921484375 0.6859375 0.05859375 0.057421875
0 0.8703125 0.64921875 0.0453125 0.073046875
0 0.9859375 0.805859375 0.028125 0.05546875
0 0.87265625 0.883203125 0.059765625 0.074609375
0 0.895703125 0.90078125 0.0640625 0.068359375
0 0.84921875 0.898828125 0.04375 0.06015625
0 0.805859375 0.8953125 0.057421875 0.078515625
0 0.184765625 0.787109375 0.0703125 0.0625
0 0.121875 0.759765625 0.071875 0.05703125
0 0.116015625 0.68125 0.06171875 0.05703125
0 0.20390625 0.725390625 0.078515625 0.052734375
0 0.27421875 0.562109375 0.053125 0.082421875
0 0.1046875 0.62890625 0.0734375 0.050390625
0 0.0875 0.54453125 0.057421875 0.075
0 0.072265625 0.47421875 0.080078125 0.067578125
0 0.281640625 0.448046875 0.0640625 0.06953125
0 0.1078125 0.37421875 0.063671875 0.08046875
0 0.160546875 0.344140625 0.075390625 0.08671875
0 0.230078125 0.3515625 0.0828125 0.057421875
0 0.2734375 0.377734375 0.057421875 0.09140625
0 0.313671875 0.352734375 0.072265625 0.05390625
0 0.303515625 0.310546875 0.06328125 0.057421875
0 0.2765625 0.26796875 0.0625 0.05703125
0 0.21484375 0.302734375 0.073828125 0.05390625
0 0.228125 0.26015625 0.06875 0.05546875
0 0.244140625 0.20703125 0.06640625 0.063671875
0 0.26484375 0.1265625 0.0625 0.0921875