0 0.928515625 0.134765625 0.071875 0.059375
0 0.981640625 0.541015625 0.03671875 0.04453125
0 0.8234375 0.27421875 0.06328125 0.066015625
0 0.671484375 0.31171875 0.065625 0.0734375
0 0.682421875 0.36640625 0.083203125 0.048046875
0 0.655078125 0.476953125 0.065625 0.090625
0 0.584375 0.67578125 0.071484375 0.06484375
0 0.452734375 0.18125 0.06328125 0.09296875
0 0.5046875 0.13203125 0.0484375 0.071484375
0 0.4015625 0.11796875 0.085546875 0.067578125
0 0.315234375 0.20390625 0.070703125 0.053125
0 0.9296875 0.85546875 0.055859375 0.079296875
0 0.20234375 0.866015625 0.05390625 0.065234375
0 0.167578125 0.51875 0.064453125 0.057421875
0 0.2375 0.42109375 0.070703125 0.072265625
0 0.165625 0.33515625 0.08125 0.057421875
0 0.2796875 0.2859375 0.061328125 0.0859375
0 0.198828125 0.262109375 0.08671875 0.054296875
0 0.20625 0.303515625 0.081640625 0.05390625
0 0.08671875 0.31015625 0.084375 0.05078125
0 0.104296875 0.257421875 0.087890625 0.057421875
0 0.03984375 0.187109375 0.06015625 0.06953125
0 0.03125 0.473046875 0.0625 0.054296875
0 0.00625 0.5515625 0.0125 0.045703125
0 0.008203125 0.631640625 0.01640625 0.03515625