0 0.280859375 0.30625 0.03515625 0.0609375
0 0.030859375 0.180859375 0.05703125 0.04765625
0 0.46875 0.24765625 0.0390625 0.0625
0 0.4921875 0.172265625 0.0546875 0.05546875
0 0.527734375 0.112109375 0.04765625 0.06171875
0 0.56796875 0.1625 0.0640625 0.0484375
0 0.65390625 0.14765625 0.0359375 0.084375
0 0.7359375 0.13125 0.0390625 0.0640625
0 0.954296875 0.198828125 0.04921875 0.08671875
0 0.4890625 0.443359375 0.0421875 0.06171875
0 0.721875 0.500390625 0.084375 0.04765625
0 0.44609375 0.6015625 0.0484375 0.0484375
0 0.457421875 0.634765625 0.05078125 0.06328125
0 0.022265625 0.46875 0.04296875 0.0609375
0 0.026953125 0.39921875 0.05234375 0.0421875
0 0.01171875 0.5828125 0.021875 0.04375
0 0.22265625 0.8265625 0.0421875 0.0640625
0 0.020703125 0.900390625 0.03984375 0.04609375
0 0.630859375 0.89609375 0.03671875 0.059375
0 0.661328125 0.9015625 0.04140625 0.0609375
0 0.895703125 0.905078125 0.04453125 0.04765625
0 0.932421875 0.907421875 0.03828125 0.05390625