0 0.242578125 0.853125 0.05 0.0671875
0 0.06484375 0.86640625 0.058203125 0.043359375
0 0.02109375 0.802734375 0.0421875 0.05546875
0 0.049609375 0.692578125 0.066796875 0.058984375
0 0.0125 0.49921875 0.025 0.046484375
0 0.071875 0.550390625 0.074609375 0.07734375
0 0.108984375 0.678125 0.066796875 0.080859375
0 0.1828125 0.734375 0.054296875 0.076171875
0 0.34140625 0.678515625 0.066015625 0.056640625
0 0.484375 0.765625 0.062890625 0.07578125
0 0.520703125 0.883984375 0.056640625 0.076953125
0 0.5625 0.868359375 0.076171875 0.055078125
0 0.702734375 0.914453125 0.043359375 0.059765625
0 0.686328125 0.87265625 0.072265625 0.073828125
0 0.8203125 0.85234375 0.091796875 0.0859375
0 0.810546875 0.744921875 0.07109375 0.082421875
0 0.19765625 0.349609375 0.071875 0.078125
0 0.3078125 0.27578125 0.065234375 0.07109375
0 0.34140625 0.332421875 0.078125 0.05546875
0 0.4609375 0.26484375 0.058984375 0.086328125
0 0.6921875 0.332421875 0.05703125 0.084765625
0 0.770703125 0.2703125 0.076171875 0.069140625
0 0.83046875 0.26953125 0.072265625 0.059765625
0 0.9609375 0.82109375 0.072265625 0.073046875
0 0.965234375 0.717578125 0.069140625 0.075
0 0.9015625 0.693359375 0.057421875 0.091796875
0 0.900390625 0.635546875 0.08671875 0.053515625