0 0.65625 0.1359375 0.05859375 0.090234375
0 0.592578125 0.134375 0.055859375 0.084765625
0 0.52265625 0.1546875 0.0609375 0.086328125
0 0.50234375 0.12578125 0.066796875 0.062109375
0 0.4 0.121484375 0.05625 0.069140625
0 0.38984375 0.18984375 0.063671875 0.076953125
0 0.570703125 0.26015625 0.06015625 0.07265625
0 0.332421875 0.305078125 0.084765625 0.0609375
0 0.258203125 0.4 0.078125 0.063671875
0 0.0640625 0.384375 0.068359375 0.090234375
0 0.025 0.41328125 0.05 0.07109375
0 0.041015625 0.496484375 0.05390625 0.087890625
0 0.0078125 0.55546875 0.015625 0.0515625
0 0.024609375 0.737890625 0.04921875 0.08125
0 0.00859375 0.88828125 0.0171875 0.0328125
0 0.01796875 0.846875 0.0359375 0.08828125
0 0.053125 0.836328125 0.060546875 0.083203125
0 0.06015625 0.867578125 0.070703125 0.075
0 0.137109375 0.887109375 0.10625 0.075
0 0.121484375 0.851953125 0.0734375 0.082421875
0 0.0921875 0.759765625 0.08046875 0.051953125
0 0.2140625 0.8546875 0.07421875 0.067578125
0 0.11171875 0.644921875 0.076171875 0.055859375
0 0.21640625 0.687109375 0.08828125 0.058984375
0 0.2125 0.735546875 0.070703125 0.059765625
0 0.250390625 0.75546875 0.07421875 0.065625
0 0.30625 0.79453125 0.071875 0.067578125
0 0.2515625 0.872265625 0.0703125 0.06796875
0 0.292578125 0.878515625 0.048046875 0.07265625
0 0.31953125 0.858203125 0.064453125 0.080078125
0 0.3515625 0.79765625 0.053515625 0.078515625
0 0.391796875 0.822265625 0.052734375 0.066796875
0 0.38203125 0.873828125 0.056640625 0.066015625
0 0.423828125 0.871484375 0.04765625 0.065625
0 0.437890625 0.81796875 0.059765625 0.06015625
0 0.453515625 0.847265625 0.0390625 0.069140625
0 0.4734375 0.853125 0.030078125 0.054296875
0 0.4609375 0.89140625 0.0640625 0.046875
0 0.506640625 0.89375 0.055859375 0.05
0 0.506640625 0.854296875 0.060546875 0.044140625
0 0.49296875 0.78515625 0.069140625 0.078515625
0 0.525 0.75703125 0.10859375 0.052734375
0 0.539453125 0.71640625 0.087109375 0.063671875
0 0.548046875 0.890234375 0.055078125 0.066796875
0 0.605078125 0.88515625 0.080859375 0.0609375
0 0.680859375 0.88984375 0.06875 0.059375
0 0.79296875 0.9 0.086328125 0.06796875
0 0.66953125 0.842578125 0.07578125 0.055859375
0 0.598046875 0.7859375 0.073046875 0.080078125
0 0.651171875 0.76796875 0.053125 0.085546875
0 0.619921875 0.721484375 0.08984375 0.055078125
0 0.633984375 0.660546875 0.051953125 0.08046875
0 0.795703125 0.79140625 0.07578125 0.07734375
0 0.8859375 0.820703125 0.06875 0.0890625
0 0.96171875 0.797265625 0.07109375 0.0828125