0 0.7953125 0.389453125 0.07265625 0.069140625
0 0.73984375 0.3734375 0.06328125 0.08671875
0 0.016796875 0.553125 0.03359375 0.04609375
0 0.091015625 0.626953125 0.071484375 0.0546875
0 0.980859375 0.68515625 0.03828125 0.094140625
0 0.825 0.642578125 0.077734375 0.069140625
0 0.8421875 0.566796875 0.07265625 0.0625
0 0.65546875 0.561328125 0.0703125 0.066015625
0 0.552734375 0.884375 0.048828125 0.07421875
0 0.503515625 0.90625 0.061328125 0.04921875
0 0.50859375 0.86484375 0.069140625 0.0390625
0 0.5 0.83359375 0.086328125 0.0484375
0 0.269921875 0.855859375 0.07265625 0.071484375
0 0.23671875 0.887890625 0.072265625 0.05703125
0 0.31796875 0.713671875 0.0765625 0.0515625
0 0.264453125 0.7359375 0.065234375 0.060546875
0 0.172265625 0.8 0.084765625 0.058984375
0 0.19453125 0.835546875 0.085546875 0.057421875
0 0.1578125 0.89921875 0.066015625 0.060546875
0 0.1125 0.920703125 0.06171875 0.049609375
0 0.07109375 0.9 0.05390625 0.075
0 0.02734375 0.901953125 0.0546875 0.06640625
0 0.013671875 0.83828125 0.02734375 0.056640625
0 0.042578125 0.84609375 0.0796875 0.06484375