0 0.02265625 0.805078125 0.0453125 0.05078125
0 0.073828125 0.80625 0.056640625 0.073046875
0 0.144140625 0.8328125 0.0484375 0.059765625
0 0.193359375 0.835546875 0.0546875 0.058203125
0 0.3046875 0.86953125 0.059765625 0.059765625
0 0.71875 0.840234375 0.06875 0.051171875
0 0.791796875 0.83515625 0.05859375 0.07421875
0 0.881640625 0.818359375 0.07890625 0.06328125
0 0.962890625 0.776953125 0.0484375 0.066796875
0 0.91484375 0.77578125 0.049609375 0.067578125
0 0.80859375 0.7765625 0.058203125 0.068359375
0 0.6875 0.8125 0.065234375 0.065625
0 0.7140625 0.753515625 0.06875 0.051953125
0 0.759765625 0.713671875 0.04375 0.063671875
0 0.8 0.69765625 0.0359375 0.0484375
0 0.8484375 0.723046875 0.05 0.0640625
0 0.897265625 0.70859375 0.0390625 0.055078125
0 0.937890625 0.68359375 0.042578125 0.04453125
0 0.977734375 0.687109375 0.04453125 0.04609375
0 0.641796875 0.7796875 0.051171875 0.04296875
0 0.575 0.816015625 0.05 0.058203125
0 0.259765625 0.803515625 0.05 0.04296875
0 0.31015625 0.816796875 0.04921875 0.041796875
0 0.133203125 0.753125 0.067578125 0.0390625
0 0.196484375 0.77109375 0.047265625 0.0484375
0 0.23203125 0.723046875 0.043359375 0.03359375
0 0.277734375 0.747265625 0.039453125 0.03828125
0 0.315625 0.769140625 0.05 0.029296875
0 0.119140625 0.714453125 0.0421875 0.03671875
0 0.163671875 0.637890625 0.04609375 0.0484375
0 0.126953125 0.665234375 0.04375 0.04375
0 0.09375 0.66640625 0.03828125 0.040234375
0 0.055078125 0.751953125 0.051171875 0.03984375
0 0.0234375 0.705078125 0.04453125 0.03515625