0 0.9828125 0.876171875 0.034375 0.06484375
0 0.783203125 0.74921875 0.06953125 0.059375
0 0.6046875 0.82734375 0.078125 0.0828125
0 0.674609375 0.830078125 0.05234375 0.069921875
0 0.706640625 0.8359375 0.059375 0.067578125
0 0.85234375 0.841015625 0.0671875 0.050390625
0 0.81171875 0.879296875 0.055859375 0.072265625
0 0.857421875 0.88359375 0.05390625 0.0515625
0 0.9078125 0.88203125 0.0796875 0.05234375
0 0.902734375 0.692578125 0.05390625 0.0625
0 0.846484375 0.719140625 0.0625 0.06328125
0 0.8203125 0.649609375 0.08125 0.062890625
0 0.7359375 0.575390625 0.088671875 0.051171875
0 0.834765625 0.5578125 0.071875 0.062109375
0 0.721484375 0.6328125 0.0703125 0.062109375
0 0.613671875 0.552734375 0.06015625 0.0703125
0 0.644921875 0.595703125 0.050390625 0.08125
0 0.49140625 0.610546875 0.071484375 0.07109375
0 0.451171875 0.655859375 0.07890625 0.053125
0 0.504296875 0.683203125 0.08671875 0.056640625
0 0.4546875 0.73203125 0.06484375 0.074609375
0 0.579296875 0.75546875 0.066796875 0.077734375
0 0.54375 0.795703125 0.046875 0.076171875
0 0.4953125 0.796875 0.065625 0.06484375
0 0.346875 0.8203125 0.080078125 0.056640625
0 0.3 0.7984375 0.084765625 0.0578125
0 0.40625 0.4421875 0.07265625 0.082421875
0 0.344140625 0.4875 0.089453125 0.053515625
0 0.304296875 0.531640625 0.085546875 0.069921875
0 0.444921875 0.53984375 0.073046875 0.04921875
0 0.98828125 0.11328125 0.0234375 0.071875
0 0.92109375 0.089453125 0.06875 0.0578125
0 0.949609375 0.19609375 0.06171875 0.065234375
0 0.958984375 0.161328125 0.06484375 0.048046875
0 0.90625 0.13671875 0.0671875 0.05390625
0 0.812890625 0.109765625 0.05 0.075390625
0 0.734765625 0.101953125 0.0640625 0.06796875
0 0.777734375 0.169921875 0.051171875 0.06953125
0 0.84375 0.148828125 0.0546875 0.072265625
0 0.890234375 0.17109375 0.059375 0.048046875
0 0.90859375 0.20546875 0.04921875 0.048046875
0 0.84921875 0.22421875 0.073828125 0.054296875
0 0.87734375 0.244921875 0.056640625 0.051171875
0 0.770703125 0.26875 0.046875 0.0734375
0 0.826171875 0.27890625 0.050390625 0.07578125
0 0.7453125 0.350390625 0.08203125 0.053125
0 0.8390625 0.342578125 0.05625 0.071484375
0 0.55078125 0.0984375 0.06015625 0.10859375
0 0.60390625 0.1109375 0.049609375 0.06953125
0 0.676953125 0.09375 0.043359375 0.07578125
0 0.643359375 0.119140625 0.05 0.070703125
0 0.633203125 0.1796875 0.065625 0.058203125
0 0.687109375 0.160546875 0.052734375 0.048046875
0 0.7296875 0.15390625 0.0515625 0.0734375
0 0.69140625 0.207421875 0.05703125 0.0671875
0 0.501171875 0.205859375 0.0578125 0.081640625
0 0.6 0.282421875 0.0703125 0.0515625
0 0.495703125 0.115625 0.052734375 0.084375
0 0.39609375 0.175390625 0.05625 0.071875
0 0.4015625 0.10078125 0.07734375 0.0546875
0 0.449609375 0.213671875 0.075390625 0.053125
0 0.4484375 0.264453125 0.0625 0.060546875
0 0.53125 0.248046875 0.062109375 0.052734375
0 0.3 0.11171875 0.06015625 0.078125
0 0.269921875 0.12734375 0.042578125 0.083203125
0 0.234375 0.129296875 0.04453125 0.071875
0 0.213671875 0.134375 0.0453125 0.07578125
0 0.181640625 0.130078125 0.048828125 0.0734375
0 0.1625 0.11953125 0.049609375 0.06953125
0 0.16171875 0.187890625 0.047265625 0.062890625
0 0.203125 0.187109375 0.05703125 0.069140625
0 0.2515625 0.193359375 0.080859375 0.04921875
0 0.1640625 0.2421875 0.053515625 0.059765625
0 0.2375 0.23984375 0.06796875 0.062109375
0 0.309765625 0.283203125 0.051953125 0.063671875
0 0.23359375 0.286328125 0.07109375 0.05703125
0 0.363671875 0.31875 0.068359375 0.063671875
0 0.40390625 0.33984375 0.072265625 0.05703125
0 0.162890625 0.29296875 0.05234375 0.053515625
0 0.153515625 0.328125 0.059765625 0.0609375
0 0.153125 0.3640625 0.076953125 0.043359375
0 0.151953125 0.4203125 0.071484375 0.047265625
0 0.15859375 0.3953125 0.078125 0.03984375
0 0.15546875 0.457421875 0.082421875 0.04140625
0 0.18125 0.495703125 0.054296875 0.060546875
0 0.14375 0.505078125 0.036328125 0.063671875
0 0.16171875 0.562109375 0.075 0.04375
0 0.3296875 0.591015625 0.05546875 0.075390625
0 0.266796875 0.609765625 0.064453125 0.061328125
0 0.208984375 0.61875 0.054296875 0.069140625
0 0.16640625 0.59375 0.062109375 0.04140625
0 0.168359375 0.626953125 0.05390625 0.03828125
0 0.1453125 0.6484375 0.0421875 0.046875
0 0.177734375 0.676171875 0.0671875 0.04140625
0 0.24609375 0.683984375 0.07578125 0.040625
0 0.1984375 0.69765625 0.068359375 0.04296875
0 0.1625 0.7171875 0.060546875 0.038671875
0 0.220703125 0.73125 0.075390625 0.040234375
0 0.15859375 0.751171875 0.04296875 0.041796875
0 0.1984375 0.762109375 0.045703125 0.04609375
0 0.225 0.778515625 0.065234375 0.036328125
0 0.23515625 0.823828125 0.058984375 0.076171875
0 0.191015625 0.816796875 0.057421875 0.039453125
0 0.16328125 0.790625 0.044921875 0.04375
0 0.187890625 0.851953125 0.06171875 0.04375
0 0.169921875 0.860546875 0.053515625 0.047265625
0 0.29453125 0.903125 0.05390625 0.036328125
0 0.34453125 0.898046875 0.063671875 0.0515625
0 0.79609375 0.423828125 0.07734375 0.04375
0 0.85078125 0.47109375 0.065234375 0.068359375
0 0.771484375 0.5015625 0.076953125 0.047265625
0 0.846875 0.102734375 0.053515625 0.0625