0 0.759375 0.662109375 0.060546875 0.076953125
0 0.74140625 0.502734375 0.06328125 0.070703125
0 0.619921875 0.368359375 0.046484375 0.073046875
0 0.965234375 0.141796875 0.06171875 0.051171875
0 0.986328125 0.116796875 0.02734375 0.06796875
0 0.947265625 0.10234375 0.058984375 0.04453125
0 0.930859375 0.145703125 0.054296875 0.051171875
0 0.91484375 0.187109375 0.079296875 0.048046875
0 0.90859375 0.1015625 0.053125 0.051953125
0 0.89375 0.158984375 0.06484375 0.073046875
0 0.872265625 0.102734375 0.02890625 0.0484375
0 0.845703125 0.151171875 0.051171875 0.070703125
0 0.83984375 0.11171875 0.052734375 0.064453125
0 0.7875 0.118359375 0.055078125 0.05546875
0 0.821484375 0.21484375 0.06015625 0.08203125
0 0.87109375 0.254296875 0.060546875 0.058203125
0 0.737890625 0.24453125 0.07734375 0.067578125
0 0.758984375 0.185546875 0.05 0.07109375
0 0.71640625 0.184765625 0.05078125 0.07421875
0 0.68359375 0.099609375 0.06484375 0.04375
0 0.71640625 0.118359375 0.044921875 0.080859375
0 0.678125 0.14453125 0.05234375 0.066796875
0 0.624609375 0.1375 0.05625 0.0640625
0 0.586328125 0.10625 0.064453125 0.05703125
0 0.626171875 0.30625 0.05078125 0.084375
0 0.5796875 0.3171875 0.046875 0.082421875
0 0.566796875 0.19140625 0.06171875 0.062109375
0 0.53671875 0.0984375 0.05703125 0.05078125
0 0.509375 0.151171875 0.04140625 0.08515625
0 0.480078125 0.097265625 0.05625 0.0875
0 0.423046875 0.103125 0.06484375 0.05625
0 0.391015625 0.135546875 0.073828125 0.046484375
0 0.366796875 0.10703125 0.059765625 0.073828125
0 0.403125 0.228515625 0.0515625 0.07734375
0 0.468359375 0.225 0.062890625 0.077734375
0 0.28203125 0.2203125 0.078515625 0.066796875
0 0.1984375 0.250390625 0.057421875 0.075
0 0.2359375 0.342578125 0.075390625 0.058203125
0 0.22890625 0.10546875 0.075 0.059375
0 0.18515625 0.119140625 0.055078125 0.066015625
0 0.132421875 0.1265625 0.058203125 0.0828125
0 0.130078125 0.10546875 0.06953125 0.047265625
0 0.246875 0.511328125 0.0796875 0.051171875
0 0.064453125 0.08984375 0.070703125 0.08828125
0 0.02109375 0.103125 0.0421875 0.066015625
0 0.0515625 0.253125 0.065625 0.079296875
0 0.308203125 0.6109375 0.050390625 0.087109375
0 0.405859375 0.844921875 0.071875 0.065625
0 0.413671875 0.8953125 0.076171875 0.0609375
0 0.32265625 0.88984375 0.06484375 0.061328125
0 0.276953125 0.97265625 0.06328125 0.0546875
0 0.2328125 0.94453125 0.079296875 0.06640625
0 0.22578125 0.800390625 0.0890625 0.04921875
0 0.198828125 0.840625 0.054296875 0.07109375
0 0.158984375 0.745703125 0.07578125 0.07578125
0 0.154296875 0.66875 0.06015625 0.065234375
0 0.099609375 0.69140625 0.061328125 0.078515625
0 0.086328125 0.62421875 0.106640625 0.084375
0 0.084375 0.967578125 0.0765625 0.06484375
0 0.04765625 0.96796875 0.0515625 0.0640625
0 0.06328125 0.891015625 0.084375 0.07734375
0 0.130078125 0.87109375 0.0640625 0.06953125
0 0.025 0.886328125 0.05 0.05390625
0 0.033984375 0.840625 0.06796875 0.0796875
0 0.98203125 0.881640625 0.034375 0.073828125
0 0.9921875 0.872265625 0.015625 0.06484375
0 0.951953125 0.8859375 0.048046875 0.06484375
0 0.916015625 0.87734375 0.0515625 0.075
0 0.82890625 0.887890625 0.069140625 0.05859375
0 0.77265625 0.86875 0.0546875 0.071484375
0 0.714453125 0.880078125 0.074609375 0.062109375
0 0.665234375 0.88828125 0.059765625 0.052734375
0 0.616015625 0.889453125 0.06171875 0.04765625
0 0.59453125 0.85 0.06953125 0.05546875
0 0.5484375 0.883203125 0.0625 0.05546875