0 0.975390625 0.20546875 0.04921875 0.0546875
0 0.854296875 0.28125 0.07265625 0.0671875
0 0.923046875 0.1140625 0.05546875 0.062109375
0 0.869140625 0.18359375 0.06953125 0.062109375
0 0.8765625 0.118359375 0.051953125 0.0796875
0 0.84609375 0.103125 0.059375 0.059765625
0 0.812890625 0.166015625 0.066796875 0.070703125
0 0.7703125 0.145703125 0.080859375 0.073046875
0 0.803125 0.108203125 0.04296875 0.062109375
0 0.77578125 0.098046875 0.035546875 0.058203125
0 0.746875 0.1015625 0.04609375 0.060546875
0 0.714453125 0.108984375 0.048046875 0.06796875
0 0.6828125 0.10078125 0.05703125 0.0484375
0 0.717578125 0.17421875 0.066015625 0.0546875
0 0.6375 0.103515625 0.04375 0.06953125
0 0.593359375 0.113671875 0.050390625 0.0625
0 0.615625 0.146875 0.063671875 0.05390625
0 0.66796875 0.133984375 0.05703125 0.05
0 0.6671875 0.18203125 0.048046875 0.074609375
0 0.632421875 0.1890625 0.0546875 0.078125
0 0.57265625 0.187890625 0.07265625 0.061328125
0 0.6890625 0.28671875 0.050390625 0.083984375
0 0.75390625 0.302734375 0.052734375 0.069921875
0 0.5921875 0.24765625 0.062890625 0.060546875
0 0.632421875 0.324609375 0.083203125 0.062109375
0 0.484375 0.093359375 0.06953125 0.060546875
0 0.48984375 0.16640625 0.062890625 0.0640625
0 0.43359375 0.11484375 0.05546875 0.072265625
0 0.4265625 0.1640625 0.0578125 0.073046875
0 0.4328125 0.223046875 0.075 0.053125
0 0.434375 0.294140625 0.049609375 0.083984375
0 0.380078125 0.290625 0.051171875 0.0828125
0 0.353515625 0.40078125 0.051171875 0.07890625
0 0.384765625 0.10625 0.04453125 0.06875
0 0.38359375 0.17890625 0.05703125 0.073046875
0 0.333203125 0.2265625 0.064453125 0.070703125
0 0.31015625 0.27421875 0.07421875 0.055859375
0 0.246875 0.31484375 0.066796875 0.055859375
0 0.206640625 0.33515625 0.046875 0.0796875
0 0.159765625 0.336328125 0.067578125 0.05078125
0 0.2625 0.18984375 0.066796875 0.078125
0 0.292578125 0.16640625 0.062890625 0.069921875
0 0.35 0.153515625 0.07578125 0.058203125
0 0.352734375 0.105859375 0.048046875 0.055859375
0 0.313671875 0.0953125 0.04140625 0.05
0 0.285546875 0.094921875 0.04765625 0.0515625
0 0.2625 0.0953125 0.04140625 0.044921875
0 0.280859375 0.122265625 0.04375 0.03515625
0 0.2390625 0.093359375 0.040625 0.057421875
0 0.2421875 0.12890625 0.04375 0.0515625
0 0.2078125 0.10390625 0.040234375 0.0625
0 0.173828125 0.10078125 0.046875 0.072265625
0 0.2109375 0.159375 0.0453125 0.0796875
0 0.186328125 0.180859375 0.047265625 0.070703125
0 0.15859375 0.19453125 0.051953125 0.041796875
0 0.151171875 0.2078125 0.053515625 0.05390625
0 0.119921875 0.20546875 0.046875 0.041796875
0 0.0828125 0.23359375 0.05859375 0.047265625
0 0.134765625 0.24296875 0.05859375 0.0515625
0 0.162890625 0.276171875 0.052734375 0.056640625
0 0.2015625 0.246875 0.07578125 0.06328125
0 0.143359375 0.100390625 0.067578125 0.055078125
0 0.156640625 0.13359375 0.04765625 0.031640625
0 0.123828125 0.143359375 0.04296875 0.056640625
0 0.12578125 0.175 0.037890625 0.030859375
0 0.096875 0.09375 0.048046875 0.05390625
0 0.06328125 0.09765625 0.04375 0.0515625
0 0.021484375 0.090625 0.04296875 0.055078125
0 0.017578125 0.21640625 0.03515625 0.071875
0 0.058984375 0.269921875 0.06171875 0.075390625
0 0.021875 0.178515625 0.04375 0.06171875
0 0.06484375 0.173046875 0.048046875 0.0671875
0 0.0921875 0.133203125 0.06171875 0.03984375
0 0.0203125 0.13515625 0.040625 0.05078125
0 0.010546875 0.422265625 0.020703125 0.074609375
0 0.068359375 0.4828125 0.066796875 0.09140625
0 0.010546875 0.54609375 0.020703125 0.056640625
0 0.021484375 0.63671875 0.04296875 0.06484375
0 0.033984375 0.6765625 0.06796875 0.0609375
0 0.0140625 0.7 0.028125 0.0484375
0 0.058984375 0.737109375 0.077734375 0.0546875
0 0.094921875 0.648046875 0.0609375 0.0765625
0 0.171875 0.62421875 0.08671875 0.06796875
0 0.265625 0.59609375 0.068359375 0.06640625
0 0.083984375 0.8328125 0.084375 0.09140625
0 0.20703125 0.834375 0.06953125 0.058203125
0 0.337109375 0.70234375 0.08671875 0.061328125
0 0.441015625 0.6140625 0.071875 0.06875
0 0.351953125 0.801171875 0.051171875 0.06875
0 0.405078125 0.869921875 0.096484375 0.05
0 0.499609375 0.8609375 0.082421875 0.055859375
0 0.52578125 0.723828125 0.053515625 0.072265625
0 0.6734375 0.68828125 0.05625 0.0671875
0 0.658203125 0.755859375 0.069140625 0.06875
0 0.734765625 0.794140625 0.064453125 0.073828125
0 0.76875 0.75234375 0.067578125 0.055078125
0 0.90078125 0.844140625 0.079296875 0.055078125
0 0.558984375 0.488671875 0.0671875 0.05546875