0 0.914453125 0.483203125 0.059375 0.08828125
0 0.762890625 0.614453125 0.084375 0.06171875
0 0.853125 0.88359375 0.065234375 0.073828125
0 0.978125 0.87421875 0.043359375 0.078125
0 0.6703125 0.8046875 0.056640625 0.080078125
0 0.696484375 0.853515625 0.0640625 0.066796875
0 0.630078125 0.8421875 0.043359375 0.0828125
0 0.645703125 0.87734375 0.054296875 0.07734375
0 0.573828125 0.852734375 0.059375 0.0734375
0 0.6015625 0.874609375 0.04921875 0.0703125
0 0.2234375 0.72421875 0.06171875 0.080859375
0 0.0171875 0.79921875 0.034375 0.0625
0 0.048828125 0.699609375 0.066796875 0.06875
0 0.019921875 0.7125 0.03984375 0.076171875