0 0.012109375 0.551171875 0.02421875 0.07421875
0 0.090625 0.496875 0.071875 0.086328125
0 0.088671875 0.74921875 0.08515625 0.104296875
0 0.160546875 0.75234375 0.07421875 0.087109375
0 0.16171875 0.82109375 0.0671875 0.073046875
0 0.402734375 0.480859375 0.07578125 0.09296875
0 0.601953125 0.507421875 0.065625 0.0984375
0 0.821875 0.381640625 0.10078125 0.070703125
0 0.927734375 0.357421875 0.066015625 0.09296875
0 0.984765625 0.45234375 0.030078125 0.047265625
0 0.909765625 0.630078125 0.05625 0.081640625
0 0.91484375 0.740234375 0.100390625 0.093359375
0 0.60546875 0.7625 0.06484375 0.10078125
0 0.63671875 0.830859375 0.090234375 0.06640625
0 0.614453125 0.887890625 0.084375 0.05703125
0 0.533984375 0.9 0.080859375 0.046484375
0 0.5875 0.83828125 0.062109375 0.05859375
0 0.5609375 0.86875 0.0796875 0.051953125
0 0.4703125 0.898046875 0.0828125 0.044140625
0 0.423046875 0.85859375 0.069921875 0.06015625
0 0.481640625 0.87109375 0.064453125 0.04140625
0 0.48203125 0.84453125 0.065234375 0.0359375
0 0.480078125 0.81484375 0.061328125 0.053515625
0 0.516796875 0.818359375 0.044921875 0.053515625
0 0.551171875 0.803515625 0.0515625 0.09140625
0 0.473046875 0.7765625 0.08359375 0.0453125
0 0.984375 0.103125 0.03125 0.075
0 0.93046875 0.1125 0.097265625 0.06796875
0 0.912890625 0.181640625 0.075 0.071484375
0 0.85078125 0.301953125 0.079296875 0.093359375
0 0.7546875 0.24609375 0.059765625 0.086328125
0 0.698046875 0.34140625 0.06171875 0.083984375
0 0.546484375 0.341015625 0.05625 0.0875
0 0.467578125 0.2953125 0.054296875 0.08515625
0 0.858984375 0.18203125 0.0890625 0.072265625
0 0.80859375 0.15546875 0.090625 0.07734375
0 0.746484375 0.153125 0.051171875 0.08828125
0 0.7 0.16171875 0.0546875 0.094140625
0 0.725 0.06484375 0.069140625 0.098046875
0 0.65625 0.058203125 0.08671875 0.057421875
0 0.6046875 0.05859375 0.078515625 0.058203125
0 0.55625 0.0546875 0.059765625 0.06484375
0 0.56015625 0.105859375 0.05859375 0.09765625
0 0.596875 0.0984375 0.0546875 0.08515625
0 0.63515625 0.09765625 0.09453125 0.052734375
0 0.6359375 0.1390625 0.0609375 0.0609375
0 0.608984375 0.16875 0.042578125 0.09453125
0 0.565234375 0.165625 0.055859375 0.086328125
0 0.487890625 0.15 0.074609375 0.073046875
0 0.498828125 0.0671875 0.048046875 0.083203125
0 0.456640625 0.06328125 0.069921875 0.069140625
0 0.403125 0.061328125 0.063671875 0.0625
0 0.433984375 0.256640625 0.080859375 0.055859375
0 0.37265625 0.262890625 0.05546875 0.0921875
0 0.33515625 0.221484375 0.071484375 0.0703125
0 0.416796875 0.21640625 0.09453125 0.0484375
0 0.43515625 0.178515625 0.059765625 0.09140625
0 0.378125 0.186328125 0.07890625 0.058984375
0 0.39921875 0.150390625 0.076171875 0.05703125
0 0.33125 0.165625 0.075 0.065234375
0 0.3109375 0.1359375 0.06953125 0.066015625
0 0.3625 0.095703125 0.072265625 0.069140625
0 0.317578125 0.0703125 0.060546875 0.080078125
0 0.283203125 0.0859375 0.064453125 0.0703125
0 0.258203125 0.127734375 0.079296875 0.08984375
0 0.23984375 0.083203125 0.06015625 0.08671875
0 0.202734375 0.073828125 0.0453125 0.08984375
0 0.170703125 0.06953125 0.056640625 0.0828125
0 0.125390625 0.077734375 0.06875 0.08203125
0 0.075390625 0.06640625 0.076171875 0.078125