0 0.1640625 0.734765625 0.06875 0.06953125
0 0.334375 0.749609375 0.06640625 0.05390625
0 0.2390625 0.846484375 0.06875 0.06484375
0 0.328515625 0.79765625 0.069140625 0.054296875
0 0.33671875 0.857421875 0.069140625 0.069921875
0 0.39765625 0.84140625 0.05234375 0.079296875
0 0.124609375 0.884765625 0.0046875 0.00234375
0 0.5265625 0.77734375 0.040234375 0.072265625
0 0.5640625 0.778515625 0.04140625 0.0734375
0 0.499609375 0.81484375 0.0515625 0.05
0 0.522265625 0.847265625 0.053125 0.046875
0 0.47265625 0.8609375 0.04609375 0.07109375
0 0.495703125 0.88203125 0.053125 0.051953125
0 0.43984375 0.859375 0.0453125 0.0625
0 0.357421875 0.523046875 0.054296875 0.062890625
0 0.507421875 0.567578125 0.060546875 0.05625
0 0.441796875 0.28046875 0.0828125 0.050390625
0 0.3625 0.26015625 0.068359375 0.05078125
0 0.396875 0.334765625 0.055859375 0.06953125
0 0.068359375 0.21953125 0.071875 0.055078125
0 0.63203125 0.1109375 0.050390625 0.0640625
0 0.8265625 0.228125 0.063671875 0.051953125
0 0.7859375 0.299609375 0.07265625 0.06328125
0 0.8390625 0.254296875 0.053515625 0.045703125
0 0.030078125 0.56171875 0.059765625 0.046875
0 0.15546875 0.615234375 0.0640625 0.053515625
0 0.503125 0.40078125 0.07265625 0.053125