0 0.0296875 0.847265625 0.059375 0.06796875
0 0.12578125 0.871875 0.072265625 0.06328125
0 0.202734375 0.886328125 0.073828125 0.065625
0 0.9609375 0.88984375 0.078125 0.055859375
0 0.85 0.869921875 0.06484375 0.0765625
0 0.642578125 0.866796875 0.0671875 0.063671875
0 0.556640625 0.866796875 0.058984375 0.070703125
0 0.158203125 0.71875 0.06875 0.059765625
0 0.089453125 0.7171875 0.056640625 0.076171875
0 0.853125 0.37890625 0.054296875 0.075
0 0.9109375 0.392578125 0.0703125 0.0703125
0 0.745703125 0.31484375 0.058203125 0.080078125
0 0.666015625 0.250390625 0.0640625 0.07265625
0 0.61640625 0.19140625 0.058203125 0.080078125
0 0.734765625 0.48671875 0.073828125 0.0640625
0 0.509375 0.438671875 0.052734375 0.073828125
0 0.503515625 0.54140625 0.056640625 0.065625
0 0.386328125 0.500390625 0.053515625 0.06796875
0 0.308984375 0.452734375 0.07734375 0.058984375
0 0.237109375 0.451171875 0.08046875 0.06953125
0 0.254296875 0.491796875 0.05703125 0.064453125
0 0.2859375 0.528515625 0.078515625 0.05625
0 0.1828125 0.521875 0.05546875 0.072265625
0 0.151953125 0.448828125 0.065625 0.0953125
0 0.03671875 0.406640625 0.0734375 0.05390625
0 0.06015625 0.35859375 0.083984375 0.053515625
0 0.032421875 0.09921875 0.06484375 0.0546875
0 0.167578125 0.10546875 0.0765625 0.068359375
0 0.224609375 0.096484375 0.073828125 0.051171875
0 0.2859375 0.112109375 0.0578125 0.065625
0 0.237890625 0.18984375 0.0828125 0.05859375
0 0.3296875 0.21875 0.070703125 0.05703125
0 0.326171875 0.16875 0.06953125 0.063671875
0 0.336328125 0.1109375 0.0546875 0.06640625
0 0.39375 0.09765625 0.064453125 0.060546875
0 0.426171875 0.11796875 0.053125 0.08203125
0 0.50390625 0.18984375 0.0796875 0.08125
0 0.49921875 0.106640625 0.069921875 0.06171875
0 0.553125 0.141015625 0.06640625 0.0625
0 0.755859375 0.21171875 0.05859375 0.071484375
0 0.825 0.159765625 0.05078125 0.0875
0 0.748828125 0.155859375 0.0796875 0.05078125
0 0.63359375 0.137109375 0.08125 0.055859375
0 0.611328125 0.103515625 0.071875 0.05