0 0.15859375 0.13125 0.0703125 0.037109375
0 0.16015625 0.103515625 0.0546875 0.033984375
0 0.1875 0.156640625 0.0515625 0.05625
0 0.153125 0.175390625 0.0578125 0.04140625
0 0.18125 0.19921875 0.06953125 0.049609375
0 0.22421875 0.193359375 0.051953125 0.040234375
0 0.204296875 0.11953125 0.0390625 0.038671875
0 0.219921875 0.149609375 0.04296875 0.03984375
0 0.26875 0.212109375 0.0875 0.043359375
0 0.15234375 0.21796875 0.0421875 0.04140625
0 0.1625 0.245703125 0.070703125 0.03125
0 0.155078125 0.279296875 0.067578125 0.0421875
0 0.2296875 0.241015625 0.0796875 0.0453125
0 0.21015625 0.277734375 0.07109375 0.048046875
0 0.17734375 0.317578125 0.046875 0.065234375
0 0.2125 0.326171875 0.064453125 0.05
0 0.1453125 0.30859375 0.054296875 0.04375
0 0.14765625 0.36796875 0.06953125 0.03671875
0 0.1546875 0.341796875 0.061328125 0.037109375
0 0.13046875 0.400390625 0.054296875 0.051953125
0 0.1765625 0.3953125 0.07109375 0.053125
0 0.134375 0.471875 0.091015625 0.046875
0 0.14296875 0.437890625 0.060546875 0.037109375
0 0.184375 0.425390625 0.059375 0.04765625
0 0.225 0.41328125 0.083203125 0.043359375
0 0.164453125 0.525 0.069140625 0.058203125
0 0.153125 0.499609375 0.08125 0.029296875
0 0.150390625 0.579296875 0.057421875 0.040234375
0 0.241015625 0.537890625 0.06015625 0.064453125
0 0.2015625 0.57265625 0.04296875 0.0625
0 0.16796875 0.61171875 0.0734375 0.042578125
0 0.21640625 0.64296875 0.0703125 0.059765625
0 0.162890625 0.640234375 0.055078125 0.041015625
0 0.156640625 0.680078125 0.049609375 0.04609375
0 0.1734375 0.6984375 0.05625 0.0359375
0 0.22109375 0.72265625 0.075 0.056640625
0 0.167578125 0.742578125 0.05859375 0.054296875
0 0.21796875 0.758984375 0.068359375 0.0421875
0 0.172265625 0.805078125 0.0625 0.048828125
0 0.17109375 0.78125 0.05546875 0.032421875
0 0.214453125 0.79140625 0.065625 0.037890625
0 0.197265625 0.8421875 0.061328125 0.048828125
0 0.1734375 0.8671875 0.075 0.045703125
0 0.261328125 0.88046875 0.062890625 0.07265625
0 0.28046875 0.7828125 0.068359375 0.080078125
0 0.306640625 0.725 0.08203125 0.06171875
0 0.374609375 0.766796875 0.062109375 0.06328125
0 0.4078125 0.8296875 0.051953125 0.078125
0 0.45 0.8421875 0.07578125 0.069921875
0 0.49140625 0.780078125 0.05 0.065625
0 0.643359375 0.7890625 0.062890625 0.083203125
0 0.7484375 0.844921875 0.053125 0.07421875
0 0.71015625 0.65390625 0.046484375 0.071484375
0 0.6078125 0.655078125 0.057421875 0.04921875
0 0.482421875 0.398046875 0.081640625 0.033984375
0 0.348828125 0.59453125 0.0828125 0.05859375
0 0.5546875 0.483984375 0.056640625 0.063671875
0 0.589453125 0.51796875 0.07421875 0.05390625
0 0.6484375 0.4375 0.064453125 0.04609375
0 0.678125 0.512109375 0.053125 0.068359375
0 0.563671875 0.576171875 0.059375 0.073046875
0 0.533984375 0.601171875 0.07578125 0.069921875
0 0.524609375 0.66328125 0.056640625 0.057421875
0 0.473828125 0.6109375 0.056640625 0.069140625
0 0.2296875 0.102734375 0.03984375 0.049609375
0 0.2328125 0.146484375 0.0421875 0.04453125
0 0.2671875 0.16796875 0.055859375 0.046875
0 0.31875 0.184375 0.053125 0.06484375
0 0.2609375 0.093359375 0.033984375 0.04609375
0 0.259765625 0.13046875 0.033984375 0.048046875
0 0.284765625 0.13984375 0.039453125 0.044921875
0 0.28046875 0.1015625 0.041796875 0.055859375
0 0.31328125 0.09921875 0.03984375 0.051171875
0 0.323828125 0.14140625 0.05625 0.0515625
0 0.340625 0.094921875 0.044921875 0.037890625
0 0.345703125 0.126953125 0.065625 0.0359375
0 0.3765625 0.09140625 0.04453125 0.043359375
0 0.4125 0.096875 0.04765625 0.050390625
0 0.38203125 0.1359375 0.0578125 0.05
0 0.390234375 0.16015625 0.061328125 0.033984375
0 0.38359375 0.204296875 0.063671875 0.058984375
0 0.44296875 0.190234375 0.05625 0.0578125
0 0.43515625 0.135546875 0.055078125 0.06640625
0 0.43671875 0.092578125 0.046484375 0.0484375
0 0.46875 0.091015625 0.03984375 0.047265625
0 0.509375 0.09296875 0.059765625 0.041015625
0 0.487109375 0.1234375 0.056640625 0.0609375
0 0.4828125 0.1578125 0.0546875 0.050390625
0 0.519921875 0.150390625 0.058984375 0.0515625
0 0.533203125 0.121484375 0.067578125 0.0515625
0 0.49140625 0.19765625 0.076171875 0.0625
0 0.559765625 0.107421875 0.040625 0.07109375
0 0.271875 0.265234375 0.07421875 0.0515625
0 0.294921875 0.303125 0.090625 0.050390625
0 0.2671875 0.33828125 0.076171875 0.04140625
0 0.2671875 0.3828125 0.065234375 0.05859375
0 0.459375 0.285546875 0.06875 0.0625
0 0.64375 0.337109375 0.053125 0.06953125
0 0.64140625 0.084765625 0.0578125 0.048828125
0 0.610546875 0.153125 0.046484375 0.06953125
0 0.591015625 0.12734375 0.04609375 0.061328125
0 0.580859375 0.0921875 0.042578125 0.03984375
0 0.6109375 0.0984375 0.0515625 0.050390625
0 0.64765625 0.121484375 0.047265625 0.0578125
0 0.63828125 0.181640625 0.05390625 0.07890625
0 0.675390625 0.179296875 0.05234375 0.06796875
0 0.684375 0.222265625 0.048828125 0.069921875
0 0.681640625 0.121484375 0.058984375 0.053515625
0 0.68203125 0.09453125 0.048828125 0.047265625
0 0.701171875 0.08984375 0.044140625 0.05234375
0 0.72734375 0.09453125 0.045703125 0.059765625
0 0.719140625 0.212890625 0.044921875 0.06640625
0 0.746484375 0.22421875 0.043359375 0.064453125
0 0.781640625 0.230859375 0.03828125 0.059375
0 0.707421875 0.133984375 0.0421875 0.04375
0 0.708203125 0.17265625 0.0359375 0.046484375
0 0.73671875 0.165234375 0.04375 0.059765625
0 0.76484375 0.191015625 0.04609375 0.044140625
0 0.754296875 0.130078125 0.047265625 0.059375
0 0.7875 0.157421875 0.05390625 0.056640625
0 0.75625 0.08828125 0.038671875 0.040625
0 0.792578125 0.091796875 0.048046875 0.054296875
0 0.80625 0.10859375 0.04375 0.04765625
0 0.8234375 0.137109375 0.03984375 0.04453125
0 0.82578125 0.176171875 0.05 0.046875
0 0.797265625 0.195703125 0.040234375 0.03828125
0 0.8234375 0.229296875 0.056640625 0.070703125
0 0.853515625 0.189453125 0.03984375 0.04453125
0 0.86640625 0.231640625 0.0546875 0.041015625
0 0.886328125 0.21953125 0.04765625 0.056640625
0 0.83203125 0.087890625 0.055859375 0.049609375
0 0.849609375 0.133203125 0.04765625 0.05703125
0 0.8890625 0.16953125 0.0546875 0.058203125
0 0.864453125 0.089453125 0.05078125 0.052734375
0 0.888671875 0.110546875 0.045703125 0.08046875
0 0.930078125 0.2015625 0.050390625 0.076171875
0 0.938671875 0.27578125 0.05546875 0.070703125
0 0.955078125 0.230859375 0.053515625 0.046484375
0 0.968359375 0.20625 0.062890625 0.055859375
0 0.989453125 0.178515625 0.02109375 0.03828125
0 0.952734375 0.16171875 0.0609375 0.05703125
0 0.918359375 0.153125 0.04765625 0.048046875
0 0.94296875 0.1078125 0.039453125 0.0625
0 0.96796875 0.101171875 0.03984375 0.059765625
0 0.9734375 0.149609375 0.034375 0.050390625
0 0.9890625 0.089453125 0.021875 0.07265625
0 0.990625 0.142578125 0.01875 0.053515625
0 0.90703125 0.087890625 0.047265625 0.044140625
0 0.93984375 0.08671875 0.0453125 0.049609375
0 0.98359375 0.5390625 0.032421875 0.060546875
0 0.909765625 0.548046875 0.047265625 0.061328125
0 0.819921875 0.65546875 0.04609375 0.08046875
0 0.9671875 0.5890625 0.065234375 0.051171875
0 0.967578125 0.69375 0.044921875 0.058984375
0 0.980859375 0.66328125 0.03828125 0.050390625
0 0.98828125 0.716796875 0.0234375 0.06484375
0 0.981640625 0.79921875 0.03671875 0.084375
0 0.975 0.859765625 0.05 0.05078125
0 0.90390625 0.76953125 0.04609375 0.0734375
0 0.83203125 0.815234375 0.048828125 0.0765625
0 0.86796875 0.8875 0.066015625 0.0546875
0 0.7171875 0.9484375 0.068359375 0.074609375