0 0.28203125 0.12109375 0.079296875 0.064453125
0 0.432421875 0.130078125 0.06796875 0.0671875
0 0.47890625 0.555859375 0.05625 0.09140625
0 0.44921875 0.63984375 0.073046875 0.078515625
0 0.409375 0.72734375 0.06640625 0.078125
0 0.269140625 0.894140625 0.081640625 0.058203125
0 0.106640625 0.873046875 0.064453125 0.08359375
0 0.447265625 0.851171875 0.060546875 0.087109375
0 0.401171875 0.857421875 0.052734375 0.08203125
0 0.019140625 0.84453125 0.03828125 0.0734375
0 0.926171875 0.82421875 0.081640625 0.0734375
0 0.827734375 0.6640625 0.069140625 0.07734375
0 0.9390625 0.5140625 0.075 0.0796875
0 0.984765625 0.17265625 0.03046875 0.05078125
0 0.98046875 0.21796875 0.0390625 0.055859375
0 0.0859375 0.489453125 0.075 0.087109375