0 0.959375 0.656640625 0.08125 0.09609375
0 0.75625 0.548828125 0.0609375 0.07734375
0 0.866796875 0.56171875 0.069921875 0.062109375
0 0.82578125 0.803125 0.0703125 0.078515625
0 0.406640625 0.8140625 0.0765625 0.053125
0 0.578125 0.707421875 0.04453125 0.078515625
0 0.537890625 0.716796875 0.05234375 0.07265625
0 0.522265625 0.76640625 0.05625 0.083203125
0 0.472265625 0.83046875 0.058984375 0.077734375
0 0.6015625 0.869140625 0.0625 0.07109375
0 0.528125 0.838671875 0.075390625 0.05625
0 0.555859375 0.898828125 0.06171875 0.065625
0 0.165625 0.7953125 0.06796875 0.072265625
0 0.0578125 0.475 0.09296875 0.07109375
0 0.16796875 0.3234375 0.066015625 0.088671875
0 0.033203125 0.36875 0.06640625 0.078125
0 0.259375 0.11015625 0.05625 0.071875