0 0.900390625 0.708203125 0.091796875 0.0921875
0 0.66484375 0.66640625 0.078125 0.077734375
0 0.603515625 0.71640625 0.078125 0.073828125
0 0.745703125 0.85859375 0.072265625 0.06484375
0 0.798046875 0.791796875 0.075 0.08046875
0 0.62734375 0.887890625 0.058203125 0.067578125
0 0.440234375 0.780078125 0.062890625 0.087890625
0 0.441015625 0.8609375 0.0734375 0.062890625
0 0.486328125 0.819921875 0.0609375 0.07890625
0 0.50625 0.8828125 0.07265625 0.0625
0 0.76640625 0.48359375 0.073046875 0.101953125
0 0.869140625 0.4296875 0.07890625 0.084765625
0 0.68046875 0.478125 0.098828125 0.06328125
0 0.8734375 0.33828125 0.0609375 0.071875
0 0.80859375 0.311328125 0.077734375 0.072265625
0 0.90078125 0.25859375 0.069140625 0.08671875
0 0.9203125 0.07734375 0.072265625 0.0765625
0 0.96953125 0.058984375 0.0609375 0.03828125
0 0.92109375 0.129296875 0.084765625 0.058203125
0 0.972265625 0.172265625 0.05546875 0.06953125
0 0.959375 0.09765625 0.05546875 0.055078125
0 0.988671875 0.105078125 0.02265625 0.05078125
0 0.928125 0.17734375 0.074609375 0.069140625
0 0.84921875 0.191015625 0.083984375 0.05859375
0 0.783203125 0.155078125 0.055078125 0.0953125
0 0.78515625 0.10234375 0.0859375 0.055859375
0 0.746875 0.173046875 0.056640625 0.08828125
0 0.681640625 0.1203125 0.076171875 0.076953125
0 0.72890625 0.1328125 0.064453125 0.081640625
0 0.74375 0.0765625 0.071484375 0.068359375
0 0.69765625 0.06875 0.05078125 0.0546875
0 0.656640625 0.090625 0.05 0.084375
0 0.615625 0.089453125 0.054296875 0.080859375
0 0.413671875 0.060546875 0.062890625 0.10546875
0 0.383984375 0.0875 0.055859375 0.0875
0 0.5 0.06796875 0.045703125 0.05390625
0 0.45859375 0.06171875 0.05 0.1015625
0 0.5375 0.06875 0.041015625 0.05859375
0 0.575 0.066796875 0.049609375 0.04375
0 0.570703125 0.114453125 0.0609375 0.083984375
0 0.529296875 0.115234375 0.049609375 0.096875
0 0.48515625 0.109765625 0.0640625 0.086328125
0 0.385546875 0.1546875 0.06875 0.07890625
0 0.29140625 0.1 0.06484375 0.0890625
0 0.292578125 0.21015625 0.06328125 0.077734375
0 0.491015625 0.225390625 0.064453125 0.0765625
0 0.33046875 0.3515625 0.065625 0.098046875
0 0.238671875 0.351171875 0.090234375 0.091796875
0 0.308984375 0.459375 0.072265625 0.069140625
0 0.2078125 0.48671875 0.096484375 0.06171875
0 0.2296875 0.593359375 0.084765625 0.085546875
0 0.2640625 0.643359375 0.0578125 0.0765625
0 0.33828125 0.6734375 0.07109375 0.083984375
0 0.344140625 0.79140625 0.07890625 0.06171875
0 0.0828125 0.81015625 0.087109375 0.069921875
0 0.020703125 0.857421875 0.04140625 0.067578125
0 0.01875 0.903125 0.0375 0.0796875
0 0.137890625 0.844140625 0.0921875 0.0796875
0 0.06171875 0.865234375 0.0734375 0.05703125
0 0.05859375 0.909375 0.0765625 0.06484375
0 0.073828125 0.93203125 0.058984375 0.038671875
0 0.110546875 0.912890625 0.061328125 0.073046875
0 0.14921875 0.90859375 0.0484375 0.074609375
0 0.18828125 0.871484375 0.080078125 0.084375
0 0.20390625 0.912890625 0.079296875 0.08359375
0 0.06328125 0.672265625 0.08671875 0.090625
0 0.13359375 0.566015625 0.07265625 0.089453125
0 0.051953125 0.369140625 0.089453125 0.078125
0 0.076171875 0.131640625 0.0765625 0.081640625
0 0.119921875 0.105859375 0.0671875 0.09140625
0 0.162890625 0.1578125 0.084765625 0.068359375