0 0.7453125 0.096875 0.08046875 0.076953125
0 0.593359375 0.099609375 0.09140625 0.06484375
0 0.50390625 0.076171875 0.06953125 0.07421875
0 0.47734375 0.34375 0.06875 0.076171875
0 0.689453125 0.35078125 0.058984375 0.073828125
0 0.59453125 0.24140625 0.087109375 0.0578125
0 0.58046875 0.1828125 0.08125 0.055859375
0 0.454296875 0.139453125 0.091796875 0.063671875
0 0.35078125 0.152734375 0.084375 0.06875
0 0.986328125 0.20546875 0.02734375 0.0671875
0 0.9734375 0.269921875 0.053125 0.06484375
0 0.9734375 0.347265625 0.053125 0.057421875
0 0.730078125 0.467578125 0.0671875 0.06796875
0 0.6015625 0.4890625 0.08203125 0.0546875
0 0.758203125 0.536328125 0.065234375 0.0703125
0 0.739453125 0.690234375 0.069140625 0.059765625
0 0.6765625 0.738671875 0.08828125 0.061328125
0 0.83203125 0.755859375 0.08671875 0.065625
0 0.54453125 0.8734375 0.054296875 0.06796875
0 0.599609375 0.8890625 0.05078125 0.077734375
0 0.52265625 0.90703125 0.0625 0.064453125
0 0.69140625 0.926953125 0.043359375 0.085546875
0 0.05234375 0.908984375 0.1046875 0.07265625
0 0.219921875 0.8515625 0.079296875 0.067578125
0 0.333984375 0.8609375 0.09140625 0.0671875
0 0.368359375 0.74609375 0.0734375 0.0671875
0 0.136328125 0.840234375 0.102734375 0.0578125
0 0.17265625 0.775 0.083203125 0.052734375
0 0.117578125 0.76640625 0.06796875 0.084765625
0 0.072265625 0.742578125 0.066796875 0.09296875
0 0.053515625 0.581640625 0.0828125 0.062109375
0 0.11640625 0.608203125 0.077734375 0.05859375
0 0.1953125 0.580859375 0.06640625 0.0890625
0 0.052734375 0.462890625 0.090234375 0.0484375
0 0.102734375 0.408203125 0.070703125 0.06328125
0 0.21484375 0.462109375 0.076171875 0.065625
0 0.26953125 0.320703125 0.073046875 0.08515625
0 0.13984375 0.102734375 0.06015625 0.08828125
0 0.1046875 0.13984375 0.078125 0.078125
0 0.1796875 0.2 0.05859375 0.078515625
0 0.080078125 0.176171875 0.09296875 0.052734375
0 0.106640625 0.211328125 0.0875 0.05859375
0 0.45625 0.887890625 0.06484375 0.075