0 0.765625 0.116796875 0.04453125 0.05390625
0 0.8078125 0.129296875 0.048046875 0.069921875
0 0.7625 0.171875 0.051953125 0.0640625
0 0.863671875 0.3140625 0.05234375 0.066015625
0 0.92578125 0.3140625 0.049609375 0.054296875
0 0.9390625 0.347265625 0.03984375 0.045703125
0 0.972265625 0.288671875 0.05546875 0.05703125
0 0.973828125 0.341015625 0.046484375 0.058203125
0 0.860546875 0.394140625 0.0484375 0.06796875
0 0.903125 0.39296875 0.053125 0.058203125
0 0.9484375 0.41484375 0.04140625 0.066796875
0 0.575 0.174609375 0.053515625 0.0703125
0 0.62578125 0.123828125 0.076171875 0.06171875
0 0.693359375 0.149609375 0.06171875 0.055859375
0 0.629296875 0.166796875 0.067578125 0.042578125
0 0.69375 0.192578125 0.062109375 0.03828125
0 0.634375 0.211328125 0.055078125 0.0546875
0 0.676953125 0.225 0.048046875 0.051953125
0 0.7171875 0.235546875 0.055078125 0.06015625
0 0.726171875 0.4390625 0.050390625 0.070703125
0 0.76171875 0.46484375 0.049609375 0.04609375
0 0.8265625 0.44921875 0.046484375 0.058203125
0 0.86484375 0.47890625 0.049609375 0.046484375
0 0.78125 0.5015625 0.047265625 0.056640625
0 0.81640625 0.488671875 0.040234375 0.04296875
0 0.84765625 0.515625 0.069140625 0.03984375
0 0.788671875 0.563671875 0.044921875 0.056640625
0 0.664453125 0.47734375 0.06328125 0.05546875
0 0.583984375 0.49609375 0.06484375 0.0546875
0 0.455859375 0.5109375 0.066015625 0.050390625
0 0.95625 0.65625 0.047265625 0.06015625
0 0.9171875 0.662109375 0.038671875 0.04140625
0 0.88671875 0.67421875 0.036328125 0.04765625
0 0.904296875 0.701171875 0.037890625 0.040625
0 0.933984375 0.72265625 0.03671875 0.058203125
0 0.64375 0.77421875 0.071875 0.065625
0 0.288671875 0.641796875 0.06875 0.04453125
0 0.274609375 0.680078125 0.066015625 0.037109375
0 0.218359375 0.6890625 0.063671875 0.0515625
0 0.218359375 0.765234375 0.06875 0.055078125
0 0.276171875 0.76171875 0.0515625 0.0625
0 0.31328125 0.755859375 0.048046875 0.06015625
0 0.3515625 0.749609375 0.04609375 0.059375
0 0.43828125 0.6859375 0.0703125 0.055859375
0 0.4421875 0.562890625 0.06015625 0.04375
0 0.426953125 0.5921875 0.04453125 0.037109375
0 0.46953125 0.593359375 0.040234375 0.04140625
0 0.509765625 0.575390625 0.044921875 0.0390625
0 0.424609375 0.630859375 0.04765625 0.045703125
0 0.457421875 0.632421875 0.0421875 0.04375
0 0.475390625 0.639453125 0.04140625 0.05234375
0 0.512890625 0.630078125 0.041796875 0.05546875
0 0.548828125 0.538671875 0.037109375 0.058984375
0 0.58515625 0.553125 0.05 0.05625
0 0.552734375 0.59375 0.054296875 0.051953125
0 0.60703125 0.59296875 0.0515625 0.038671875
0 0.5671875 0.62265625 0.052734375 0.040625
0 0.619140625 0.623046875 0.051953125 0.04140625
0 0.576171875 0.659375 0.06328125 0.043359375
0 0.630859375 0.660546875 0.05703125 0.04609375
0 0.586328125 0.699609375 0.06328125 0.055078125
0 0.675 0.66484375 0.051171875 0.048046875
0 0.75 0.65078125 0.040234375 0.0546875
0 0.7046875 0.676953125 0.045703125 0.034765625
0 0.68203125 0.71171875 0.057421875 0.040625
0 0.737109375 0.698046875 0.041015625 0.041796875
0 0.778515625 0.677734375 0.048828125 0.03203125
0 0.76796875 0.716015625 0.04140625 0.034375
0 0.7859375 0.74765625 0.04296875 0.037890625
0 0.7328125 0.750390625 0.053515625 0.05
0 0.806640625 0.705078125 0.038671875 0.05078125
0 0.8375 0.69453125 0.0359375 0.050390625
0 0.86328125 0.69609375 0.03359375 0.048828125