0 0.8671875 0.25546875 0.078125 0.0609375
0 0.969921875 0.520703125 0.06015625 0.07734375
0 0.93125 0.87265625 0.071875 0.06875
0 0.976953125 0.894921875 0.04609375 0.06171875
0 0.74375 0.894140625 0.084375 0.05703125
0 0.73828125 0.7015625 0.059375 0.0796875
0 0.797265625 0.74375 0.06953125 0.0703125
0 0.849609375 0.732421875 0.07421875 0.07421875
0 0.859375 0.68359375 0.0671875 0.071875
0 0.57890625 0.303515625 0.0609375 0.07109375
0 0.58203125 0.371484375 0.0796875 0.06953125
0 0.5 0.34453125 0.0890625 0.0546875
0 0.28984375 0.292578125 0.084375 0.07421875
0 0.22890625 0.28359375 0.05859375 0.071875
0 0.230078125 0.3734375 0.07578125 0.0734375
0 0.30546875 0.4390625 0.0671875 0.078125
0 0.390625 0.45859375 0.065625 0.0953125
0 0.19765625 0.436328125 0.05625 0.08828125
0 0.093359375 0.403125 0.07890625 0.0765625
0 0.039453125 0.404296875 0.06171875 0.04921875
0 0.015234375 0.546875 0.03046875 0.048828125
0 0.046875 0.54140625 0.0421875 0.053125
0 0.46875 0.672265625 0.0875 0.07578125
0 0.48828125 0.829296875 0.065625 0.06328125
0 0.44765625 0.755078125 0.0671875 0.07265625
0 0.34453125 0.715234375 0.09375 0.06796875
0 0.204296875 0.69921875 0.07734375 0.05
0 0.151953125 0.671875 0.08515625 0.053125
0 0.149609375 0.712109375 0.06171875 0.06015625
0 0.38515625 0.7828125 0.071875 0.0609375
0 0.385546875 0.822265625 0.06328125 0.04296875
0 0.441796875 0.87421875 0.05546875 0.0796875
0 0.369140625 0.876171875 0.06015625 0.05703125
0 0.40703125 0.90625 0.075 0.0484375
0 0.319921875 0.80234375 0.05703125 0.078125
0 0.32109375 0.88203125 0.0734375 0.0609375
0 0.259375 0.78203125 0.0671875 0.0765625
0 0.271484375 0.858984375 0.04765625 0.07109375
0 0.181640625 0.76953125 0.06640625 0.065625
0 0.209375 0.815234375 0.0796875 0.04921875
0 0.13828125 0.79140625 0.075 0.053125
0 0.090625 0.778125 0.065625 0.08125
0 0.043359375 0.7515625 0.06796875 0.0828125
0 0.060546875 0.828125 0.07578125 0.0578125
0 0.103125 0.85625 0.0609375 0.0390625
0 0.178515625 0.898828125 0.05703125 0.05859375
0 0.1703125 0.85625 0.0875 0.0375
0 0.244140625 0.897265625 0.03984375 0.06953125
0 0.209375 0.883984375 0.053125 0.05703125
0 0.090625 0.88828125 0.071875 0.0453125
0 0.03984375 0.89765625 0.075 0.0578125
0 0.018359375 0.820703125 0.03515625 0.05859375
0 0.00859375 0.605859375 0.0171875 0.06484375
0 0.296875 0.908203125 0.0546875 0.056640625