0 0.03046875 0.115625 0.060546875 0.055078125
0 0.108984375 0.153515625 0.0671875 0.073046875
0 0.364453125 0.141796875 0.077734375 0.059765625
0 0.057421875 0.138671875 0.077734375 0.059375
0 0.102734375 0.428125 0.059375 0.06796875
0 0.040234375 0.865625 0.08046875 0.0765625
0 0.424609375 0.834765625 0.08125 0.07265625
0 0.49453125 0.85390625 0.080078125 0.06796875
0 0.578125 0.693359375 0.065625 0.06328125
0 0.575 0.47890625 0.05625 0.080859375
0 0.631640625 0.508203125 0.05625 0.0734375
0 0.927734375 0.22421875 0.080078125 0.072265625
0 0.466796875 0.191015625 0.0828125 0.073046875