0 0.855078125 0.85546875 0.0875 0.0703125
0 0.772265625 0.70625 0.082421875 0.103125
0 0.87890625 0.645703125 0.1015625 0.0734375
0 0.49921875 0.8671875 0.058203125 0.087890625
0 0.605859375 0.78359375 0.0734375 0.06875
0 0.5625 0.832421875 0.091796875 0.060546875
0 0.59921875 0.865234375 0.053515625 0.085546875
0 0.561328125 0.888671875 0.05546875 0.06796875
0 0.46875 0.549609375 0.0625 0.0859375
0 0.431640625 0.628515625 0.053515625 0.087890625
0 0.473828125 0.625 0.079296875 0.090625
0 0.587109375 0.583984375 0.07734375 0.069140625
0 0.77734375 0.416015625 0.0890625 0.076171875
0 0.52109375 0.391796875 0.065234375 0.079296875
0 0.589453125 0.298046875 0.0859375 0.070703125
0 0.453125 0.371875 0.079296875 0.077734375
0 0.98046875 0.213671875 0.0390625 0.06171875
0 0.978515625 0.069921875 0.04296875 0.08125
0 0.9390625 0.073046875 0.05859375 0.08671875
0 0.892578125 0.072265625 0.05 0.073828125
0 0.8484375 0.058203125 0.0546875 0.080859375
0 0.801953125 0.062890625 0.05703125 0.065234375
0 0.76015625 0.08984375 0.069921875 0.063671875
0 0.915234375 0.178125 0.06015625 0.0890625
0 0.844140625 0.178515625 0.07578125 0.07421875
0 0.78203125 0.144921875 0.061328125 0.075390625
0 0.871875 0.14296875 0.054296875 0.067578125
0 0.82890625 0.115625 0.057421875 0.05703125
0 0.873828125 0.0984375 0.080859375 0.055078125
0 0.034765625 0.39921875 0.06953125 0.0875
0 0.226953125 0.259375 0.060546875 0.094140625
0 0.228125 0.085546875 0.0515625 0.0953125
0 0.275 0.077734375 0.0515625 0.08203125
0 0.315234375 0.08046875 0.0515625 0.08203125
0 0.18203125 0.078125 0.0546875 0.07109375
0 0.020703125 0.196875 0.04140625 0.0890625
0 0.053515625 0.2375 0.063671875 0.08515625
0 0.115625 0.224609375 0.083984375 0.06171875
0 0.194921875 0.1421875 0.068359375 0.08515625
0 0.1421875 0.055859375 0.057421875 0.046484375
0 0.0890625 0.055859375 0.062890625 0.040234375
0 0.042578125 0.161328125 0.04765625 0.07265625
0 0.08203125 0.18125 0.05859375 0.0640625
0 0.10625 0.136328125 0.058203125 0.071875
0 0.05234375 0.1234375 0.0515625 0.06328125
0 0.078125 0.09296875 0.055859375 0.04765625
0 0.133203125 0.090234375 0.065234375 0.0328125
0 0.15078125 0.11953125 0.051953125 0.0703125
0 0.03671875 0.067578125 0.0609375 0.074609375
0 0.017578125 0.068359375 0.03515625 0.05078125
0 0.018359375 0.119921875 0.036328125 0.05625
0 0.3953125 0.107421875 0.070703125 0.080859375
0 0.501953125 0.07265625 0.0734375 0.065234375
0 0.60078125 0.081640625 0.06640625 0.08359375
0 0.555859375 0.076171875 0.051953125 0.096484375
0 0.316796875 0.26640625 0.0671875 0.078125
0 0.379296875 0.3140625 0.061328125 0.08671875
0 0.261328125 0.12421875 0.0609375 0.097265625