0 0.01484375 0.875 0.029296875 0.03125
0 0.06640625 0.870703125 0.078125 0.03046875
0 0.0421875 0.812890625 0.080078125 0.075
0 0.159765625 0.76796875 0.06328125 0.0734375
0 0.11328125 0.630859375 0.095703125 0.048828125
0 0.150390625 0.44921875 0.07421875 0.064453125
0 0.308203125 0.551171875 0.05390625 0.08125
0 0.340625 0.683984375 0.064453125 0.05
0 0.31484375 0.712890625 0.075 0.060546875
0 0.294921875 0.74609375 0.046875 0.0703125
0 0.370703125 0.767578125 0.09296875 0.05859375
0 0.33046875 0.826171875 0.059375 0.068359375
0 0.36640625 0.8828125 0.07421875 0.056640625
0 0.40859375 0.8625 0.0515625 0.068359375
0 0.4375 0.89375 0.0546875 0.0625
0 0.51484375 0.88203125 0.0625 0.0859375
0 0.57578125 0.880859375 0.05 0.076171875
0 0.63046875 0.8875 0.08515625 0.056640625
0 0.966796875 0.84765625 0.06640625 0.078125
0 0.7671875 0.74375 0.065625 0.090625
0 0.636328125 0.705078125 0.065625 0.05859375
0 0.546875 0.72109375 0.05859375 0.08125
0 0.559375 0.501953125 0.05078125 0.076171875
0 0.72578125 0.488671875 0.05859375 0.065625
0 0.8515625 0.351171875 0.072265625 0.0890625
0 0.98359375 0.216015625 0.0328125 0.07578125
0 0.7390625 0.392578125 0.0859375 0.052734375
0 0.725 0.279296875 0.04765625 0.076171875
0 0.9796875 0.073046875 0.040625 0.06484375
0 0.928125 0.09921875 0.0515625 0.07890625
0 0.8890625 0.08671875 0.05 0.076171875
0 0.82734375 0.090625 0.078125 0.068359375
0 0.7078125 0.1515625 0.0703125 0.068359375
0 0.58046875 0.206640625 0.059375 0.065625
0 0.552734375 0.097265625 0.05859375 0.0828125
0 0.50078125 0.0734375 0.056640625 0.0625
0 0.45546875 0.05546875 0.06171875 0.05859375
0 0.46015625 0.128125 0.048828125 0.0859375
0 0.370703125 0.171484375 0.0734375 0.05546875
0 0.348046875 0.2453125 0.0671875 0.068359375
0 0.314453125 0.18828125 0.044921875 0.0859375
0 0.3515625 0.099609375 0.048828125 0.07421875
0 0.187109375 0.060546875 0.08515625 0.056640625
0 0.159375 0.093359375 0.076171875 0.05546875
0 0.115234375 0.2265625 0.064453125 0.080078125
0 0.50625 0.363671875 0.075 0.04765625