0 0.721875 0.95625 0.050390625 0.06796875
0 0.7609375 0.8796875 0.06796875 0.0515625
0 0.40390625 0.62578125 0.080859375 0.048828125
0 0.409375 0.672265625 0.05234375 0.053515625
0 0.26171875 0.696484375 0.076953125 0.05078125
0 0.428515625 0.70625 0.043359375 0.0515625
0 0.373828125 0.673828125 0.03671875 0.05078125
0 0.346484375 0.71796875 0.04609375 0.0421875
0 0.34375 0.675 0.04609375 0.060546875
0 0.39921875 0.741015625 0.06171875 0.040234375
0 0.390234375 0.705078125 0.049609375 0.046875
0 0.151171875 0.605859375 0.06953125 0.051953125
0 0.182421875 0.648046875 0.0734375 0.05390625