0 0.84921875 0.7203125 0.084765625 0.084375
0 0.97265625 0.683984375 0.0546875 0.08828125
0 0.883984375 0.80859375 0.0859375 0.060546875
0 0.6109375 0.819140625 0.078125 0.082421875
0 0.527734375 0.886328125 0.053125 0.089453125
0 0.78125 0.866796875 0.064453125 0.071484375
0 0.910546875 0.86171875 0.06953125 0.0796875
0 0.7171875 0.882421875 0.065234375 0.05859375
0 0.6734375 0.869140625 0.0625 0.066015625
0 0.573046875 0.903515625 0.05859375 0.0734375
0 0.61875 0.87578125 0.063671875 0.063671875
0 0.654296875 0.91328125 0.085546875 0.04921875
0 0.0609375 0.88203125 0.087890625 0.0328125
0 0.07421875 0.8359375 0.063671875 0.084765625
0 0.162890625 0.805078125 0.0640625 0.08984375
0 0.02109375 0.515625 0.0421875 0.06171875
0 0.087890625 0.40546875 0.094140625 0.06171875
0 0.026171875 0.57890625 0.05234375 0.0859375
0 0.023828125 0.08515625 0.04765625 0.053515625
0 0.033203125 0.253515625 0.06640625 0.069921875
0 0.15234375 0.07578125 0.051953125 0.05859375
0 0.20234375 0.087109375 0.068359375 0.069140625
0 0.24375 0.108203125 0.0640625 0.06015625
0 0.30859375 0.091015625 0.0421875 0.066796875
0 0.109375 0.08046875 0.075 0.0609375
0 0.018359375 0.13515625 0.036328125 0.06484375
0 0.05234375 0.139453125 0.048046875 0.0734375
0 0.020703125 0.191015625 0.04140625 0.05546875
0 0.10078125 0.251953125 0.088671875 0.0796875
0 0.0578125 0.185546875 0.05546875 0.0671875
0 0.110546875 0.190234375 0.058984375 0.056640625
0 0.103125 0.129296875 0.073046875 0.051953125
0 0.287109375 0.146484375 0.05625 0.08046875
0 0.2921875 0.221484375 0.0765625 0.075
0 0.165625 0.250390625 0.05625 0.078125
0 0.178515625 0.2109375 0.062890625 0.059375
0 0.21875 0.241015625 0.059375 0.087890625
0 0.234375 0.18828125 0.06875 0.064453125
0 0.146484375 0.161328125 0.05859375 0.048828125
0 0.169140625 0.124609375 0.0671875 0.064453125
0 0.22890625 0.141796875 0.069921875 0.045703125
0 0.3671875 0.078515625 0.0671875 0.040625
0 0.341796875 0.0984375 0.041796875 0.059765625
0 0.326953125 0.162890625 0.05234375 0.080078125
0 0.365625 0.146484375 0.0515625 0.058984375
0 0.37890625 0.096875 0.0453125 0.04453125
0 0.414453125 0.0734375 0.051953125 0.035546875
0 0.45390625 0.073046875 0.048046875 0.0375
0 0.5078125 0.07734375 0.06875 0.041796875
0 0.5578125 0.069921875 0.053515625 0.0515625
0 0.61328125 0.0859375 0.0375 0.084765625
0 0.96484375 0.112890625 0.069921875 0.055859375
0 0.96640625 0.159765625 0.0671875 0.06015625
0 0.9734375 0.198828125 0.053125 0.05703125
0 0.774609375 0.3609375 0.07578125 0.0875
0 0.74375 0.27578125 0.0625 0.082421875
0 0.82890625 0.31171875 0.055859375 0.0859375
0 0.8890625 0.267578125 0.0828125 0.066015625
0 0.703125 0.224609375 0.09296875 0.077734375
0 0.604296875 0.205078125 0.0765625 0.067578125
0 0.64765625 0.176953125 0.064453125 0.083203125
0 0.671875 0.119921875 0.053125 0.080859375
0 0.6421875 0.08671875 0.048828125 0.08671875
0 0.684375 0.071484375 0.06796875 0.046875
0 0.728125 0.09765625 0.07109375 0.049609375
0 0.78359375 0.073828125 0.05703125 0.04921875
0 0.71875 0.153515625 0.079296875 0.06328125
0 0.89140625 0.199609375 0.072265625 0.07421875
0 0.903125 0.092578125 0.06484375 0.081640625
0 0.83671875 0.087890625 0.048828125 0.0609375
0 0.879296875 0.103515625 0.044921875 0.059375
0 0.790625 0.169921875 0.063671875 0.050390625
0 0.76953125 0.21875 0.0515625 0.06875
0 0.81875 0.217578125 0.0484375 0.065625
0 0.86953125 0.16953125 0.070703125 0.055859375
0 0.786328125 0.126171875 0.05859375 0.053125
0 0.84453125 0.151171875 0.062890625 0.0625
0 0.483203125 0.64375 0.074609375 0.0859375
0 0.548828125 0.66796875 0.08828125 0.068359375
0 0.715234375 0.497265625 0.08125 0.06015625
0 0.381640625 0.208203125 0.06328125 0.079296875
0 0.43515625 0.233984375 0.073828125 0.06640625
0 0.545703125 0.240625 0.062890625 0.080859375
0 0.44765625 0.184375 0.06796875 0.05859375
0 0.585546875 0.123046875 0.054296875 0.077734375
0 0.494921875 0.165625 0.042578125 0.04453125
0 0.4140625 0.13671875 0.048046875 0.045703125
0 0.45859375 0.10078125 0.049609375 0.044140625
0 0.504296875 0.121875 0.042578125 0.049609375
0 0.544140625 0.1234375 0.03671875 0.04921875
0 0.548046875 0.169140625 0.065234375 0.046875
0 0.462890625 0.141796875 0.045703125 0.037109375
0 0.415234375 0.096875 0.040625 0.038671875
0 0.5078125 0.21796875 0.054296875 0.076171875