0 0.169140625 0.851171875 0.0359375 0.061328125
0 0.19375 0.87265625 0.069140625 0.0421875
0 0.212109375 0.840625 0.07421875 0.073828125
0 0.19765625 0.801953125 0.07734375 0.048046875
0 0.25546875 0.86171875 0.062890625 0.080859375
0 0.286328125 0.878515625 0.06171875 0.0671875
0 0.317578125 0.852734375 0.052734375 0.08828125
0 0.350390625 0.808203125 0.080859375 0.067578125
0 0.408203125 0.794921875 0.08515625 0.066796875
0 0.4359375 0.82890625 0.059765625 0.05703125
0 0.41484375 0.878125 0.07421875 0.059375
0 0.3734375 0.905078125 0.084765625 0.04140625
0 0.35078125 0.871875 0.0734375 0.062109375
0 0.376171875 0.83671875 0.065625 0.047265625
0 0.496484375 0.9125 0.04765625 0.032421875
0 0.4703125 0.874609375 0.06484375 0.05625
0 0.490234375 0.82890625 0.069921875 0.06171875
0 0.51875 0.825390625 0.079296875 0.06953125
0 0.520703125 0.880078125 0.048828125 0.06328125
0 0.5640625 0.846484375 0.078125 0.066796875
0 0.594921875 0.87890625 0.048046875 0.07734375
0 0.630078125 0.868359375 0.0546875 0.084375
0 0.678515625 0.870703125 0.063671875 0.0625
0 0.722265625 0.899609375 0.069921875 0.056640625
0 0.73046875 0.953125 0.04140625 0.060546875
0 0.81328125 0.869140625 0.060546875 0.07421875
0 0.775390625 0.851953125 0.065625 0.06015625
0 0.74765625 0.828515625 0.05625 0.073046875
0 0.98828125 0.126953125 0.0234375 0.066015625
0 0.94765625 0.15703125 0.07578125 0.055078125
0 0.9296875 0.196875 0.068359375 0.057421875
0 0.87265625 0.209765625 0.053515625 0.081640625
0 0.7734375 0.2609375 0.068359375 0.065234375
0 0.7203125 0.2375 0.059375 0.07109375
0 0.661328125 0.195703125 0.091015625 0.052734375
0 0.661328125 0.15390625 0.089453125 0.052734375
0 0.490625 0.14296875 0.06640625 0.085546875
0 0.417578125 0.128515625 0.06484375 0.09296875
0 0.301953125 0.171875 0.06953125 0.0546875
0 0.289453125 0.243359375 0.07734375 0.0546875
0 0.20390625 0.212890625 0.073046875 0.08125
0 0.166015625 0.20703125 0.04140625 0.07265625