0 0.09921875 0.773046875 0.0828125 0.065625
0 0.275 0.662109375 0.07890625 0.056640625
0 0.0359375 0.65 0.071875 0.06875
0 0.503515625 0.900390625 0.075 0.0578125
0 0.538671875 0.858203125 0.0640625 0.0609375
0 0.566015625 0.9078125 0.063671875 0.04453125
0 0.604296875 0.90859375 0.0734375 0.046484375
0 0.59296875 0.865234375 0.06015625 0.056640625
0 0.650390625 0.8890625 0.06171875 0.05703125
0 0.648828125 0.83359375 0.076953125 0.0609375
0 0.725390625 0.88984375 0.05390625 0.080078125
0 0.75625 0.865625 0.06328125 0.06484375
0 0.77109375 0.805078125 0.051953125 0.080859375
0 0.838671875 0.74375 0.06171875 0.0703125
0 0.857421875 0.809375 0.06015625 0.075390625
0 0.8171875 0.812109375 0.050390625 0.0578125
0 0.84609375 0.859765625 0.067578125 0.065625
0 0.846484375 0.912890625 0.072265625 0.05390625
0 0.883203125 0.90859375 0.06875 0.05
0 0.944921875 0.9109375 0.0734375 0.0484375
0 0.91953125 0.88203125 0.041796875 0.05390625
0 0.886328125 0.85390625 0.044140625 0.074609375
0 0.90625 0.785546875 0.05703125 0.0828125
0 0.957421875 0.75859375 0.071484375 0.051953125
0 0.9890625 0.72734375 0.021875 0.0640625
0 0.96796875 0.801171875 0.063671875 0.040234375
0 0.941796875 0.8390625 0.063671875 0.041015625
0 0.9875 0.83828125 0.023828125 0.04453125
0 0.981640625 0.917578125 0.03671875 0.04296875
0 0.78828125 0.914453125 0.0703125 0.046484375
0 0.995703125 0.0765625 0.00859375 0.056640625
0 0.9625 0.096875 0.053515625 0.087109375
0 0.93828125 0.070703125 0.048046875 0.0796875
0 0.898046875 0.083984375 0.058203125 0.078515625
0 0.860546875 0.0890625 0.05390625 0.066796875
0 0.855859375 0.1421875 0.065625 0.0625
0 0.801171875 0.1484375 0.055859375 0.069140625
0 0.7609375 0.144921875 0.04375 0.073828125
0 0.794140625 0.099609375 0.0734375 0.034375
0 0.815625 0.062109375 0.060546875 0.05
0 0.76484375 0.065625 0.042578125 0.049609375
0 0.722265625 0.068359375 0.0453125 0.050390625
0 0.7234375 0.133203125 0.046875 0.075
0 0.68671875 0.080859375 0.048828125 0.07734375
0 0.6578125 0.100390625 0.04296875 0.051171875
0 0.633984375 0.194921875 0.06328125 0.062890625
0 0.6015625 0.155859375 0.053515625 0.0515625
0 0.644140625 0.13203125 0.0625 0.05703125
0 0.628515625 0.066796875 0.06015625 0.052734375
0 0.58515625 0.0640625 0.051171875 0.04453125
0 0.558984375 0.096875 0.064453125 0.0421875
0 0.548046875 0.146484375 0.058984375 0.065234375
0 0.52265625 0.18671875 0.052734375 0.08046875
0 0.47734375 0.155078125 0.0734375 0.0578125
0 0.4546875 0.10078125 0.0484375 0.06328125
0 0.490625 0.06171875 0.070703125 0.0453125
0 0.539453125 0.066796875 0.0484375 0.047265625
0 0.505078125 0.106640625 0.05625 0.054296875
0 0.40625 0.075 0.058984375 0.072265625
0 0.383984375 0.091796875 0.049609375 0.078125
0 0.31640625 0.07890625 0.08046875 0.05703125
0 0.3875 0.232421875 0.087890625 0.05625
0 0.276953125 0.22578125 0.075 0.06328125
0 0.270703125 0.175390625 0.0625 0.076171875
0 0.251171875 0.109765625 0.052734375 0.08359375
0 0.201953125 0.09140625 0.055078125 0.0703125
0 0.179296875 0.12421875 0.054296875 0.075
0 0.155078125 0.16328125 0.04921875 0.07734375
0 0.108203125 0.209375 0.081640625 0.055078125
0 0.050390625 0.232421875 0.0640625 0.08203125
0 0.146875 0.072265625 0.069140625 0.04609375
0 0.121484375 0.098828125 0.062109375 0.0609375
0 0.066796875 0.14140625 0.059375 0.0734375
0 0.11640625 0.144140625 0.0515625 0.071484375
0 0.0765625 0.09921875 0.046484375 0.0609375
0 0.0875 0.066015625 0.052734375 0.0453125
0 0.040234375 0.066015625 0.054296875 0.037890625