0 0.309765625 0.847265625 0.076953125 0.09609375
0 0.443359375 0.78515625 0.079296875 0.09296875
0 0.62109375 0.83984375 0.059375 0.0890625
0 0.454296875 0.890625 0.06171875 0.066796875
0 0.348828125 0.6640625 0.078515625 0.090625
0 0.231640625 0.706640625 0.0703125 0.075390625
0 0.179296875 0.676953125 0.06953125 0.067578125
0 0.083984375 0.619140625 0.09765625 0.037890625
0 0.096875 0.64765625 0.078125 0.040234375
0 0.09140625 0.683203125 0.06171875 0.053125
0 0.1875 0.81328125 0.074609375 0.0453125
0 0.24765625 0.8859375 0.062109375 0.06328125
0 0.215234375 0.86953125 0.053515625 0.07109375
0 0.175 0.851171875 0.04453125 0.044140625
0 0.147265625 0.88984375 0.05234375 0.038671875
0 0.10703125 0.884375 0.0359375 0.048046875
0 0.120703125 0.727734375 0.07109375 0.033984375
0 0.188671875 0.76015625 0.065625 0.06875
0 0.106640625 0.761328125 0.046875 0.0421875
0 0.112109375 0.791796875 0.053125 0.044140625
0 0.125 0.81484375 0.04921875 0.043359375
0 0.14765625 0.77734375 0.059375 0.05
0 0.105078125 0.8359375 0.0234375 0.041015625
0 0.13515625 0.84921875 0.041796875 0.0421875
0 0.482421875 0.415625 0.062109375 0.07578125
0 0.484375 0.51015625 0.053515625 0.0671875
0 0.41640625 0.524609375 0.06171875 0.071484375
0 0.36640625 0.561328125 0.077734375 0.06171875
0 0.31484375 0.5234375 0.06328125 0.056640625
0 0.116015625 0.581640625 0.07421875 0.0515625
0 0.079296875 0.584765625 0.051953125 0.0625
0 0.08203125 0.5125 0.075390625 0.06171875
0 0.133984375 0.412890625 0.09453125 0.055859375
0 0.1796875 0.46640625 0.064453125 0.058203125
0 0.232421875 0.45859375 0.068359375 0.083203125
0 0.15078125 0.504296875 0.052734375 0.06640625
0 0.17109375 0.559375 0.05859375 0.059375
0 0.21171875 0.5359375 0.069140625 0.05078125
0 0.255859375 0.55390625 0.083203125 0.067578125
0 0.20625 0.583984375 0.07109375 0.05703125
0 0.279296875 0.590625 0.05078125 0.0671875
0 0.260546875 0.6078125 0.064453125 0.05546875
0 0.32265625 0.587890625 0.069140625 0.06953125
0 0.11171875 0.5796875 0.054296875 0.041796875
0 0.103515625 0.54140625 0.0734375 0.0484375
0 0.08203125 0.459765625 0.051953125 0.06015625
0 0.12265625 0.4484375 0.063671875 0.044921875
0 0.094921875 0.39453125 0.045703125 0.059765625
0 0.20546875 0.276953125 0.080859375 0.064453125
0 0.08984375 0.319140625 0.093359375 0.044140625
0 0.084765625 0.3609375 0.07109375 0.052734375
0 0.10703125 0.233203125 0.06796875 0.051953125
0 0.1078125 0.277734375 0.0625 0.05703125
0 0.20390625 0.187890625 0.060546875 0.072265625
0 0.274609375 0.133984375 0.07890625 0.065234375
0 0.27109375 0.07734375 0.0671875 0.06640625
0 0.13671875 0.07265625 0.073046875 0.06953125
0 0.13046875 0.11484375 0.0609375 0.08203125
0 0.096484375 0.123046875 0.027734375 0.0671875
0 0.094921875 0.089453125 0.02578125 0.025
0 0.30625 0.071875 0.044921875 0.06875
0 0.338671875 0.07109375 0.044140625 0.065234375
0 0.26328125 0.176953125 0.066015625 0.06015625
0 0.3359375 0.15234375 0.0609375 0.072265625
0 0.32109375 0.206640625 0.06875 0.063671875
0 0.48359375 0.223046875 0.076171875 0.062109375
0 0.466796875 0.160546875 0.0859375 0.065234375
0 0.273828125 0.2125 0.07421875 0.05546875
0 0.733984375 0.098046875 0.06171875 0.07265625
0 0.813671875 0.082421875 0.06328125 0.06328125
0 0.362890625 0.06875 0.048828125 0.0546875
0 0.401953125 0.055859375 0.0375 0.0484375
0 0.38359375 0.108203125 0.0625 0.059375
0 0.423828125 0.098828125 0.04765625 0.1046875
0 0.44921875 0.07421875 0.04921875 0.063671875
0 0.479296875 0.078515625 0.055859375 0.082421875
0 0.514453125 0.058984375 0.060546875 0.05703125
0 0.566015625 0.06875 0.0578125 0.062109375
0 0.598828125 0.0609375 0.068359375 0.069140625
0 0.660546875 0.06796875 0.0640625 0.059765625
0 0.71015625 0.06328125 0.055859375 0.05859375
0 0.530078125 0.1015625 0.04609375 0.062890625
0 0.56953125 0.116015625 0.059765625 0.06171875
0 0.88515625 0.070703125 0.055859375 0.074609375
0 0.919140625 0.066796875 0.048828125 0.05859375
0 0.93671875 0.10546875 0.059375 0.072265625
0 0.949609375 0.069921875 0.03203125 0.0515625
0 0.976953125 0.072265625 0.04609375 0.06953125
0 0.862890625 0.14140625 0.077734375 0.059765625
0 0.963671875 0.1890625 0.05703125 0.095703125
0 0.7859375 0.21640625 0.0671875 0.059375
0 0.6015625 0.18125 0.06796875 0.058203125
0 0.630859375 0.214453125 0.08125 0.06171875
0 0.737890625 0.29921875 0.070703125 0.069921875
0 0.95390625 0.559765625 0.06875 0.06640625
0 0.773046875 0.5421875 0.06484375 0.053125
0 0.70234375 0.5765625 0.060546875 0.065234375
0 0.6609375 0.599609375 0.05703125 0.07890625
0 0.607421875 0.612109375 0.062890625 0.07109375
0 0.5578125 0.598046875 0.062109375 0.06015625
0 0.79453125 0.84140625 0.0671875 0.062890625
0 0.83046875 0.80234375 0.05703125 0.053125
0 0.895703125 0.844140625 0.05234375 0.06875
0 0.982421875 0.8828125 0.03515625 0.09375
0 0.959765625 0.905859375 0.06171875 0.052734375
0 0.91171875 0.9046875 0.0578125 0.074609375
0 0.855078125 0.894921875 0.077734375 0.065625