0 0.6140625 0.358984375 0.066015625 0.06953125
0 0.669140625 0.2875 0.0796875 0.04921875
0 0.773828125 0.32734375 0.08203125 0.0640625
0 0.81640625 0.62578125 0.086328125 0.066015625
0 0.578125 0.60234375 0.072265625 0.080859375
0 0.4453125 0.516015625 0.08828125 0.0640625
0 0.291796875 0.41015625 0.05703125 0.06328125
0 0.238671875 0.43203125 0.055078125 0.069140625
0 0.2046875 0.408984375 0.052734375 0.0703125
0 0.309765625 0.516015625 0.06484375 0.0546875
0 0.218359375 0.506640625 0.070703125 0.0546875
0 0.15 0.51171875 0.077734375 0.078125
0 0.086328125 0.520703125 0.05 0.0703125
0 0.01171875 0.54609375 0.0234375 0.05625
0 0.053515625 0.570703125 0.076953125 0.04375
0 0.08984375 0.603125 0.055859375 0.0734375
0 0.168359375 0.599609375 0.07421875 0.05390625
0 0.1390625 0.664453125 0.074609375 0.0546875
0 0.233203125 0.6125 0.07421875 0.055078125
0 0.2484375 0.652734375 0.055859375 0.062109375
0 0.276953125 0.69453125 0.0515625 0.05078125
0 0.3078125 0.62265625 0.06015625 0.05625
0 0.364453125 0.625390625 0.0546875 0.072265625
0 0.397265625 0.67109375 0.046875 0.062890625
0 0.341015625 0.742578125 0.044921875 0.07578125
0 0.135546875 0.7421875 0.0515625 0.061328125
0 0.1109375 0.765234375 0.057421875 0.04921875
0 0.1796875 0.791796875 0.04765625 0.05234375
0 0.22109375 0.787109375 0.042578125 0.049609375
0 0.1734375 0.851953125 0.0546875 0.05625
0 0.2265625 0.83984375 0.059765625 0.046484375
0 0.444140625 0.803515625 0.05 0.05078125
0 0.371875 0.826171875 0.03828125 0.065234375
0 0.026171875 0.84765625 0.05234375 0.0703125
0 0.044921875 0.900390625 0.062890625 0.0546875
0 0.013671875 0.901171875 0.02734375 0.04296875
0 0.148828125 0.90625 0.064453125 0.0421875
0 0.29375 0.894140625 0.051953125 0.051953125
0 0.3328125 0.88828125 0.03984375 0.073828125
0 0.4015625 0.85078125 0.0421875 0.067578125
0 0.376171875 0.90625 0.05546875 0.0453125
0 0.42265625 0.901171875 0.048828125 0.045703125
0 0.47421875 0.875390625 0.040625 0.0671875
0 0.43984375 0.866015625 0.035546875 0.04140625
0 0.4640625 0.9109375 0.04296875 0.040625
0 0.528125 0.852734375 0.06015625 0.06328125
0 0.54765625 0.901171875 0.061328125 0.058203125
0 0.57421875 0.860546875 0.03828125 0.05859375
0 0.599609375 0.9 0.041015625 0.04453125
0 0.60703125 0.850390625 0.0375 0.055859375
0 0.63984375 0.907421875 0.05234375 0.06328125
0 0.64921875 0.865625 0.06484375 0.069921875
0 0.705859375 0.905859375 0.052734375 0.06015625
0 0.749609375 0.914453125 0.054296875 0.06015625
0 0.743359375 0.85234375 0.051171875 0.0671875
0 0.803515625 0.90859375 0.05390625 0.08203125
0 0.84765625 0.91640625 0.040234375 0.06953125
0 0.87421875 0.9078125 0.06015625 0.065234375
0 0.91875 0.916796875 0.039453125 0.09609375
0 0.953515625 0.91640625 0.034375 0.084375
0 0.97109375 0.8578125 0.0578125 0.0515625
0 0.986328125 0.909375 0.02734375 0.055078125
0 0.040625 0.34765625 0.05703125 0.0671875
0 0.9859375 0.09296875 0.027734375 0.059765625
0 0.914453125 0.08125 0.07578125 0.08125
0 0.96015625 0.0640625 0.053125 0.06875
0 0.769921875 0.095703125 0.0703125 0.07421875
0 0.8328125 0.109765625 0.045703125 0.071484375
0 0.834375 0.066015625 0.075 0.058984375
0 0.71640625 0.106640625 0.067578125 0.072265625
0 0.6421875 0.065625 0.049609375 0.0625
0 0.694921875 0.07109375 0.04921875 0.083984375
0 0.574609375 0.184375 0.079296875 0.051171875
0 0.483203125 0.2171875 0.076171875 0.0625
0 0.455859375 0.1796875 0.067578125 0.0546875
0 0.567578125 0.1390625 0.077734375 0.05234375
0 0.508203125 0.151171875 0.0640625 0.05859375
0 0.46328125 0.11953125 0.07265625 0.055078125
0 0.513671875 0.1015625 0.05703125 0.06953125
0 0.544140625 0.088671875 0.052734375 0.0609375
0 0.593359375 0.0828125 0.06796875 0.06953125
0 0.012109375 0.19140625 0.02421875 0.0625
0 0.043359375 0.163671875 0.075 0.05234375
0 0.145703125 0.13125 0.062109375 0.067578125
0 0.012109375 0.137890625 0.02421875 0.03203125
0 0.03515625 0.125 0.069921875 0.048046875
0 0.02265625 0.0796875 0.044921875 0.065234375
0 0.0734375 0.1125 0.063671875 0.05390625
0 0.081640625 0.079296875 0.053125 0.029296875
0 0.07421875 0.059765625 0.06015625 0.0359375
0 0.16484375 0.09921875 0.07734375 0.047265625
0 0.200390625 0.065625 0.065234375 0.044140625
0 0.270703125 0.08671875 0.074609375 0.064453125
0 0.31953125 0.1234375 0.05390625 0.05234375
0 0.36171875 0.1265625 0.04375 0.054296875
0 0.365234375 0.090625 0.05703125 0.053125
0 0.416796875 0.101171875 0.05078125 0.070703125
0 0.38828125 0.063671875 0.0671875 0.04765625