0 0.1671875 0.12578125 0.048046875 0.059765625
0 0.237109375 0.1015625 0.053125 0.03984375
0 0.241796875 0.1328125 0.065234375 0.044140625
0 0.290625 0.10703125 0.049609375 0.05859375
0 0.326953125 0.106640625 0.058984375 0.049609375
0 0.252734375 0.226953125 0.05625 0.050390625
0 0.248046875 0.327734375 0.0625 0.051171875
0 0.1625 0.3296875 0.05078125 0.065625
0 0.178125 0.2171875 0.056640625 0.0375
0 0.197265625 0.190625 0.065234375 0.047265625
0 0.16796875 0.176953125 0.045703125 0.05546875
0 0.156640625 0.2359375 0.04765625 0.0546875
0 0.187890625 0.2671875 0.06171875 0.052734375
0 0.203125 0.362109375 0.0578125 0.039453125
0 0.279296875 0.35078125 0.081640625 0.044921875
0 0.1984375 0.396875 0.071875 0.050390625
0 0.17109375 0.408984375 0.07265625 0.044921875
0 0.15625 0.43828125 0.044921875 0.051171875
0 0.187890625 0.44765625 0.076171875 0.058984375
0 0.1578125 0.473046875 0.062109375 0.035546875
0 0.19453125 0.5015625 0.0515625 0.0609375
0 0.14765625 0.502734375 0.05703125 0.03828125
0 0.309765625 0.85390625 0.053515625 0.054296875
0 0.24765625 0.848828125 0.0609375 0.0671875
0 0.25546875 0.7078125 0.071875 0.0453125
0 0.17890625 0.7328125 0.066015625 0.069921875
0 0.222265625 0.729296875 0.042578125 0.0703125
0 0.260546875 0.744921875 0.056640625 0.059375
0 0.159765625 0.767578125 0.03828125 0.057421875
0 0.190234375 0.783203125 0.053125 0.048046875
0 0.1921875 0.808203125 0.064453125 0.044140625
0 0.213671875 0.83828125 0.043359375 0.0515625
0 0.178125 0.842578125 0.03125 0.039453125
0 0.230859375 0.8765625 0.040625 0.04765625
0 0.195703125 0.873046875 0.0359375 0.037890625
0 0.166796875 0.869140625 0.04296875 0.041015625
0 0.208203125 0.535546875 0.05625 0.037109375
0 0.152734375 0.52578125 0.0484375 0.04296875
0 0.1765625 0.559765625 0.039453125 0.057421875
0 0.1953125 0.565234375 0.033984375 0.050390625
0 0.21484375 0.567578125 0.043359375 0.0609375
0 0.145703125 0.5609375 0.0390625 0.0453125
0 0.176953125 0.614453125 0.07421875 0.04453125
0 0.169140625 0.59453125 0.071484375 0.0375
0 0.180859375 0.655859375 0.058984375 0.0453125
0 0.181640625 0.684765625 0.04453125 0.04296875
0 0.149609375 0.669921875 0.03515625 0.05859375
0 0.674609375 0.81796875 0.0765625 0.047265625
0 0.9 0.75078125 0.054296875 0.065234375
0 0.741796875 0.771484375 0.06171875 0.046484375
0 0.977734375 0.76953125 0.044140625 0.058984375
0 0.7671875 0.833984375 0.065234375 0.050390625
0 0.66484375 0.883984375 0.07109375 0.06328125
0 0.784375 0.883203125 0.0515625 0.0609375
0 0.8203125 0.8796875 0.058984375 0.057421875
0 0.914453125 0.85859375 0.051171875 0.066015625
0 0.87578125 0.86796875 0.051953125 0.05546875
0 0.974609375 0.883203125 0.050390625 0.0609375
0 0.935546875 0.88359375 0.063671875 0.049609375
0 0.552734375 0.471484375 0.06640625 0.065625
0 0.691796875 0.543359375 0.058984375 0.054296875
0 0.840234375 0.56484375 0.04375 0.08359375
0 0.96484375 0.118359375 0.06484375 0.0546875