0 0.885546875 0.832421875 0.073046875 0.06015625
0 0.978515625 0.86328125 0.042578125 0.062109375
0 0.6734375 0.91015625 0.04765625 0.06796875
0 0.471484375 0.8203125 0.101171875 0.076171875
0 0.5046875 0.907421875 0.060546875 0.03671875
0 0.621484375 0.681640625 0.054296875 0.0765625
0 0.73671875 0.544140625 0.063671875 0.05234375
0 0.780078125 0.516796875 0.04765625 0.061328125
0 0.94453125 0.574609375 0.07421875 0.057421875
0 0.98671875 0.62734375 0.0265625 0.0578125
0 0.79453125 0.629296875 0.07734375 0.05390625
0 0.84296875 0.57890625 0.044921875 0.06796875
0 0.7671875 0.601953125 0.061328125 0.053125
0 0.8203125 0.56015625 0.032421875 0.06015625
0 0.776953125 0.5578125 0.05703125 0.048046875
0 0.503125 0.577734375 0.0765625 0.046875
0 0.526953125 0.616015625 0.067578125 0.0640625
0 0.401171875 0.64765625 0.08359375 0.051171875
0 0.69453125 0.357421875 0.071484375 0.06328125
0 0.9 0.101171875 0.08125 0.05078125
0 0.925390625 0.178515625 0.069921875 0.074609375
0 0.975390625 0.23125 0.046484375 0.053515625
0 0.911328125 0.243359375 0.06328125 0.06328125
0 0.958203125 0.26796875 0.050390625 0.066796875
0 0.919140625 0.291015625 0.051953125 0.072265625
0 0.518359375 0.459765625 0.06171875 0.078515625
0 0.434765625 0.508984375 0.07265625 0.0546875
0 0.368359375 0.524609375 0.065234375 0.0640625
0 0.424609375 0.556640625 0.0625 0.065625
0 0.367578125 0.573828125 0.0640625 0.06015625
0 0.3859375 0.6046875 0.072265625 0.044140625