0 0.014453125 0.45390625 0.02890625 0.062109375
0 0.009375 0.1890625 0.018359375 0.058203125
0 0.00859375 0.128515625 0.0171875 0.0296875
0 0.00546875 0.06796875 0.0109375 0.078515625
0 0.0171875 0.069140625 0.034375 0.07890625
0 0.03828125 0.066015625 0.05625 0.08671875
0 0.075 0.07578125 0.06328125 0.080859375
0 0.1015625 0.062890625 0.065625 0.083984375
0 0.15078125 0.086328125 0.05703125 0.09375
0 0.199609375 0.06875 0.0578125 0.0875
0 0.24609375 0.076171875 0.088671875 0.066015625
0 0.325 0.0640625 0.0625 0.10625
0 0.46875 0.0734375 0.08515625 0.073046875
0 0.525390625 0.093359375 0.06328125 0.069140625
0 0.701953125 0.1171875 0.0671875 0.083203125
0 0.74453125 0.082421875 0.0578125 0.083203125
0 0.78203125 0.11796875 0.0640625 0.096875
0 0.81875 0.10078125 0.06328125 0.083984375
0 0.837890625 0.055078125 0.091796875 0.068359375
0 0.926171875 0.119921875 0.06484375 0.074609375
0 0.98984375 0.073046875 0.0203125 0.056640625
0 0.093359375 0.170703125 0.06171875 0.086328125
0 0.1 0.13359375 0.096484375 0.070703125
0 0.128515625 0.23203125 0.093359375 0.065234375
0 0.4734375 0.175 0.06328125 0.0921875
0 0.6703125 0.18203125 0.05625 0.0953125
0 0.812890625 0.2140625 0.094140625 0.074609375
0 0.1890625 0.313671875 0.098046875 0.063671875
0 0.3671875 0.259375 0.091796875 0.069140625
0 0.569921875 0.2640625 0.06875 0.0890625
0 0.34921875 0.353515625 0.07734375 0.0875
0 0.709375 0.3359375 0.078125 0.075390625
0 0.015234375 0.50390625 0.030078125 0.054296875
0 0.0171875 0.5703125 0.034375 0.0546875
0 0.17109375 0.4328125 0.071875 0.08984375
0 0.3078125 0.496875 0.0859375 0.08671875
0 0.409765625 0.48671875 0.107421875 0.058984375
0 0.725390625 0.46484375 0.089453125 0.055078125
0 0.61640625 0.549609375 0.08046875 0.080859375
0 0.28203125 0.71875 0.098828125 0.080859375
0 0.459765625 0.74140625 0.06796875 0.081640625
0 0.66484375 0.6546875 0.071875 0.066796875
0 0.771484375 0.667578125 0.091796875 0.073046875
0 0.9890625 0.61328125 0.021875 0.056640625
0 0.375390625 0.86484375 0.06328125 0.074609375
0 0.4328125 0.8640625 0.0578125 0.08671875
0 0.455859375 0.894140625 0.07265625 0.054296875
0 0.48984375 0.81484375 0.094140625 0.058203125
0 0.514453125 0.78046875 0.06640625 0.073046875
0 0.5765625 0.8078125 0.05625 0.080078125
0 0.49609375 0.876953125 0.05859375 0.080859375
0 0.528515625 0.869921875 0.05546875 0.080859375
0 0.585546875 0.875 0.08515625 0.062890625
0 0.65703125 0.8859375 0.0640625 0.055078125
0 0.66796875 0.82578125 0.0609375 0.086328125
0 0.6609375 0.72578125 0.0640625 0.077734375
0 0.734375 0.830859375 0.0625 0.080078125
0 0.780078125 0.8125 0.05234375 0.090625
0 0.81953125 0.842578125 0.07109375 0.069140625
0 0.82734375 0.88828125 0.06484375 0.064453125
0 0.884765625 0.823046875 0.0734375 0.069921875
0 0.87265625 0.87890625 0.0625 0.081640625
0 0.91015625 0.8765625 0.06640625 0.080078125
0 0.9515625 0.86484375 0.050390625 0.08671875
0 0.96953125 0.826953125 0.060546875 0.071484375
0 0.979296875 0.88359375 0.04140625 0.069140625