0 0.237890625 0.5578125 0.07421875 0.0765625
0 0.069921875 0.475 0.09453125 0.0609375
0 0.084375 0.55390625 0.0953125 0.121875
0 0.01328125 0.612109375 0.025 0.05078125
0 0.11015625 0.695703125 0.0796875 0.05703125
0 0.378125 0.875390625 0.0671875 0.06484375
0 0.55078125 0.883984375 0.06875 0.06640625
0 0.626953125 0.8375 0.06171875 0.0859375
0 0.471875 0.74609375 0.08125 0.05625
0 0.5859375 0.73125 0.0734375 0.0515625
0 0.6828125 0.65703125 0.065625 0.0625
0 0.75625 0.65546875 0.0484375 0.06875
0 0.75390625 0.712890625 0.065625 0.05390625
0 0.81796875 0.77734375 0.0578125 0.075
0 0.986328125 0.851953125 0.02734375 0.05390625
0 0.97890625 0.890234375 0.0421875 0.06484375
0 0.204296875 0.833984375 0.08046875 0.06015625
0 0.284765625 0.969921875 0.06015625 0.06015625
0 0.191796875 0.95546875 0.06640625 0.06875
0 0.097265625 0.8546875 0.05546875 0.0671875
0 0.14296875 0.878515625 0.059375 0.07578125
0 0.08984375 0.9015625 0.075 0.0484375
0 0.01015625 0.8671875 0.0140625 0.05
0 0.0171875 0.1921875 0.0328125 0.0625
0 0.02734375 0.118359375 0.04375 0.07890625
0 0.069921875 0.1140625 0.04453125 0.075
0 0.188671875 0.33984375 0.06796875 0.059375
0 0.287109375 0.38671875 0.04609375 0.084375
0 0.35859375 0.459765625 0.0921875 0.06328125
0 0.416015625 0.56328125 0.09453125 0.0578125
0 0.528125 0.53203125 0.0875 0.05625
0 0.440625 0.62421875 0.0734375 0.05
0 0.846484375 0.572265625 0.09609375 0.06015625
0 0.828125 0.390234375 0.0859375 0.05703125
0 0.6421875 0.341015625 0.0640625 0.06015625
0 0.55390625 0.412109375 0.0703125 0.05234375
0 0.46328125 0.371875 0.0609375 0.0625
0 0.905859375 0.106640625 0.08203125 0.08203125
0 0.986328125 0.165625 0.02734375 0.0453125
0 0.10625 0.0984375 0.0546875 0.059375
0 0.140625 0.122265625 0.0484375 0.07890625
0 0.190625 0.137890625 0.0609375 0.07421875
0 0.300390625 0.173828125 0.07421875 0.05859375
0 0.373046875 0.099609375 0.05703125 0.08046875
0 0.375 0.156640625 0.0671875 0.04765625
0 0.439453125 0.108203125 0.06484375 0.05546875
0 0.506640625 0.1140625 0.06953125 0.0421875
0 0.469140625 0.158203125 0.09140625 0.06484375
0 0.439453125 0.2515625 0.09140625 0.06875
0 0.5828125 0.103125 0.0578125 0.0546875
0 0.60390625 0.13984375 0.04375 0.065625
0 0.640234375 0.09921875 0.05078125 0.0515625
0 0.657421875 0.152734375 0.03984375 0.07734375
0 0.68515625 0.103125 0.0484375 0.0515625
0 0.7546875 0.1046875 0.0796875 0.0546875
0 0.778515625 0.13203125 0.06953125 0.0609375
0 0.873046875 0.207421875 0.08203125 0.06796875
0 0.9578125 0.21640625 0.084375 0.0640625