0 0.982421875 0.3828125 0.03515625 0.06015625
0 0.928515625 0.431640625 0.074609375 0.075
0 0.990234375 0.4671875 0.01953125 0.053125
0 0.953125 0.579296875 0.075390625 0.10703125
0 0.5765625 0.861328125 0.049609375 0.080859375
0 0.526953125 0.8625 0.051953125 0.102734375
0 0.4796875 0.83046875 0.062890625 0.06875
0 0.4390625 0.700390625 0.054296875 0.084375
0 0.383203125 0.72265625 0.058984375 0.0828125
0 0.29609375 0.644921875 0.085546875 0.05703125
0 0.3078125 0.709375 0.071484375 0.070703125
0 0.06796875 0.676953125 0.103515625 0.071875
0 0.1609375 0.745703125 0.087890625 0.057421875
0 0.234375 0.323828125 0.076953125 0.0765625
0 0.286328125 0.40390625 0.05078125 0.07890625
0 0.377734375 0.145703125 0.052734375 0.091796875
0 0.327734375 0.191796875 0.0796875 0.06328125
0 0.65546875 0.115625 0.094140625 0.067578125
0 0.71953125 0.14609375 0.071875 0.06953125
0 0.499609375 0.143359375 0.06640625 0.074609375
0 0.540234375 0.184375 0.0921875 0.078515625