0 0.39609375 0.420703125 0.059375 0.07265625
0 0.451953125 0.406640625 0.05234375 0.06640625
0 0.486328125 0.36328125 0.06953125 0.0703125
0 0.523828125 0.401171875 0.07734375 0.06328125
0 0.52421875 0.469921875 0.0609375 0.07109375
0 0.583984375 0.478515625 0.08359375 0.03671875
0 0.625 0.45234375 0.0640625 0.0421875
0 0.571484375 0.38046875 0.06953125 0.0484375
0 0.5609375 0.327734375 0.05 0.06015625
0 0.5953125 0.3265625 0.0625 0.065625
0 0.607421875 0.396875 0.05859375 0.05
0 0.64609375 0.3625 0.0453125 0.059375
0 0.6828125 0.370703125 0.0515625 0.06171875
0 0.655078125 0.408984375 0.07578125 0.03828125
0 0.678125 0.4578125 0.04375 0.0578125
0 0.729296875 0.419140625 0.05078125 0.06328125
0 0.7375 0.46875 0.05 0.065625
0 0.768359375 0.484375 0.05859375 0.065625
0 0.781640625 0.437890625 0.04453125 0.04921875
0 0.751171875 0.4 0.04921875 0.059375
0 0.6703125 0.321875 0.053125 0.0546875
0 0.82578125 0.431640625 0.04375 0.07109375
0 0.860546875 0.43671875 0.03359375 0.075
0 0.896484375 0.4390625 0.04765625 0.065625
0 0.9328125 0.425390625 0.0625 0.07265625
0 0.956640625 0.452734375 0.06015625 0.07109375
0 0.97421875 0.508203125 0.0484375 0.06796875
0 0.99140625 0.452734375 0.0171875 0.03203125
0 0.330859375 0.353515625 0.07734375 0.05234375
0 0.513671875 0.284375 0.06796875 0.0390625
0 0.4375 0.27109375 0.075 0.0765625
0 0.526171875 0.197265625 0.08359375 0.04453125
0 0.521875 0.12421875 0.06875 0.0921875
0 0.593359375 0.104296875 0.05078125 0.05546875
0 0.597265625 0.15859375 0.04140625 0.0625
0 0.6 0.211328125 0.0515625 0.05390625
0 0.645703125 0.177734375 0.04609375 0.06796875
0 0.632421875 0.24140625 0.04921875 0.06875
0 0.662109375 0.253515625 0.04296875 0.06953125
0 0.687109375 0.209765625 0.05703125 0.05859375
0 0.63671875 0.126953125 0.046875 0.06171875
0 0.647265625 0.087109375 0.08515625 0.04921875
0 0.696875 0.101953125 0.034375 0.07421875
0 0.721484375 0.10078125 0.05390625 0.0703125
0 0.776171875 0.09296875 0.06015625 0.0484375
0 0.82734375 0.098828125 0.0578125 0.04921875
0 0.768359375 0.15625 0.09453125 0.0625
0 0.792578125 0.216015625 0.06796875 0.07109375
0 0.77265625 0.246875 0.0546875 0.04375
0 0.726953125 0.266015625 0.04609375 0.06640625
0 0.730078125 0.323046875 0.06640625 0.05546875
0 0.740625 0.35390625 0.0640625 0.0328125
0 0.778515625 0.305078125 0.06328125 0.06484375
0 0.791015625 0.35625 0.03984375 0.04375
0 0.831640625 0.3484375 0.05546875 0.071875
0 0.84140625 0.251171875 0.0578125 0.08203125
0 0.830859375 0.1609375 0.05390625 0.046875
0 0.670703125 0.54296875 0.05859375 0.0625
0 0.75234375 0.547265625 0.0484375 0.06640625
0 0.84296875 0.6 0.071875 0.0609375
0 0.9421875 0.548828125 0.0875 0.04296875
0 0.987890625 0.5953125 0.02421875 0.059375
0 0.9171875 0.68203125 0.06875 0.0609375
0 0.971875 0.6875 0.0546875 0.05625
0 0.991796875 0.67109375 0.01640625 0.05
0 0.8953125 0.246875 0.053125 0.053125
0 0.9109375 0.1953125 0.04375 0.0640625
0 0.866015625 0.173046875 0.05390625 0.04296875
0 0.864453125 0.1359375 0.05859375 0.05
0 0.898828125 0.103515625 0.05546875 0.05703125
0 0.9421875 0.08984375 0.040625 0.053125
0 0.928125 0.142578125 0.04375 0.05859375
0 0.9671875 0.176171875 0.0609375 0.06328125
0 0.97578125 0.140625 0.0484375 0.0515625
0 0.985546875 0.092578125 0.02890625 0.05390625
0 0.96953125 0.233984375 0.0609375 0.04765625
0 0.9515625 0.2671875 0.0625 0.0484375
0 0.902734375 0.287109375 0.04609375 0.06328125
0 0.9640625 0.29609375 0.071875 0.05625
0 0.919140625 0.333984375 0.05390625 0.05234375
0 0.959375 0.33984375 0.0515625 0.0578125
0 0.176171875 0.10703125 0.05703125 0.04375
0 0.233203125 0.115625 0.06640625 0.053125
0 0.27734375 0.103515625 0.053125 0.07109375
0 0.307421875 0.10390625 0.04140625 0.05625
0 0.33671875 0.09765625 0.05 0.0515625
0 0.38046875 0.09921875 0.0671875 0.0828125
0 0.404296875 0.100390625 0.03359375 0.05390625
0 0.4375 0.100390625 0.0453125 0.06015625
0 0.46640625 0.107421875 0.0625 0.08515625
0 0.416015625 0.160546875 0.05703125 0.05390625
0 0.411328125 0.211328125 0.09296875 0.05078125
0 0.378515625 0.2484375 0.04765625 0.0828125
0 0.3140625 0.150390625 0.0578125 0.04140625
0 0.361328125 0.156640625 0.08671875 0.05234375
0 0.1703125 0.15078125 0.05625 0.05625
0 0.2171875 0.148828125 0.0453125 0.06015625
0 0.26875 0.19921875 0.078125 0.046875
0 0.280859375 0.166796875 0.05703125 0.04765625
0 0.316015625 0.2375 0.08203125 0.06875
0 0.33203125 0.298046875 0.0875 0.05703125
0 0.28203125 0.29296875 0.075 0.05
0 0.2328125 0.2453125 0.0765625 0.046875
0 0.1921875 0.282421875 0.09375 0.04296875
0 0.162890625 0.30546875 0.06796875 0.0453125
0 0.783984375 0.6109375 0.07890625 0.0578125
0 0.796484375 0.66328125 0.06796875 0.065625
0 0.76953125 0.693359375 0.059375 0.07578125
0 0.7671875 0.71875 0.05 0.0578125
0 0.73203125 0.734375 0.05 0.0796875
0 0.63515625 0.626953125 0.0578125 0.06640625
0 0.87109375 0.725390625 0.071875 0.05078125
0 0.932421875 0.73984375 0.04296875 0.0703125
0 0.987890625 0.746875 0.02421875 0.0703125
0 0.9484375 0.8078125 0.0703125 0.0546875
0 0.98671875 0.81875 0.0265625 0.0671875
0 0.959765625 0.849609375 0.03671875 0.04609375
0 0.931640625 0.8765625 0.03984375 0.059375
0 0.976953125 0.885546875 0.04140625 0.04765625
0 0.80078125 0.797265625 0.0375 0.06328125
0 0.84296875 0.780859375 0.053125 0.04609375
0 0.884375 0.80390625 0.0515625 0.0640625
0 0.81484375 0.848046875 0.0671875 0.04765625
0 0.84296875 0.877734375 0.0609375 0.05703125
0 0.5390625 0.6046875 0.0890625 0.0484375
0 0.534375 0.55390625 0.1015625 0.0625
0 0.455078125 0.560546875 0.06171875 0.06171875
0 0.592578125 0.741796875 0.05234375 0.08828125
0 0.6390625 0.815625 0.05625 0.0875
0 0.689453125 0.837109375 0.06328125 0.08515625
0 0.75546875 0.886328125 0.0453125 0.06328125
0 0.729296875 0.96796875 0.03046875 0.0609375
0 0.552734375 0.913671875 0.04765625 0.02578125
0 0.6078125 0.91796875 0.06875 0.01875
0 0.565234375 0.865625 0.06015625 0.08125
0 0.505859375 0.871875 0.07421875 0.0546875
0 0.501171875 0.8265625 0.08515625 0.065625
0 0.163671875 0.349609375 0.05546875 0.05078125
0 0.1984375 0.330859375 0.03125 0.05390625
0 0.2296875 0.33671875 0.059375 0.05625
0 0.278125 0.336328125 0.0546875 0.06171875
0 0.21328125 0.38125 0.0609375 0.0515625
0 0.1578125 0.405078125 0.078125 0.05859375
0 0.2203125 0.438671875 0.0625 0.06796875
0 0.26875 0.411328125 0.0578125 0.06015625
0 0.27109375 0.45 0.0890625 0.0578125
0 0.33125 0.4796875 0.0671875 0.0578125
0 0.391796875 0.5296875 0.06171875 0.078125
0 0.361328125 0.533984375 0.04140625 0.07421875
0 0.483984375 0.49453125 0.06015625 0.0765625
0 0.13671875 0.495703125 0.0625 0.07109375
0 0.15703125 0.451171875 0.0703125 0.04453125
0 0.208203125 0.508984375 0.06484375 0.05234375
0 0.244921875 0.502734375 0.06328125 0.05078125
0 0.274609375 0.54140625 0.07890625 0.046875
0 0.373828125 0.598046875 0.05859375 0.05859375
0 0.32890625 0.88671875 0.0828125 0.0640625
0 0.46328125 0.75078125 0.0609375 0.0875
0 0.43359375 0.78515625 0.053125 0.0625
0 0.41328125 0.654296875 0.0625 0.05703125
0 0.3015625 0.583984375 0.08125 0.03828125
0 0.170703125 0.8625 0.04296875 0.046875
0 0.200390625 0.872265625 0.05234375 0.04609375
0 0.249609375 0.862109375 0.06015625 0.04296875
0 0.2640625 0.80078125 0.0734375 0.0484375
0 0.264453125 0.8375 0.09609375 0.034375
0 0.364453125 0.806640625 0.08359375 0.03984375
0 0.33828125 0.76328125 0.04375 0.071875
0 0.37578125 0.768359375 0.0453125 0.05078125
0 0.381640625 0.72109375 0.05234375 0.059375
0 0.416796875 0.696484375 0.06484375 0.04921875
0 0.169140625 0.801171875 0.05078125 0.04296875
0 0.153125 0.76796875 0.05 0.0453125
0 0.15390625 0.73359375 0.0515625 0.046875
0 0.150390625 0.69765625 0.04296875 0.0578125
0 0.149609375 0.663671875 0.06015625 0.03203125
0 0.25390625 0.746484375 0.0484375 0.04453125
0 0.3015625 0.74296875 0.0578125 0.0515625
0 0.328515625 0.69765625 0.05546875 0.05625
0 0.35703125 0.679296875 0.0546875 0.04140625
0 0.345703125 0.641796875 0.06171875 0.03359375
0 0.2859375 0.623046875 0.084375 0.04609375
0 0.266015625 0.591796875 0.03828125 0.05703125
0 0.269921875 0.693359375 0.06953125 0.04921875
0 0.27734375 0.664453125 0.059375 0.05859375
0 0.21640625 0.6390625 0.0671875 0.059375
0 0.230859375 0.697265625 0.05546875 0.05390625
0 0.215234375 0.58515625 0.08359375 0.034375
0 0.23203125 0.61484375 0.059375 0.0484375
0 0.221484375 0.5546875 0.06171875 0.05
0 0.18671875 0.546875 0.046875 0.053125
0 0.1484375 0.56875 0.0359375 0.04375
0 0.14609375 0.540625 0.0546875 0.034375
0 0.1515625 0.630078125 0.0640625 0.04140625
0 0.148046875 0.602734375 0.04140625 0.05234375
0 0.201171875 0.770703125 0.03984375 0.04453125
0 0.221875 0.814453125 0.0578125 0.04453125