0 0.419921875 0.23125 0.054296875 0.078125
0 0.510546875 0.233984375 0.055078125 0.06875
0 0.376171875 0.13671875 0.068359375 0.0515625
0 0.405859375 0.116015625 0.044140625 0.074609375
0 0.360546875 0.1 0.052734375 0.053125
0 0.726171875 0.50390625 0.06015625 0.060546875
0 0.981640625 0.633203125 0.03671875 0.059765625
0 0.975390625 0.7734375 0.04921875 0.069921875
0 0.989453125 0.857421875 0.020703125 0.065625
0 0.884375 0.83125 0.064453125 0.06796875
0 0.7875 0.86484375 0.064453125 0.072265625
0 0.71328125 0.7953125 0.059375 0.061328125
0 0.64375 0.773828125 0.05078125 0.0671875
0 0.565234375 0.754296875 0.0609375 0.0546875
0 0.57421875 0.794921875 0.053515625 0.05546875
0 0.609375 0.833203125 0.066015625 0.062109375
0 0.6609375 0.886328125 0.0734375 0.0515625
0 0.600390625 0.88046875 0.059375 0.053125
0 0.556640625 0.8328125 0.06015625 0.058203125
0 0.51875 0.846875 0.05859375 0.06484375