0 0.703125 0.456640625 0.084375 0.05859375
0 0.952734375 0.38671875 0.05546875 0.078125
0 0.976953125 0.135546875 0.04609375 0.05546875
0 0.95625 0.065625 0.0875 0.06875
0 0.830078125 0.07421875 0.07734375 0.0609375
0 0.830078125 0.216015625 0.06484375 0.08046875
0 0.77421875 0.27890625 0.0625 0.078125
0 0.6984375 0.312890625 0.0828125 0.08671875
0 0.737890625 0.17109375 0.08515625 0.075
0 0.63984375 0.064453125 0.0515625 0.06953125
0 0.665625 0.11015625 0.0578125 0.0828125
0 0.442578125 0.05703125 0.07109375 0.0578125
0 0.47890625 0.098828125 0.0609375 0.05390625
0 0.516796875 0.1171875 0.05703125 0.071875
0 0.546484375 0.16796875 0.07890625 0.059375
0 0.47421875 0.17890625 0.0875 0.0765625
0 0.3734375 0.1765625 0.06875 0.0546875
0 0.319921875 0.260546875 0.06484375 0.06328125
0 0.267578125 0.19375 0.06484375 0.10625
0 0.23515625 0.16484375 0.0734375 0.0640625
0 0.006640625 0.268359375 0.01171875 0.02578125
0 0.0203125 0.205859375 0.0390625 0.06015625
0 0.030859375 0.114453125 0.06015625 0.06171875
0 0.07890625 0.125390625 0.06875 0.06015625
0 0.05078125 0.0625 0.0625 0.0640625
0 0.100390625 0.073828125 0.05078125 0.08828125
0 0.203125 0.110546875 0.0703125 0.07734375
0 0.36328125 0.076953125 0.05625 0.07578125
0 0.29296875 0.0578125 0.0734375 0.0484375
0 0.25546875 0.059375 0.059375 0.06875
0 0.2046875 0.059375 0.0671875 0.0578125
0 0.16796875 0.07734375 0.05625 0.0921875
0 0.130859375 0.067578125 0.04140625 0.06171875
0 0.13828125 0.206640625 0.08515625 0.07734375