0 0.029296875 0.066015625 0.05859375 0.062890625
0 0.130859375 0.13203125 0.10078125 0.05859375
0 0.180078125 0.176953125 0.094140625 0.071484375
0 0.2375 0.171484375 0.08125 0.071875
0 0.129296875 0.07421875 0.058984375 0.06875
0 0.164453125 0.08046875 0.05703125 0.082421875
0 0.204296875 0.073828125 0.062890625 0.080859375
0 0.252734375 0.080078125 0.058203125 0.078125
0 0.220703125 0.120703125 0.072265625 0.08046875
0 0.334765625 0.0625 0.076953125 0.054296875
0 0.39140625 0.079296875 0.071875 0.058203125
0 0.30546875 0.136328125 0.064453125 0.081640625
0 0.323828125 0.10546875 0.06875 0.05
0 0.365234375 0.128125 0.071484375 0.074609375
0 0.040234375 0.359375 0.0734375 0.083203125
0 0.23046875 0.771875 0.094140625 0.075390625
0 0.06875 0.8484375 0.092578125 0.070703125
0 0.48046875 0.86171875 0.0703125 0.076171875
0 0.959375 0.868359375 0.08125 0.07265625
0 0.74921875 0.740234375 0.073046875 0.0875
0 0.862890625 0.819140625 0.069921875 0.0671875
0 0.880859375 0.886328125 0.070703125 0.06171875
0 0.782421875 0.840625 0.054296875 0.078125
0 0.82890625 0.827734375 0.05703125 0.06796875
0 0.830078125 0.88125 0.05234375 0.0640625
0 0.79296875 0.890625 0.060546875 0.057421875
0 0.6203125 0.824609375 0.0671875 0.091015625
0 0.54453125 0.834375 0.062109375 0.08046875
0 0.5796875 0.84375 0.036328125 0.07890625
0 0.547265625 0.892578125 0.065234375 0.05
0 0.5984375 0.89140625 0.044921875 0.071875
0 0.6390625 0.889453125 0.0359375 0.051953125
0 0.675 0.89453125 0.03828125 0.05078125
0 0.666015625 0.841015625 0.05234375 0.075390625
0 0.710546875 0.8453125 0.04140625 0.088671875
0 0.726953125 0.9 0.069140625 0.045703125
0 0.746484375 0.858984375 0.034765625 0.084375
0 0.972265625 0.339453125 0.05546875 0.06171875
0 0.943359375 0.39296875 0.080859375 0.08359375
0 0.675 0.0703125 0.06875 0.073046875
0 0.771875 0.055859375 0.047265625 0.09375
0 0.724609375 0.060546875 0.04453125 0.07109375
0 0.71171875 0.112109375 0.0765625 0.066015625
0 0.789453125 0.117578125 0.076953125 0.052734375
0 0.76328125 0.158203125 0.076953125 0.064453125
0 0.826953125 0.0875 0.04921875 0.09375
0 0.97109375 0.081640625 0.0578125 0.10703125
0 0.913671875 0.135546875 0.05625 0.1078125
0 0.872265625 0.076953125 0.06796875 0.0671875
0 0.86015625 0.13125 0.05703125 0.0875
0 0.900390625 0.0515625 0.0796875 0.059375