0 0.155859375 0.757421875 0.091796875 0.08203125
0 0.089453125 0.767578125 0.077734375 0.051953125
0 0.078125 0.798046875 0.06484375 0.0421875
0 0.108984375 0.815625 0.060546875 0.043359375
0 0.11796875 0.844140625 0.043359375 0.055859375
0 0.12578125 0.8859375 0.066796875 0.045703125
0 0.14921875 0.858203125 0.066015625 0.044921875
0 0.15 0.828515625 0.076953125 0.039453125
0 0.1546875 0.79140625 0.070703125 0.05390625
0 0.23359375 0.78125 0.072265625 0.063671875
0 0.203125 0.790625 0.046875 0.054296875
0 0.2171875 0.8171875 0.0609375 0.055078125
0 0.265625 0.828125 0.0703125 0.07734375
0 0.274609375 0.88984375 0.06953125 0.0640625
0 0.2296875 0.8953125 0.051171875 0.05859375
0 0.2296875 0.85390625 0.061328125 0.0484375
0 0.190625 0.8546875 0.05625 0.05234375
0 0.174609375 0.8953125 0.05390625 0.04765625
0 0.198046875 0.8953125 0.0546875 0.04765625
0 0.35625 0.90859375 0.088671875 0.042578125
0 0.421484375 0.898828125 0.062890625 0.076171875
0 0.454296875 0.90078125 0.07109375 0.0609375
0 0.507421875 0.89140625 0.058984375 0.068359375
0 0.33671875 0.848828125 0.079296875 0.0640625
0 0.539453125 0.907421875 0.0609375 0.040234375
0 0.59296875 0.91015625 0.06875 0.042578125
0 0.550390625 0.8609375 0.0515625 0.0640625
0 0.59375 0.88046875 0.064453125 0.051171875
0 0.581640625 0.834765625 0.044140625 0.058203125
0 0.61796875 0.82109375 0.033203125 0.087890625
0 0.651171875 0.81015625 0.0640625 0.08984375
0 0.705859375 0.752734375 0.0640625 0.075
0 0.678125 0.858984375 0.07421875 0.0578125
0 0.678515625 0.908984375 0.0609375 0.0671875
0 0.7265625 0.911328125 0.045703125 0.062109375
0 0.724609375 0.866015625 0.071484375 0.0640625
0 0.56484375 0.79453125 0.063671875 0.064453125
0 0.51015625 0.819140625 0.064453125 0.069140625
0 0.524609375 0.6859375 0.06796875 0.060546875
0 0.594921875 0.688671875 0.06640625 0.05859375
0 0.633203125 0.729296875 0.06953125 0.069921875
0 0.669921875 0.69921875 0.066796875 0.052734375
0 0.717578125 0.687890625 0.076171875 0.04765625
0 0.6359375 0.655078125 0.076953125 0.05546875
0 0.593359375 0.632421875 0.076953125 0.069140625
0 0.465234375 0.7046875 0.06796875 0.053125
0 0.503515625 0.73203125 0.062890625 0.0640625
0 0.513671875 0.768359375 0.067578125 0.079296875
0 0.46875 0.786328125 0.051953125 0.076953125
0 0.1 0.716015625 0.0671875 0.047265625
0 0.090234375 0.689453125 0.07421875 0.058203125
0 0.094921875 0.655078125 0.065625 0.051953125
0 0.139453125 0.62734375 0.072265625 0.079296875
0 0.16875 0.6625 0.06015625 0.08046875
0 0.1390625 0.678125 0.051171875 0.063671875
0 0.2046875 0.67421875 0.062890625 0.0609375
0 0.24453125 0.66640625 0.0875 0.0671875
0 0.32421875 0.696875 0.06953125 0.074609375
0 0.3 0.721875 0.079296875 0.05078125
0 0.25078125 0.7484375 0.07109375 0.0625
0 0.298828125 0.767578125 0.07265625 0.0609375
0 0.3328125 0.7984375 0.0640625 0.0515625
0 0.380859375 0.82734375 0.072265625 0.069921875
0 0.43359375 0.80078125 0.061328125 0.073828125
0 0.38828125 0.790625 0.055078125 0.05
0 0.3453125 0.7578125 0.04765625 0.074609375
0 0.38359375 0.741796875 0.062890625 0.075390625
0 0.363671875 0.7140625 0.065234375 0.076171875
0 0.4125 0.69296875 0.091796875 0.059375
0 0.38671875 0.653515625 0.07265625 0.053125
0 0.4421875 0.653515625 0.0859375 0.0453125
0 0.4171875 0.744921875 0.054296875 0.072265625
0 0.4578125 0.74453125 0.05625 0.0609375
0 0.3671875 0.6109375 0.064453125 0.05625
0 0.438671875 0.615234375 0.071875 0.053515625
0 0.515234375 0.614453125 0.075 0.0515625
0 0.54609375 0.576953125 0.07890625 0.060546875
0 0.4890625 0.570703125 0.08125 0.05703125
0 0.451953125 0.578515625 0.053515625 0.064453125
0 0.40859375 0.578515625 0.05625 0.055859375
0 0.36796875 0.5625 0.0640625 0.070703125
0 0.31875 0.556640625 0.0765625 0.0671875
0 0.284765625 0.61484375 0.073046875 0.075
0 0.221484375 0.5953125 0.064453125 0.067578125
0 0.177734375 0.59140625 0.063671875 0.0546875
0 0.158203125 0.54921875 0.0640625 0.04609375
0 0.228125 0.543359375 0.0875 0.051171875
0 0.3203125 0.516796875 0.056640625 0.087109375
0 0.08203125 0.535546875 0.065625 0.058984375
0 0.074609375 0.490234375 0.061328125 0.05234375
0 0.076953125 0.455078125 0.07109375 0.04609375
0 0.061328125 0.416796875 0.08515625 0.054296875
0 0.113671875 0.361328125 0.052734375 0.078125
0 0.07109375 0.3671875 0.049609375 0.066796875
0 0.08515625 0.320703125 0.060546875 0.055078125
0 0.166796875 0.330078125 0.073828125 0.063671875
0 0.18203125 0.40546875 0.06796875 0.065625
0 0.12265625 0.42265625 0.06875 0.05703125
0 0.116015625 0.48203125 0.048046875 0.07734375
0 0.155859375 0.492578125 0.062890625 0.08125
0 0.203515625 0.517578125 0.055078125 0.0796875
0 0.25625 0.517578125 0.071484375 0.04609375
0 0.278125 0.48203125 0.08046875 0.056640625
0 0.19453125 0.453515625 0.064453125 0.058203125
0 0.2328125 0.462890625 0.0453125 0.06640625
0 0.25390625 0.437109375 0.086328125 0.04765625
0 0.3765625 0.476953125 0.085546875 0.0515625
0 0.458984375 0.49453125 0.055078125 0.057421875
0 0.525 0.511328125 0.058203125 0.071875
0 0.565234375 0.536328125 0.0640625 0.0625
0 0.625390625 0.565625 0.071484375 0.0578125
0 0.6953125 0.49609375 0.075 0.06640625
0 0.6453125 0.44375 0.078125 0.051171875
0 0.582421875 0.473046875 0.059375 0.06484375
0 0.591015625 0.511328125 0.0625 0.052734375
0 0.500390625 0.4875 0.050390625 0.074609375
0 0.43203125 0.459375 0.0609375 0.055859375
0 0.48828125 0.44296875 0.055078125 0.0515625
0 0.44921875 0.41953125 0.049609375 0.065625
0 0.559765625 0.408203125 0.066796875 0.053125
0 0.669140625 0.35546875 0.063671875 0.0609375
0 0.71875 0.398828125 0.075390625 0.067578125
0 0.73359375 0.339453125 0.073828125 0.062109375
0 0.623046875 0.3234375 0.074609375 0.0609375
0 0.579296875 0.349609375 0.094140625 0.074609375
0 0.51953125 0.377734375 0.058984375 0.07109375
0 0.478125 0.39296875 0.0640625 0.0578125
0 0.515625 0.3203125 0.05625 0.088671875
0 0.456640625 0.328515625 0.07890625 0.0796875
0 0.418359375 0.355078125 0.058984375 0.066015625
0 0.3796875 0.37890625 0.06953125 0.06875
0 0.35625 0.443359375 0.091796875 0.0546875
0 0.336328125 0.4046875 0.0921875 0.048046875
0 0.3 0.388671875 0.076171875 0.05625
0 0.22578125 0.376953125 0.06640625 0.065234375
0 0.24453125 0.353125 0.0984375 0.058203125
0 0.568359375 0.27109375 0.082421875 0.0671875
0 0.701953125 0.1 0.06640625 0.1015625
0 0.71875 0.2734375 0.08125 0.082421875
0 0.609375 0.14140625 0.07578125 0.06328125
0 0.5125 0.1859375 0.078125 0.0609375
0 0.39453125 0.2984375 0.091015625 0.05546875
0 0.3375 0.305859375 0.064453125 0.081640625
0 0.2609375 0.29921875 0.065625 0.083203125
0 0.16484375 0.26953125 0.08203125 0.078125
0 0.0875 0.280859375 0.062890625 0.08125
0 0.094140625 0.16953125 0.0484375 0.070703125
0 0.106640625 0.136328125 0.05703125 0.066015625
0 0.115625 0.09140625 0.0625 0.0484375
0 0.296484375 0.1828125 0.06796875 0.084375
0 0.304296875 0.248828125 0.094140625 0.058203125
0 0.34296875 0.1171875 0.079296875 0.0703125
0 0.401953125 0.07265625 0.071484375 0.055859375
0 0.30078125 0.06484375 0.06484375 0.062109375
0 0.284375 0.09921875 0.054296875 0.0546875
0 0.980859375 0.09921875 0.03828125 0.077734375
0 0.9546875 0.069921875 0.083203125 0.07109375
0 0.984765625 0.24296875 0.03046875 0.089453125
0 0.93515625 0.270703125 0.074609375 0.06015625
0 0.781640625 0.345703125 0.063671875 0.0640625
0 0.86796875 0.3328125 0.08359375 0.061328125
0 0.983984375 0.36640625 0.03203125 0.0640625
0 0.9828125 0.447265625 0.034375 0.08359375
0 0.884765625 0.38125 0.073828125 0.06328125
0 0.828125 0.41953125 0.077734375 0.074609375
0 0.780078125 0.4515625 0.06171875 0.063671875
0 0.913671875 0.5109375 0.069921875 0.06953125
0 0.953125 0.530859375 0.069921875 0.05390625
0 0.9015625 0.575 0.053515625 0.075390625
0 0.959375 0.59453125 0.05703125 0.071484375
0 0.951953125 0.648828125 0.05703125 0.063671875
0 0.962109375 0.708984375 0.06953125 0.06484375
0 0.91640625 0.625 0.050390625 0.0875
0 0.87890625 0.64921875 0.046875 0.07578125
0 0.799609375 0.65234375 0.051953125 0.073046875
0 0.771484375 0.688671875 0.059375 0.053515625
0 0.7390625 0.557421875 0.0703125 0.066015625
0 0.71171875 0.5734375 0.053125 0.05
0 0.744921875 0.6125 0.06328125 0.04921875
0 0.69140625 0.60390625 0.046484375 0.0515625
0 0.65703125 0.622265625 0.055078125 0.05625
0 0.727734375 0.640234375 0.06484375 0.062109375
0 0.697265625 0.6578125 0.046875 0.059375
0 0.765625 0.89453125 0.045703125 0.0703125
0 0.804296875 0.905859375 0.056640625 0.06640625
0 0.969140625 0.894140625 0.06171875 0.06171875
0 0.98046875 0.78671875 0.0390625 0.0515625
0 0.9765625 0.824609375 0.046875 0.05390625
0 0.9453125 0.844921875 0.0484375 0.05546875
0 0.94140625 0.889453125 0.039453125 0.061328125
0 0.916796875 0.9078125 0.04453125 0.06484375
0 0.8859375 0.90234375 0.049609375 0.06796875
0 0.85 0.9109375 0.046484375 0.05390625
0 0.82421875 0.864453125 0.04609375 0.0671875
0 0.8171875 0.826953125 0.048828125 0.09140625
0 0.771484375 0.83125 0.069921875 0.055859375
0 0.764453125 0.7609375 0.059375 0.061328125
0 0.80546875 0.7328125 0.05078125 0.079296875
0 0.851953125 0.7375 0.057421875 0.063671875
0 0.89453125 0.750390625 0.046484375 0.08046875
0 0.94375 0.744140625 0.066015625 0.093359375
0 0.930859375 0.79921875 0.072265625 0.048828125
0 0.871484375 0.80546875 0.04140625 0.046484375
0 0.8625 0.860546875 0.06484375 0.0640625
0 0.910546875 0.85390625 0.04296875 0.083203125