0 0.016796875 0.653515625 0.03359375 0.046484375
0 0.206640625 0.8078125 0.066796875 0.078125
0 0.293359375 0.720703125 0.04609375 0.08125
0 0.530859375 0.832421875 0.05390625 0.06796875
0 0.69140625 0.773828125 0.056640625 0.069921875
0 0.7484375 0.763671875 0.046484375 0.07578125
0 0.605078125 0.4859375 0.048828125 0.08046875
0 0.696484375 0.453515625 0.052734375 0.076953125
0 0.96015625 0.246875 0.06796875 0.061328125
0 0.93828125 0.315625 0.0625 0.08203125
0 0.94765625 0.41015625 0.075390625 0.06484375
0 0.846875 0.33515625 0.074609375 0.0671875
0 0.6609375 0.33984375 0.05859375 0.08515625
0 0.602734375 0.333203125 0.073046875 0.054296875
0 0.9703125 0.69140625 0.059375 0.08046875
0 0.9046875 0.721875 0.09375 0.06328125