0 0.03984375 0.908203125 0.0671875 0.07421875
0 0.125390625 0.796875 0.05078125 0.0640625
0 0.16328125 0.82578125 0.0484375 0.0671875
0 0.218359375 0.801953125 0.05390625 0.07421875
0 0.360546875 0.9 0.06015625 0.0578125
0 0.84375 0.75703125 0.0453125 0.0625
0 0.898046875 0.7671875 0.07109375 0.05625
0 0.876171875 0.803515625 0.06640625 0.04296875
0 0.609765625 0.32265625 0.07421875 0.0515625
0 0.41015625 0.232421875 0.0625 0.06953125
0 0.4578125 0.208203125 0.06875 0.04609375
0 0.53203125 0.230078125 0.08125 0.05546875
0 0.5328125 0.19140625 0.075 0.046875
0 0.439453125 0.15859375 0.06171875 0.0484375
0 0.492578125 0.150390625 0.04921875 0.04921875
0 0.546875 0.151953125 0.05625 0.05234375
0 0.5765625 0.135546875 0.05 0.05703125
0 0.533984375 0.110546875 0.06015625 0.04453125
0 0.476171875 0.1078125 0.06484375 0.0609375
0 0.405078125 0.130859375 0.08359375 0.05546875
0 0.408984375 0.076171875 0.10078125 0.04140625
0 0.396875 0.096875 0.084375 0.0359375
0 0.592578125 0.095703125 0.05390625 0.06796875
0 0.06875 0.2296875 0.0828125 0.0671875
0 0.042578125 0.12265625 0.07421875 0.0609375
0 0.101953125 0.148828125 0.06171875 0.06328125
0 0.079296875 0.09765625 0.06640625 0.0734375
0 0.1171875 0.094921875 0.053125 0.05859375
0 0.13671875 0.073828125 0.053125 0.04296875
0 0.183984375 0.06640625 0.05234375 0.0484375
0 0.16875 0.108203125 0.05 0.05546875
0 0.212890625 0.12265625 0.06015625 0.071875
0 0.227734375 0.088671875 0.05390625 0.06640625
0 0.264453125 0.08671875 0.04921875 0.075
0 0.30859375 0.080859375 0.05 0.06328125
0 0.625 0.07578125 0.0375 0.0578125
0 0.659375 0.081640625 0.0609375 0.04765625
0 0.644921875 0.11171875 0.04921875 0.0546875
0 0.69765625 0.105078125 0.0421875 0.06640625
0 0.709765625 0.14609375 0.04609375 0.0703125
0 0.779296875 0.1953125 0.05234375 0.06875
0 0.770703125 0.078515625 0.06640625 0.04296875
0 0.7890625 0.1 0.0421875 0.071875
0 0.83515625 0.094921875 0.0375 0.06796875
0 0.875 0.084765625 0.0390625 0.05390625
0 0.92109375 0.07890625 0.046875 0.0671875
0 0.9546875 0.08359375 0.0390625 0.0734375
0 0.87734375 0.13359375 0.0453125 0.05
0 0.854296875 0.165234375 0.04296875 0.05390625
0 0.891796875 0.18046875 0.05703125 0.05
0 0.930078125 0.15625 0.06328125 0.05
0 0.91484375 0.10703125 0.040625 0.05625
0 0.987109375 0.09453125 0.02578125 0.05625