0 0.012109375 0.109765625 0.02265625 0.04921875
0 0.044140625 0.1640625 0.07734375 0.05625
0 0.093359375 0.1125 0.04140625 0.0625
0 0.33125 0.121484375 0.0359375 0.06328125
0 0.378125 0.132421875 0.0515625 0.03671875
0 0.4203125 0.102734375 0.05625 0.04296875
0 0.4109375 0.17265625 0.05625 0.0515625
0 0.451171875 0.22734375 0.03359375 0.065625
0 0.530859375 0.201953125 0.06171875 0.04765625
0 0.476171875 0.324609375 0.04609375 0.06015625
0 0.77109375 0.39921875 0.046875 0.0546875
0 0.801953125 0.3921875 0.04921875 0.046875
0 0.204296875 0.582421875 0.04609375 0.06640625
0 0.390234375 0.72109375 0.05390625 0.04375
0 0.018359375 0.891796875 0.03515625 0.04609375
0 0.16875 0.7984375 0.0546875 0.040625
0 0.28359375 0.8453125 0.053125 0.05625
0 0.42578125 0.844140625 0.0390625 0.05390625
0 0.46484375 0.8484375 0.034375 0.0578125
0 0.47890625 0.87890625 0.04375 0.0484375