0 0.746875 0.113671875 0.0640625 0.08984375
0 0.74453125 0.225 0.063671875 0.091015625
0 0.603125 0.118359375 0.05703125 0.08671875
0 0.70859375 0.17265625 0.051171875 0.073828125
0 0.6859375 0.214453125 0.0453125 0.087890625
0 0.65625 0.148828125 0.05390625 0.063671875
0 0.601171875 0.1671875 0.080078125 0.042578125
0 0.576171875 0.208984375 0.06328125 0.0625
0 0.630078125 0.20390625 0.08046875 0.067578125
0 0.637890625 0.245703125 0.066015625 0.082421875
0 0.73125 0.305078125 0.0828125 0.06328125
0 0.48828125 0.076953125 0.0828125 0.058984375
0 0.496875 0.13046875 0.0796875 0.066015625
0 0.548828125 0.27421875 0.054296875 0.087109375
0 0.496875 0.17265625 0.0875 0.059765625
0 0.987890625 0.2140625 0.02421875 0.04765625
0 0.9828125 0.1765625 0.034375 0.05390625
0 0.978515625 0.12578125 0.04296875 0.0578125
0 0.955078125 0.1734375 0.049609375 0.0875
0 0.967578125 0.085546875 0.06484375 0.072265625
0 0.81171875 0.08828125 0.058984375 0.07421875
0 0.8703125 0.08828125 0.061328125 0.071875
0 0.9328125 0.06953125 0.0640625 0.06015625
0 0.838671875 0.13984375 0.070703125 0.078515625
0 0.875390625 0.145703125 0.0734375 0.0578125
0 0.924609375 0.1125 0.060546875 0.046484375
0 0.91015625 0.16875 0.06171875 0.07109375
0 0.884375 0.20546875 0.084765625 0.07890625
0 0.7875 0.461328125 0.0953125 0.0609375
0 0.930078125 0.56484375 0.096484375 0.0609375
0 0.727734375 0.5546875 0.075390625 0.080859375
0 0.648046875 0.489453125 0.087109375 0.07734375
0 0.558203125 0.54453125 0.0671875 0.085546875
0 0.97421875 0.81640625 0.051171875 0.07578125
0 0.58125 0.85859375 0.05625 0.08359375
0 0.5390625 0.858203125 0.053515625 0.08359375
0 0.598046875 0.89921875 0.06484375 0.080078125
0 0.541796875 0.908203125 0.0734375 0.049609375
0 0.478515625 0.87578125 0.076953125 0.069140625
0 0.42890625 0.89921875 0.053515625 0.087109375
0 0.3859375 0.8984375 0.053515625 0.07890625
0 0.30234375 0.853515625 0.0875 0.0890625
0 0.353125 0.8953125 0.058203125 0.072265625
0 0.312109375 0.903515625 0.067578125 0.087109375
0 0.251953125 0.859765625 0.071484375 0.076953125
0 0.243359375 0.90859375 0.10546875 0.0484375
0 0.06171875 0.7578125 0.0765625 0.085546875
0 0.1234375 0.843359375 0.076953125 0.071875
0 0.126171875 0.904296875 0.073828125 0.0703125
0 0.04453125 0.86328125 0.059765625 0.085546875
0 0.01484375 0.898828125 0.0296875 0.08984375
0 0.0875 0.890625 0.0625 0.088671875
0 0.04609375 0.91796875 0.0484375 0.067578125
0 0.05 0.5953125 0.1 0.07578125
0 0.130078125 0.449609375 0.093359375 0.06171875
0 0.346484375 0.519921875 0.059765625 0.07890625
0 0.08671875 0.503125 0.083984375 0.059375
0 0.089453125 0.329296875 0.0890625 0.08046875
0 0.030859375 0.372265625 0.06171875 0.07109375
0 0.14609375 0.194140625 0.073046875 0.0765625
0 0.1296875 0.091015625 0.078125 0.06796875
0 0.0203125 0.08046875 0.040625 0.0875
0 0.072265625 0.1359375 0.070703125 0.08671875
0 0.01953125 0.17734375 0.038671875 0.062109375
0 0.2515625 0.101171875 0.05234375 0.098046875
0 0.298046875 0.094140625 0.057421875 0.08203125
0 0.378125 0.070703125 0.080859375 0.053125
0 0.331640625 0.090625 0.047265625 0.06015625
0 0.384375 0.1140625 0.06171875 0.0765625
0 0.351171875 0.143359375 0.07421875 0.0703125
0 0.401953125 0.215234375 0.07265625 0.083984375
0 0.32890625 0.22109375 0.06484375 0.09765625
0 0.358984375 0.1953125 0.07109375 0.07265625
0 0.49921875 0.28515625 0.052734375 0.087109375
0 0.42265625 0.38125 0.090234375 0.06796875
0 0.494921875 0.425 0.078125 0.066796875