0 0.8328125 0.891015625 0.057421875 0.082421875
0 0.807421875 0.863671875 0.05078125 0.080078125
0 0.75546875 0.865234375 0.07265625 0.075390625
0 0.771875 0.900390625 0.075 0.049609375
0 0.769921875 0.63046875 0.0609375 0.070703125
0 0.710546875 0.36875 0.069140625 0.0828125
0 0.933203125 0.470703125 0.094921875 0.062890625
0 0.70234375 0.0953125 0.06796875 0.084375
0 0.725390625 0.23828125 0.059375 0.078125
0 0.88828125 0.15 0.07890625 0.070703125
0 0.92734375 0.1703125 0.06328125 0.0796875
0 0.476953125 0.17421875 0.053125 0.079296875
0 0.055078125 0.084375 0.064453125 0.088671875
0 0.1359375 0.123046875 0.06640625 0.07734375
0 0.19296875 0.20390625 0.07265625 0.073828125
0 0.14375 0.22578125 0.076953125 0.065234375
0 0.17109375 0.31953125 0.09765625 0.055078125
0 0.362109375 0.365234375 0.059375 0.08046875
0 0.446484375 0.3390625 0.0640625 0.075
0 0.076171875 0.457421875 0.080859375 0.085546875
0 0.0421875 0.707421875 0.076171875 0.080078125