0 0.9375 0.10078125 0.073046875 0.069921875
0 0.26171875 0.391015625 0.082421875 0.0484375
0 0.24453125 0.434765625 0.066796875 0.064453125
0 0.216015625 0.458203125 0.06015625 0.079296875
0 0.36953125 0.548828125 0.076953125 0.065234375
0 0.746875 0.61953125 0.06015625 0.083203125
0 0.800390625 0.631640625 0.062109375 0.098046875
0 0.9359375 0.714453125 0.0796875 0.06796875
0 0.083203125 0.623046875 0.085546875 0.059765625
0 0.030859375 0.59140625 0.06171875 0.0625
0 0.0046875 0.430859375 0.009375 0.05859375