0 0.06015625 0.75 0.065234375 0.08203125
0 0.42578125 0.86640625 0.081640625 0.06953125
0 0.448046875 0.9046875 0.062109375 0.06484375
0 0.5078125 0.88828125 0.092578125 0.05859375
0 0.561328125 0.902734375 0.065234375 0.070703125
0 0.678515625 0.7859375 0.055078125 0.080859375
0 0.05234375 0.282421875 0.065234375 0.0828125
0 0.008203125 0.1796875 0.01640625 0.081640625
0 0.0203125 0.0828125 0.040625 0.0859375
0 0.034375 0.11484375 0.06875 0.0625
0 0.066015625 0.090625 0.068359375 0.091015625
0 0.199609375 0.2109375 0.082421875 0.066796875
0 0.338671875 0.272265625 0.066015625 0.067578125
0 0.263671875 0.092578125 0.0609375 0.0859375
0 0.30625 0.1109375 0.0546875 0.08984375
0 0.332421875 0.135546875 0.044921875 0.080859375
0 0.34453125 0.083203125 0.061328125 0.057421875
0 0.3671875 0.136328125 0.049609375 0.0796875
0 0.39921875 0.083984375 0.05625 0.071875
0 0.42578125 0.10625 0.07421875 0.06171875
0 0.653125 0.0875 0.072265625 0.05234375
0 0.704296875 0.080078125 0.059765625 0.05234375
0 0.68828125 0.122265625 0.083203125 0.0578125
0 0.7515625 0.083984375 0.05625 0.0765625
0 0.795703125 0.094140625 0.051953125 0.08515625
0 0.83828125 0.096484375 0.06640625 0.0765625
0 0.8171875 0.129296875 0.07734375 0.05859375
0 0.852734375 0.1546875 0.08125 0.06875