0 0.09140625 0.818359375 0.066015625 0.08984375
0 0.4046875 0.671875 0.081640625 0.062109375
0 0.38125 0.837890625 0.08359375 0.060546875
0 0.384765625 0.890234375 0.081640625 0.060546875
0 0.43828125 0.865234375 0.052734375 0.08046875
0 0.46875 0.828125 0.06015625 0.0796875
0 0.51484375 0.812890625 0.068359375 0.05546875
0 0.56015625 0.844140625 0.0609375 0.06484375
0 0.537890625 0.8859375 0.05859375 0.05625
0 0.58828125 0.884765625 0.053515625 0.059765625
0 0.600390625 0.830859375 0.055859375 0.062890625
0 0.628125 0.876171875 0.06015625 0.07890625
0 0.67421875 0.894140625 0.065234375 0.05625
0 0.708203125 0.878515625 0.06015625 0.073828125
0 0.6640625 0.839453125 0.056640625 0.06875
0 0.627734375 0.7984375 0.055859375 0.07890625
0 0.64921875 0.7640625 0.05859375 0.074609375
0 0.690625 0.803125 0.068359375 0.074609375
0 0.694140625 0.72734375 0.055078125 0.078125
0 0.79609375 0.823828125 0.084375 0.071484375
0 0.817578125 0.8640625 0.080078125 0.04296875
0 0.83359375 0.8984375 0.080078125 0.049609375
0 0.85234375 0.833203125 0.067578125 0.059765625
0 0.883203125 0.87109375 0.07265625 0.05703125
0 0.950390625 0.9 0.09921875 0.061328125
0 0.93515625 0.848046875 0.05859375 0.062890625
0 0.880859375 0.810546875 0.0734375 0.0796875
0 0.91640625 0.782421875 0.080859375 0.074609375
0 0.99296875 0.68125 0.0140625 0.0578125
0 0.9109375 0.42890625 0.069921875 0.097265625
0 0.983203125 0.272265625 0.03359375 0.08046875
0 0.95546875 0.20078125 0.0609375 0.0796875
0 0.990625 0.19921875 0.01875 0.053125
0 0.962109375 0.15078125 0.07578125 0.0609375
0 0.96796875 0.10625 0.0640625 0.06875
0 0.969140625 0.049609375 0.06171875 0.06484375
0 0.937109375 0.058203125 0.05234375 0.061328125
0 0.90625 0.055078125 0.0515625 0.058984375
0 0.861328125 0.05546875 0.06171875 0.055078125
0 0.92109375 0.11015625 0.0625 0.105859375
0 0.871875 0.104296875 0.086328125 0.06015625
0 0.903515625 0.16171875 0.0671875 0.07578125
0 0.86015625 0.187890625 0.0609375 0.0765625
0 0.85546875 0.14296875 0.06484375 0.059375
0 0.798828125 0.195703125 0.06328125 0.073828125
0 0.8203125 0.121484375 0.05234375 0.08515625
0 0.787890625 0.099609375 0.053515625 0.071875
0 0.825 0.076171875 0.056640625 0.071484375
0 0.77890625 0.15625 0.052734375 0.08359375
0 0.7359375 0.158203125 0.059375 0.08125
0 0.736328125 0.10390625 0.0734375 0.052734375
0 0.751953125 0.0625 0.09609375 0.0546875
0 0.678125 0.163671875 0.076953125 0.0921875
0 0.594140625 0.101171875 0.055078125 0.09375
0 0.552734375 0.07890625 0.055078125 0.102734375
0 0.5140625 0.078125 0.046875 0.083984375
0 0.462109375 0.06015625 0.072265625 0.05234375
0 0.5296875 0.14140625 0.05078125 0.0859375
0 0.46796875 0.152734375 0.0828125 0.0765625
0 0.46328125 0.2125 0.075 0.06328125
0 0.534765625 0.2453125 0.08828125 0.069140625
0 0.525390625 0.29765625 0.0828125 0.05859375
0 0.477734375 0.263671875 0.08203125 0.066015625
0 0.364453125 0.2671875 0.05859375 0.087890625
0 0.231640625 0.2203125 0.087109375 0.068359375
0 0.1671875 0.333984375 0.072265625 0.084375
0 0.476953125 0.099609375 0.04921875 0.061328125
0 0.451171875 0.119921875 0.046484375 0.070703125
0 0.431640625 0.109375 0.062109375 0.05
0 0.40390625 0.085546875 0.053125 0.092578125
0 0.405078125 0.15390625 0.0765625 0.05546875
0 0.357421875 0.122265625 0.056640625 0.0796875
0 0.31171875 0.11484375 0.0484375 0.09140625
0 0.3734375 0.062890625 0.053515625 0.068359375
0 0.33203125 0.064453125 0.09921875 0.06328125
0 0.27265625 0.11640625 0.052734375 0.1015625
0 0.2515625 0.059375 0.065625 0.063671875
0 0.225390625 0.1015625 0.05546875 0.090625
0 0.18671875 0.1234375 0.053515625 0.087890625
0 0.151953125 0.121875 0.05390625 0.095703125
0 0.175 0.07578125 0.075 0.068359375
0 0.123046875 0.080078125 0.048828125 0.0625
0 0.1046875 0.12109375 0.071875 0.06015625
0 0.08515625 0.15078125 0.08359375 0.076953125
0 0.084765625 0.07265625 0.050390625 0.083984375
0 0.03828125 0.105078125 0.066015625 0.083203125
0 0.0375 0.06171875 0.07265625 0.065625
0 0.01640625 0.08515625 0.0328125 0.08125