0 0.40546875 0.20625 0.05078125 0.069140625
0 0.464453125 0.2203125 0.0609375 0.05625
0 0.20859375 0.243359375 0.0546875 0.0703125
0 0.075390625 0.269921875 0.083203125 0.0640625
0 0.131640625 0.31328125 0.083203125 0.053515625
0 0.183203125 0.32890625 0.08671875 0.053515625
0 0.212890625 0.595703125 0.046484375 0.07109375
0 0.133203125 0.571875 0.053515625 0.088671875
0 0.085546875 0.66484375 0.055859375 0.063671875
0 0.125390625 0.635546875 0.0546875 0.06328125
0 0.25390625 0.75234375 0.05859375 0.0640625
0 0.41015625 0.693359375 0.06875 0.055078125
0 0.230859375 0.83359375 0.089453125 0.073828125