0 0.0578125 0.18359375 0.076171875 0.075
0 0.2484375 0.076171875 0.06328125 0.056640625
0 0.201953125 0.09921875 0.087890625 0.059375
0 0.26484375 0.176953125 0.05859375 0.091015625
0 0.36171875 0.166015625 0.059375 0.078125
0 0.351953125 0.2265625 0.078515625 0.063671875
0 0.084375 0.07265625 0.05078125 0.071484375
0 0.1265625 0.079296875 0.0578125 0.060546875
0 0.153515625 0.1140625 0.061328125 0.055859375
0 0.20234375 0.148046875 0.08046875 0.053515625
0 0.173046875 0.187109375 0.056640625 0.08046875
0 0.219140625 0.187890625 0.048828125 0.087890625
0 0.03984375 0.07109375 0.042578125 0.0609375
0 0.1359375 0.1546875 0.066796875 0.054296875
0 0.08984375 0.135546875 0.057421875 0.06015625
0 0.050390625 0.1203125 0.04140625 0.068359375
0 0.019140625 0.10703125 0.03828125 0.0390625
0 0.017578125 0.152734375 0.03515625 0.06171875
0 0.0109375 0.068359375 0.021484375 0.0328125
0 0.293359375 0.06328125 0.054296875 0.05
0 0.332421875 0.08125 0.057421875 0.07890625
0 0.376171875 0.08203125 0.055859375 0.09765625
0 0.41484375 0.1171875 0.0609375 0.085546875
0 0.453515625 0.08359375 0.082421875 0.06640625
0 0.487890625 0.165234375 0.0609375 0.090234375
0 0.5546875 0.164453125 0.058984375 0.090625
0 0.639453125 0.161328125 0.05390625 0.08203125
0 0.59375 0.181640625 0.059375 0.094921875
0 0.61328125 0.2171875 0.0578125 0.086328125
0 0.958203125 0.124609375 0.08359375 0.06640625
0 0.880859375 0.323828125 0.0890625 0.06796875
0 0.983984375 0.35390625 0.03203125 0.0671875
0 0.919140625 0.412109375 0.0796875 0.087890625
0 0.969140625 0.6359375 0.06171875 0.06875
0 0.89140625 0.798828125 0.07890625 0.0703125
0 0.7046875 0.81328125 0.072265625 0.0625
0 0.76640625 0.81640625 0.05703125 0.08359375
0 0.791796875 0.847265625 0.052734375 0.06953125
0 0.86796875 0.864453125 0.07890625 0.058203125
0 0.628125 0.85234375 0.0640625 0.095703125
0 0.697265625 0.86171875 0.08671875 0.05859375
0 0.74375 0.86875 0.048046875 0.069921875
0 0.7078125 0.905078125 0.055859375 0.062109375
0 0.75859375 0.90859375 0.0578125 0.0640625
0 0.80703125 0.8859375 0.048828125 0.083984375
0 0.84453125 0.894921875 0.048046875 0.07890625
0 0.88984375 0.908984375 0.065625 0.046875
0 0.914453125 0.8578125 0.062109375 0.08203125
0 0.965625 0.85390625 0.052734375 0.064453125
0 0.944140625 0.909765625 0.063671875 0.053515625
0 0.98515625 0.907421875 0.0296875 0.053515625
0 0.5203125 0.841015625 0.076171875 0.055078125
0 0.447265625 0.880078125 0.050390625 0.08828125
0 0.48359375 0.878125 0.052734375 0.07890625
0 0.519140625 0.887109375 0.05859375 0.0625
0 0.59765625 0.880078125 0.060546875 0.083984375
0 0.55390625 0.8828125 0.046875 0.08984375
0 0.072265625 0.854296875 0.081640625 0.061328125
0 0.07734375 0.712890625 0.087109375 0.0765625