0 0.857421875 0.826171875 0.057421875 0.089453125
0 0.91171875 0.857421875 0.0671875 0.06875
0 0.7890625 0.7484375 0.069921875 0.053515625
0 0.71484375 0.746484375 0.065234375 0.0609375
0 0.73828125 0.7734375 0.058984375 0.056640625
0 0.511328125 0.864453125 0.04921875 0.0609375
0 0.43828125 0.83125 0.06015625 0.060546875
0 0.383203125 0.865625 0.045703125 0.065234375
0 0.2625 0.823046875 0.06484375 0.0671875
0 0.4578125 0.879296875 0.06328125 0.046875
0 0.48046875 0.845703125 0.0390625 0.0734375
0 0.4171875 0.872265625 0.040625 0.062890625
0 0.0984375 0.7109375 0.059765625 0.07890625
0 0.1359375 0.82421875 0.06171875 0.062890625
0 0.019921875 0.742578125 0.039453125 0.080859375
0 0.051171875 0.50078125 0.068359375 0.071875
0 0.134375 0.36953125 0.0734375 0.073828125
0 0.15625 0.43359375 0.06875 0.05625
0 0.1 0.440625 0.059765625 0.060546875