0 0.355859375 0.077734375 0.086328125 0.07265625
0 0.423828125 0.208984375 0.0578125 0.0828125
0 0.463671875 0.15859375 0.06484375 0.071484375
0 0.734765625 0.562890625 0.083203125 0.05234375
0 0.903125 0.386328125 0.069140625 0.070703125
0 0.483984375 0.833203125 0.066796875 0.088671875
0 0.51953125 0.888671875 0.0609375 0.070703125
0 0.16796875 0.898828125 0.071875 0.070703125
0 0.135546875 0.90546875 0.051953125 0.07578125
0 0.094921875 0.85859375 0.080078125 0.04609375
0 0.10859375 0.9 0.069140625 0.0625
0 0.010546875 0.87421875 0.02109375 0.0578125
0 0.04296875 0.875 0.0640625 0.06953125
0 0.0234375 0.910546875 0.04453125 0.04921875
0 0.0578125 0.915625 0.05078125 0.037109375