0 0.857421875 0.825390625 0.07265625 0.0734375
0 0.924609375 0.8 0.0640625 0.074609375
0 0.825390625 0.550390625 0.089453125 0.062109375
0 0.82421875 0.459765625 0.066796875 0.07421875
0 0.89140625 0.413671875 0.058203125 0.070703125
0 0.7296875 0.5171875 0.076953125 0.0828125
0 0.744921875 0.632421875 0.08125 0.10390625
0 0.559375 0.762109375 0.094140625 0.111328125
0 0.607421875 0.745703125 0.066015625 0.08046875
0 0.93046875 0.089453125 0.072265625 0.069921875
0 0.976953125 0.0765625 0.04609375 0.070703125
0 0.81875 0.113671875 0.086328125 0.073828125
0 0.7625 0.062109375 0.074609375 0.06953125
0 0.615234375 0.121875 0.0609375 0.10078125
0 0.619140625 0.062890625 0.073046875 0.062890625
0 0.546875 0.071875 0.06171875 0.087109375
0 0.474609375 0.10078125 0.094140625 0.0578125
0 0.458203125 0.060546875 0.09140625 0.0578125
0 0.498046875 0.1453125 0.094140625 0.05703125
0 0.51015625 0.183984375 0.058203125 0.067578125
0 0.557421875 0.203515625 0.0578125 0.078515625
0 0.56640625 0.153125 0.084375 0.076953125
0 0.699609375 0.23359375 0.061328125 0.082421875
0 0.611328125 0.278125 0.07734375 0.06875
0 0.70546875 0.094140625 0.06484375 0.0875
0 0.663671875 0.11015625 0.059375 0.095703125
0 0.576953125 0.096875 0.065234375 0.06015625
0 0.34296875 0.093359375 0.057421875 0.079296875
0 0.293359375 0.058984375 0.067578125 0.05546875
0 0.10859375 0.137890625 0.063671875 0.05390625
0 0.106640625 0.0984375 0.055859375 0.059375
0 0.19140625 0.097265625 0.060546875 0.067578125
0 0.146875 0.098828125 0.04765625 0.084765625
0 0.229296875 0.174609375 0.068359375 0.079296875
0 0.281640625 0.207421875 0.072265625 0.055859375
0 0.38515625 0.225 0.085546875 0.089453125
0 0.317578125 0.2546875 0.06953125 0.07890625
0 0.46796875 0.2953125 0.072265625 0.07109375
0 0.416015625 0.3390625 0.085546875 0.082421875
0 0.4828125 0.39609375 0.08984375 0.057421875
0 0.09921875 0.286328125 0.053515625 0.069140625
0 0.133984375 0.275390625 0.0765625 0.08203125
0 0.17578125 0.24140625 0.081640625 0.06796875
0 0.09765625 0.344921875 0.0765625 0.051953125
0 0.17109375 0.35703125 0.080859375 0.062890625
0 0.24375 0.363671875 0.0828125 0.05703125
0 0.099609375 0.416796875 0.066015625 0.09296875
0 0.15703125 0.437890625 0.07421875 0.07890625
0 0.10234375 0.521875 0.08125 0.073828125
0 0.084375 0.466015625 0.059765625 0.0546875
0 0.176171875 0.494921875 0.088671875 0.087890625
0 0.373828125 0.491796875 0.08125 0.07578125
0 0.50390625 0.45234375 0.066796875 0.0515625
0 0.451171875 0.496875 0.070703125 0.07890625
0 0.179296875 0.565625 0.080859375 0.0546875
0 0.265625 0.6125 0.086328125 0.080078125
0 0.312890625 0.58046875 0.0703125 0.062109375
0 0.423828125 0.63203125 0.077734375 0.0546875
0 0.3140625 0.7078125 0.09296875 0.065625
0 0.384375 0.694921875 0.0546875 0.078125
0 0.43359375 0.709375 0.062109375 0.0828125
0 0.203515625 0.698828125 0.0765625 0.0671875
0 0.10546875 0.62421875 0.078125 0.067578125
0 0.110546875 0.63125 0.071484375 0.083203125
0 0.18671875 0.63515625 0.08125 0.087109375
0 0.946875 0.890625 0.046484375 0.058984375
0 0.976953125 0.878515625 0.04609375 0.08515625
0 0.642578125 0.88515625 0.06171875 0.09375
0 0.45078125 0.893359375 0.084765625 0.0640625
0 0.0859375 0.68125 0.055859375 0.065234375
0 0.15234375 0.677734375 0.0625 0.05703125
0 0.088671875 0.7375 0.044921875 0.04921875
0 0.144140625 0.728515625 0.088671875 0.05625
0 0.101171875 0.795703125 0.073828125 0.060546875
0 0.09140625 0.844921875 0.066796875 0.05234375
0 0.165625 0.876953125 0.09765625 0.06875
0 0.148046875 0.831640625 0.052734375 0.062109375
0 0.232421875 0.783203125 0.08125 0.080078125
0 0.165234375 0.8 0.06015625 0.0671875
0 0.15546875 0.76015625 0.04921875 0.03515625
0 0.1125 0.880078125 0.0390625 0.028515625
0 0.33984375 0.88515625 0.06328125 0.087109375
0 0.392578125 0.90234375 0.04765625 0.041796875
0 0.251953125 0.240625 0.0609375 0.066796875
0 0.232421875 0.0734375 0.071875 0.044140625
0 0.270703125 0.12421875 0.0453125 0.0890625
0 0.305078125 0.120703125 0.047265625 0.082421875