0 0.971484375 0.153515625 0.03515625 0.08046875
0 0.917578125 0.2265625 0.05390625 0.0515625
0 0.920703125 0.184375 0.03671875 0.0421875
0 0.915234375 0.156640625 0.06015625 0.03984375
0 0.89140625 0.133203125 0.059375 0.03984375
0 0.848828125 0.149609375 0.06328125 0.04296875
0 0.794921875 0.1234375 0.05859375 0.05
0 0.81484375 0.0796875 0.065625 0.0484375
0 0.673046875 0.26015625 0.06796875 0.05
0 0.75078125 0.285546875 0.046875 0.05078125
0 0.848046875 0.26953125 0.04921875 0.0578125
0 0.775390625 0.369140625 0.05390625 0.06171875
0 0.858984375 0.60234375 0.06328125 0.0421875
0 0.755859375 0.8046875 0.04296875 0.06875
0 0.701171875 0.877734375 0.06328125 0.05859375
0 0.6203125 0.75546875 0.0546875 0.0515625
0 0.625 0.706640625 0.059375 0.04765625
0 0.635546875 0.458203125 0.07578125 0.04140625
0 0.57265625 0.49453125 0.05 0.071875
0 0.562109375 0.415234375 0.05390625 0.04609375
0 0.469140625 0.329296875 0.06171875 0.04921875
0 0.48515625 0.288671875 0.0734375 0.04296875
0 0.456640625 0.20546875 0.06328125 0.0609375
0 0.353515625 0.172265625 0.06171875 0.07734375
0 0.2921875 0.2453125 0.071875 0.04375
0 0.30859375 0.295703125 0.0625 0.05703125
0 0.35 0.35546875 0.0609375 0.065625
0 0.26640625 0.351953125 0.0625 0.04765625
0 0.25625 0.422265625 0.0796875 0.04609375
0 0.191015625 0.42890625 0.06171875 0.034375
0 0.1578125 0.44453125 0.0453125 0.0625
0 0.186328125 0.56328125 0.06640625 0.04375
0 0.39375 0.54375 0.065625 0.0484375
0 0.45703125 0.586328125 0.0484375 0.05546875
0 0.511328125 0.633984375 0.06796875 0.05859375
0 0.355859375 0.848828125 0.05390625 0.06640625
0 0.392578125 0.901953125 0.03984375 0.05078125
0 0.348828125 0.903125 0.04609375 0.039453125
0 0.19921875 0.857421875 0.046875 0.04140625
0 0.2203125 0.836328125 0.0421875 0.03984375
0 0.249609375 0.812109375 0.05390625 0.06171875
0 0.29375 0.781640625 0.053125 0.04609375
0 0.25390625 0.765234375 0.0296875 0.04296875
0 0.372265625 0.72109375 0.05234375 0.0453125
0 0.283984375 0.659765625 0.04921875 0.06640625
0 0.210546875 0.709765625 0.05703125 0.03515625
0 0.1875 0.67421875 0.0515625 0.0453125
0 0.19140625 0.750390625 0.0484375 0.03984375
0 0.191796875 0.79765625 0.05390625 0.0484375
0 0.176953125 0.77890625 0.03359375 0.046875