0 0.9296875 0.157421875 0.05546875 0.076171875
0 0.8828125 0.121875 0.050390625 0.080859375
0 0.841796875 0.104296875 0.059765625 0.067578125
0 0.803125 0.10625 0.066796875 0.06953125
0 0.756640625 0.134375 0.061328125 0.060546875
0 0.68046875 0.101171875 0.075 0.054296875
0 0.6296875 0.226953125 0.05625 0.05234375
0 0.62109375 0.202734375 0.056640625 0.0640625
0 0.56796875 0.191796875 0.066015625 0.051171875
0 0.53125 0.22265625 0.04609375 0.065234375
0 0.491015625 0.2125 0.053515625 0.07734375
0 0.34609375 0.112109375 0.061328125 0.073828125
0 0.262109375 0.114453125 0.07109375 0.05234375
0 0.21796875 0.104296875 0.049609375 0.050390625
0 0.17265625 0.117578125 0.050390625 0.058203125
0 0.260546875 0.158984375 0.06640625 0.06796875
0 0.19140625 0.15625 0.063671875 0.055078125
0 0.228125 0.184765625 0.071875 0.068359375
0 0.190234375 0.218359375 0.078125 0.048828125
0 0.22578125 0.276171875 0.059765625 0.052734375
0 0.2203125 0.250390625 0.055078125 0.075
0 0.15078125 0.264453125 0.047265625 0.078125
0 0.330859375 0.232421875 0.0671875 0.07734375
0 0.307421875 0.264453125 0.069140625 0.05703125
0 0.269921875 0.25078125 0.06875 0.0484375
0 0.2671875 0.2921875 0.05390625 0.069921875
0 0.30859375 0.3203125 0.085546875 0.0734375
0 0.2390625 0.320703125 0.07265625 0.051953125
0 0.233984375 0.359375 0.077734375 0.042578125
0 0.18359375 0.3265625 0.05234375 0.086328125
0 0.15078125 0.3296875 0.0515625 0.06953125
0 0.145703125 0.37265625 0.060546875 0.054296875
0 0.152734375 0.425 0.068359375 0.066015625
0 0.157421875 0.459765625 0.08125 0.05390625
0 0.2125 0.3921875 0.051953125 0.061328125
0 0.279296875 0.39296875 0.0765625 0.0671875
0 0.255859375 0.4171875 0.06875 0.06484375
0 0.32421875 0.498046875 0.07578125 0.069140625
0 0.28125 0.502734375 0.074609375 0.05546875
0 0.198828125 0.49921875 0.06171875 0.071484375
0 0.152734375 0.496484375 0.0546875 0.059375
0 0.179296875 0.5515625 0.094140625 0.046875
0 0.151171875 0.58125 0.06015625 0.07578125
0 0.2109375 0.592578125 0.0828125 0.05859375
0 0.22890625 0.630859375 0.059765625 0.077734375
0 0.176953125 0.6359375 0.069140625 0.067578125
0 0.19453125 0.6765625 0.0703125 0.0546875
0 0.165625 0.69375 0.0546875 0.0578125
0 0.178515625 0.7421875 0.070703125 0.0515625
0 0.234765625 0.7328125 0.061328125 0.063671875
0 0.258984375 0.676171875 0.0515625 0.07109375
0 0.2953125 0.6421875 0.061328125 0.086328125
0 0.174609375 0.787109375 0.059765625 0.049609375
0 0.212890625 0.80546875 0.055078125 0.0484375
0 0.1796875 0.8234375 0.057421875 0.043359375
0 0.176171875 0.858203125 0.048046875 0.053125
0 0.203125 0.866015625 0.046484375 0.053125
0 0.23515625 0.869140625 0.058984375 0.059375
0 0.272265625 0.865625 0.0515625 0.0640625
0 0.294140625 0.91171875 0.0578125 0.062109375
0 0.24765625 0.82421875 0.078125 0.05390625
0 0.224609375 0.780078125 0.06015625 0.045703125
0 0.274609375 0.77109375 0.059765625 0.071484375
0 0.3125 0.723046875 0.06640625 0.071875
0 0.33125 0.757421875 0.065625 0.06953125
0 0.38046875 0.76875 0.054296875 0.076953125
0 0.349609375 0.80390625 0.0703125 0.076953125
0 0.417578125 0.8078125 0.053515625 0.084765625
0 0.374609375 0.859765625 0.076171875 0.06328125
0 0.38125 0.830859375 0.069921875 0.066796875
0 0.33828125 0.853125 0.05390625 0.07109375
0 0.5109375 0.93359375 0.054296875 0.065625
0 0.561328125 0.9171875 0.05390625 0.07109375
0 0.722265625 0.953125 0.059765625 0.082421875
0 0.528515625 0.86171875 0.08828125 0.070703125
0 0.47578125 0.837109375 0.06484375 0.0640625
0 0.458984375 0.7875 0.047265625 0.078125
0 0.441015625 0.728125 0.05546875 0.090234375
0 0.544140625 0.680859375 0.07265625 0.054296875
0 0.516796875 0.7265625 0.0640625 0.0484375
0 0.489453125 0.76328125 0.06328125 0.07578125
0 0.5359375 0.7875 0.06640625 0.079296875
0 0.573046875 0.77265625 0.058203125 0.053125
0 0.601953125 0.791796875 0.048046875 0.0703125
0 0.55859375 0.815234375 0.05703125 0.0484375
0 0.588671875 0.865625 0.0609375 0.071484375
0 0.624609375 0.859375 0.059765625 0.06640625
0 0.64375 0.821875 0.066796875 0.062890625
0 0.675 0.87109375 0.073828125 0.051953125
0 0.68359375 0.8234375 0.06640625 0.07109375
0 0.632421875 0.76328125 0.076953125 0.055078125
0 0.6890625 0.767578125 0.072265625 0.05859375
0 0.735546875 0.796484375 0.071875 0.061328125
0 0.756640625 0.86171875 0.051171875 0.06875
0 0.79921875 0.86328125 0.0703125 0.06640625
0 0.835546875 0.81875 0.0828125 0.050390625
0 0.734765625 0.73671875 0.058984375 0.06640625
0 0.790625 0.74296875 0.059765625 0.0640625
0 0.68359375 0.72265625 0.0640625 0.05390625
0 0.690625 0.685546875 0.066796875 0.057421875
0 0.63671875 0.685546875 0.065234375 0.06015625
0 0.658984375 0.633984375 0.073046875 0.059375
0 0.7796875 0.65234375 0.0625 0.05625
0 0.750390625 0.684765625 0.069140625 0.05
0 0.839453125 0.715625 0.044140625 0.08203125
0 0.887109375 0.702734375 0.0515625 0.08203125
0 0.86953125 0.87421875 0.057421875 0.069921875
0 0.90859375 0.8703125 0.046875 0.087109375
0 0.95078125 0.882421875 0.065234375 0.0796875
0 0.964453125 0.846484375 0.046875 0.06796875
0 0.988671875 0.848828125 0.02265625 0.071875
0 0.9890625 0.7796875 0.021875 0.0734375
0 0.955078125 0.78828125 0.05234375 0.071875
0 0.9234375 0.7328125 0.04609375 0.08125
0 0.95859375 0.739453125 0.0828125 0.055078125
0 0.985546875 0.69765625 0.02890625 0.0859375
0 0.956640625 0.64609375 0.050390625 0.0890625
0 0.911328125 0.64609375 0.052734375 0.078125
0 0.81953125 0.5703125 0.078125 0.052734375
0 0.82578125 0.61328125 0.078125 0.04453125
0 0.684375 0.55703125 0.067578125 0.07890625
0 0.726171875 0.597265625 0.096875 0.05390625
0 0.3375 0.605859375 0.086328125 0.0671875
0 0.391015625 0.62265625 0.07109375 0.05234375
0 0.428515625 0.55625 0.0625 0.08203125
0 0.468359375 0.628125 0.080859375 0.058203125
0 0.471484375 0.68203125 0.066015625 0.05078125
0 0.43046875 0.675390625 0.0734375 0.06875
0 0.387109375 0.68125 0.0703125 0.076171875
0 0.414453125 0.64453125 0.06171875 0.058203125