0 0.0140625 0.148046875 0.028125 0.040234375
0 0.008984375 0.112109375 0.01796875 0.06015625
0 0.040625 0.131640625 0.048828125 0.084375
0 0.075390625 0.14921875 0.049609375 0.08359375
0 0.217578125 0.126171875 0.0703125 0.06640625
0 0.32578125 0.1609375 0.08125 0.058203125
0 0.414453125 0.546484375 0.062109375 0.069921875
0 0.96953125 0.6453125 0.060546875 0.0796875
0 0.9109375 0.681640625 0.05859375 0.0890625
0 0.9234375 0.871484375 0.07109375 0.069921875
0 0.731640625 0.81640625 0.061328125 0.09140625
0 0.66640625 0.821484375 0.0640625 0.052734375
0 0.619921875 0.805078125 0.06875 0.05078125
0 0.63203125 0.766015625 0.083984375 0.05
0 0.023828125 0.719921875 0.04765625 0.062890625
0 0.07890625 0.78671875 0.0640625 0.087890625
0 0.02578125 0.834375 0.0515625 0.06875
0 0.026953125 0.89609375 0.05390625 0.075
0 0.06328125 0.896484375 0.0703125 0.082421875
0 0.114453125 0.89296875 0.06328125 0.058984375
0 0.125 0.84296875 0.049609375 0.070703125
0 0.166015625 0.819921875 0.0703125 0.062890625
0 0.153515625 0.878515625 0.046875 0.071875
0 0.191796875 0.874609375 0.0515625 0.074609375