0 0.895703125 0.436328125 0.08515625 0.057421875
0 0.356640625 0.5265625 0.079296875 0.06015625
0 0.3 0.572265625 0.089453125 0.061328125
0 0.21328125 0.761328125 0.0765625 0.057421875
0 0.084765625 0.798828125 0.06640625 0.079296875
0 0.044140625 0.812890625 0.04765625 0.08515625
0 0.013671875 0.86328125 0.02734375 0.05
0 0.051171875 0.3703125 0.06953125 0.069140625
0 0.113671875 0.26640625 0.078515625 0.0609375
0 0.15390625 0.209765625 0.082421875 0.06015625
0 0.58828125 0.130859375 0.054296875 0.077734375
0 0.719140625 0.1203125 0.054296875 0.065625