0 0.969921875 0.107421875 0.06015625 0.075
0 0.86796875 0.18984375 0.073046875 0.053515625
0 0.82578125 0.229296875 0.063671875 0.098046875
0 0.935546875 0.506640625 0.08359375 0.063671875
0 0.983203125 0.856640625 0.033203125 0.061328125
0 0.72734375 0.88359375 0.094140625 0.087890625
0 0.551953125 0.890625 0.076953125 0.061328125
0 0.43203125 0.83984375 0.077734375 0.062890625
0 0.296875 0.833984375 0.075 0.086328125
0 0.3859375 0.861328125 0.0796875 0.05859375
0 0.415234375 0.89609375 0.075390625 0.059375
0 0.193359375 0.816796875 0.06875 0.103125
0 0.123828125 0.808984375 0.060546875 0.078515625
0 0.064453125 0.575 0.084375 0.07421875
0 0.021875 0.508203125 0.043359375 0.060546875
0 0.12890625 0.278515625 0.067578125 0.083203125
0 0.155859375 0.120703125 0.073046875 0.078125
0 0.223828125 0.0859375 0.083203125 0.075
0 0.0125 0.097265625 0.024609375 0.071484375
0 0.11171875 0.174609375 0.090234375 0.0890625
0 0.037890625 0.18671875 0.07578125 0.1
0 0.0265625 0.295703125 0.052734375 0.089453125
0 0.5515625 0.08046875 0.079296875 0.091015625
0 0.625390625 0.109765625 0.058203125 0.0828125
0 0.41953125 0.119140625 0.091015625 0.08046875
0 0.3 0.153515625 0.067578125 0.082421875
0 0.303515625 0.101953125 0.0765625 0.06796875
0 0.321875 0.376171875 0.0890625 0.081640625
0 0.461328125 0.88515625 0.078125 0.06640625