0 0.031640625 0.0671875 0.06171875 0.059375
0 0.084375 0.066015625 0.04375 0.05703125
0 0.134375 0.06328125 0.059375 0.046875
0 0.187890625 0.058203125 0.05546875 0.03671875
0 0.235546875 0.071484375 0.04609375 0.07109375
0 0.27265625 0.096484375 0.0453125 0.06796875
0 0.30078125 0.06640625 0.065625 0.0515625
0 0.3265625 0.096484375 0.0640625 0.05859375
0 0.4 0.095703125 0.084375 0.04765625
0 0.3828125 0.06171875 0.05 0.053125
0 0.42734375 0.0578125 0.0515625 0.0484375
0 0.46640625 0.070703125 0.0421875 0.07578125
0 0.535546875 0.066796875 0.06015625 0.06015625
0 0.553125 0.101953125 0.0546875 0.06015625
0 0.53515625 0.1453125 0.0484375 0.071875
0 0.606640625 0.121875 0.07109375 0.05625
0 0.6125 0.065234375 0.0625 0.05546875
0 0.532421875 0.30546875 0.06640625 0.0609375
0 0.467578125 0.165234375 0.05234375 0.07421875
0 0.41171875 0.18984375 0.053125 0.0796875
0 0.42265625 0.124609375 0.0625 0.05859375
0 0.362109375 0.142578125 0.05390625 0.05703125
0 0.3625 0.1828125 0.05 0.0609375
0 0.3 0.2125 0.053125 0.0625
0 0.264453125 0.194140625 0.03828125 0.08046875
0 0.23125 0.17734375 0.046875 0.071875
0 0.22890625 0.108203125 0.05 0.06796875
0 0.178125 0.0984375 0.0578125 0.0515625
0 0.165234375 0.142578125 0.05078125 0.07578125
0 0.12734375 0.144140625 0.04375 0.06640625
0 0.115234375 0.10625 0.06484375 0.0515625
0 0.201171875 0.2390625 0.08359375 0.065625
0 0.142578125 0.241796875 0.05390625 0.06796875
0 0.101171875 0.3078125 0.05390625 0.06875
0 0.045703125 0.298046875 0.06171875 0.04921875
0 0.0234375 0.262890625 0.0453125 0.04921875
0 0.014453125 0.31328125 0.02734375 0.0515625
0 0.0171875 0.365234375 0.0328125 0.04765625
0 0.00859375 0.4640625 0.015625 0.059375
0 0.398828125 0.569140625 0.07421875 0.05078125
0 0.286328125 0.748828125 0.07734375 0.06015625
0 0.023046875 0.89453125 0.04453125 0.0609375
0 0.2453125 0.903515625 0.05625 0.04765625
0 0.623828125 0.893359375 0.04765625 0.05390625
0 0.6390625 0.84453125 0.059375 0.06875
0 0.6890625 0.830859375 0.053125 0.07109375
0 0.692578125 0.87734375 0.05703125 0.046875
0 0.671484375 0.909765625 0.04296875 0.05703125
0 0.714453125 0.9171875 0.03984375 0.078125
0 0.751953125 0.9125 0.03984375 0.078125
0 0.780078125 0.892578125 0.03828125 0.06484375
0 0.800390625 0.85703125 0.05703125 0.065625
0 0.8421875 0.873828125 0.0484375 0.05703125
0 0.813671875 0.91875 0.03671875 0.0625
0 0.85234375 0.9171875 0.0515625 0.053125
0 0.894140625 0.90546875 0.04453125 0.078125
0 0.94453125 0.905078125 0.053125 0.07578125
0 0.98359375 0.9046875 0.0328125 0.0765625
0 0.87734375 0.508984375 0.0484375 0.06640625
0 0.712109375 0.195703125 0.06171875 0.06484375
0 0.723828125 0.0875 0.06328125 0.0671875
0 0.782421875 0.15078125 0.06328125 0.0625
0 0.959765625 0.05859375 0.07734375 0.053125
0 0.936328125 0.09140625 0.07265625 0.0609375
0 0.882421875 0.09453125 0.06640625 0.0765625
0 0.84921875 0.080078125 0.053125 0.06484375
0 0.826171875 0.0640625 0.06640625 0.05625
0 0.796875 0.09296875 0.0609375 0.0609375
0 0.762890625 0.11015625 0.06640625 0.06875
0 0.65859375 0.07421875 0.05 0.07421875