0 0.276953125 0.905859375 0.0828125 0.0375
0 0.321875 0.90625 0.049609375 0.041796875
0 0.369921875 0.90390625 0.056640625 0.04453125
0 0.4125 0.91171875 0.07890625 0.02578125
0 0.515234375 0.880078125 0.041796875 0.06953125
0 0.5484375 0.88359375 0.045703125 0.0640625
0 0.587890625 0.865234375 0.079296875 0.060546875
0 0.64609375 0.8578125 0.082421875 0.051171875
0 0.63671875 0.8078125 0.083984375 0.065625
0 0.6796875 0.763671875 0.065625 0.058984375
0 0.691796875 0.668359375 0.075 0.061328125
0 0.65703125 0.724609375 0.054296875 0.062109375
0 0.562109375 0.734375 0.096484375 0.05234375
0 0.526171875 0.81484375 0.0609375 0.07421875
0 0.466796875 0.819140625 0.087890625 0.05625
0 0.39140625 0.830859375 0.09375 0.04921875
0 0.330078125 0.852734375 0.0703125 0.06640625
0 0.285546875 0.8703125 0.069140625 0.046484375
0 0.24375 0.8609375 0.0609375 0.067578125
0 0.209765625 0.848046875 0.050390625 0.0734375
0 0.171484375 0.854296875 0.067578125 0.061328125
0 0.172265625 0.81171875 0.06875 0.04140625
0 0.17109375 0.781640625 0.065625 0.078125
0 0.248828125 0.80625 0.091015625 0.05625
0 0.3078125 0.800390625 0.07265625 0.047265625
0 0.35625 0.776171875 0.0875 0.04765625
0 0.41875 0.77578125 0.095703125 0.048046875
0 0.45390625 0.7453125 0.0625 0.067578125
0 0.352734375 0.72109375 0.085546875 0.047265625
0 0.29296875 0.759765625 0.080859375 0.05390625
0 0.252734375 0.753125 0.062890625 0.073828125
0 0.3015625 0.6890625 0.08046875 0.0640625
0 0.35078125 0.663671875 0.088671875 0.0578125
0 0.221875 0.71171875 0.081640625 0.064453125
0 0.18203125 0.7203125 0.068359375 0.046875
0 0.16015625 0.731640625 0.0453125 0.0578125
0 0.18125 0.680859375 0.081640625 0.04765625
0 0.18046875 0.642578125 0.0828125 0.04765625
0 0.421875 0.628125 0.0859375 0.056640625
0 0.341015625 0.62578125 0.080859375 0.05078125
0 0.35625 0.58828125 0.095703125 0.046875
0 0.203515625 0.608984375 0.0890625 0.080078125
0 0.153515625 0.598046875 0.0515625 0.06171875
0 0.165234375 0.505859375 0.0703125 0.0546875
0 0.2234375 0.521484375 0.06875 0.06796875
0 0.276953125 0.534765625 0.062890625 0.0640625
0 0.33046875 0.540234375 0.0578125 0.06328125
0 0.698828125 0.390625 0.0515625 0.06796875
0 0.65546875 0.4390625 0.07421875 0.0625
0 0.5953125 0.4375 0.056640625 0.0703125
0 0.535546875 0.43984375 0.06328125 0.073828125
0 0.541015625 0.36875 0.069140625 0.0484375
0 0.43984375 0.41953125 0.07578125 0.05
0 0.36171875 0.42578125 0.06484375 0.0484375
0 0.259375 0.36484375 0.08203125 0.060546875
0 0.181640625 0.378515625 0.06875 0.069921875
0 0.15546875 0.401171875 0.062109375 0.06796875
0 0.603125 0.34921875 0.062109375 0.0671875
0 0.40703125 0.36015625 0.0625 0.06640625
0 0.365625 0.316015625 0.073828125 0.058984375
0 0.21328125 0.32421875 0.08046875 0.04765625
0 0.148828125 0.31640625 0.073828125 0.055078125
0 0.1765625 0.27734375 0.06953125 0.044921875
0 0.15390625 0.245703125 0.053125 0.07109375
0 0.194140625 0.230078125 0.06953125 0.05390625
0 0.25078125 0.230078125 0.059375 0.06328125
0 0.3046875 0.271875 0.07421875 0.076171875
0 0.28671875 0.21484375 0.073828125 0.0765625
0 0.163671875 0.171484375 0.053515625 0.07421875
0 0.218359375 0.14453125 0.06015625 0.065625
0 0.430078125 0.2765625 0.0625 0.06015625
0 0.44375 0.215234375 0.05859375 0.069140625
0 0.362890625 0.203125 0.068359375 0.07109375
0 0.362890625 0.15390625 0.062890625 0.068359375
0 0.2859375 0.1390625 0.06171875 0.070703125
0 0.4234375 0.123046875 0.080859375 0.066796875
0 0.478125 0.119140625 0.058203125 0.061328125
0 0.59375 0.13671875 0.068359375 0.05625
0 0.184765625 0.11484375 0.06171875 0.045703125
0 0.741015625 0.378125 0.073046875 0.053515625
0 0.768359375 0.267578125 0.0734375 0.061328125
0 0.822265625 0.266015625 0.059375 0.066015625
0 0.898828125 0.221484375 0.059375 0.063671875
0 0.854296875 0.2140625 0.07109375 0.05390625
0 0.96796875 0.194140625 0.053515625 0.07421875
0 0.979296875 0.137890625 0.04140625 0.051953125
0 0.939453125 0.128125 0.047265625 0.078515625
0 0.8484375 0.170703125 0.07109375 0.0484375
0 0.864453125 0.123828125 0.060546875 0.05859375
0 0.73671875 0.497265625 0.0765625 0.05390625
0 0.8375 0.5046875 0.087109375 0.048828125
0 0.862109375 0.55234375 0.0546875 0.073046875
0 0.86328125 0.696875 0.066796875 0.0625
0 0.67109375 0.880859375 0.06953125 0.0515625
0 0.6984375 0.825 0.078515625 0.067578125
0 0.769921875 0.814453125 0.06640625 0.065625
0 0.715625 0.873828125 0.06171875 0.057421875
0 0.725390625 0.921484375 0.050390625 0.06015625
0 0.747265625 0.877734375 0.074609375 0.058203125
0 0.722265625 0.965234375 0.028515625 0.051953125
0 0.815234375 0.853125 0.058984375 0.07109375
0 0.856640625 0.8359375 0.069921875 0.062890625
0 0.980859375 0.8484375 0.03828125 0.04296875
0 0.96875 0.815234375 0.05625 0.05546875
0 0.908984375 0.83828125 0.0578125 0.062890625
0 0.923828125 0.76640625 0.075 0.055078125