0 0.978125 0.84921875 0.043359375 0.056640625
0 0.83203125 0.629296875 0.098828125 0.06171875
0 0.9140625 0.605078125 0.08828125 0.075390625
0 0.987890625 0.607421875 0.02421875 0.06171875
0 0.80234375 0.730078125 0.070703125 0.099609375
0 0.435546875 0.759765625 0.075390625 0.06796875
0 0.621875 0.79921875 0.07734375 0.0828125
0 0.360546875 0.633203125 0.068359375 0.07734375
0 0.433984375 0.58671875 0.082421875 0.069140625
0 0.0796875 0.636328125 0.0796875 0.045703125
0 0.02421875 0.34296875 0.0484375 0.05625
0 0.026171875 0.175 0.05234375 0.098046875
0 0.923828125 0.23828125 0.080078125 0.071875