0 0.98203125 0.306640625 0.0359375 0.062109375
0 0.9234375 0.307421875 0.05703125 0.0796875
0 0.922265625 0.20625 0.046875 0.074609375
0 0.93671875 0.244921875 0.0765625 0.05703125
0 0.978125 0.25546875 0.04375 0.053125
0 0.9625 0.1796875 0.04921875 0.090625
0 0.982421875 0.205859375 0.03515625 0.07734375
0 0.978125 0.15234375 0.04375 0.058984375
0 0.972265625 0.11875 0.05546875 0.0421875
0 0.97890625 0.0765625 0.0421875 0.075
0 0.9046875 0.090625 0.06796875 0.066015625
0 0.959375 0.0984375 0.05 0.054296875
0 0.9296875 0.0546875 0.0703125 0.054296875
0 0.877734375 0.074609375 0.051953125 0.0578125
0 0.846484375 0.060546875 0.05 0.059765625
0 0.781640625 0.0703125 0.079296875 0.06015625
0 0.8109375 0.109375 0.052734375 0.069921875
0 0.857421875 0.12109375 0.0859375 0.0671875
0 0.821484375 0.16484375 0.06640625 0.078125
0 0.86484375 0.196484375 0.0828125 0.08125
0 0.790234375 0.21953125 0.05 0.082421875
0 0.808203125 0.259375 0.10234375 0.071875
0 0.78203125 0.309765625 0.044921875 0.087109375
0 0.824609375 0.3 0.060546875 0.0671875
0 0.752734375 0.234375 0.055859375 0.08359375
0 0.75703125 0.09609375 0.046484375 0.07421875
0 0.72734375 0.072265625 0.04296875 0.05703125
0 0.7296875 0.12578125 0.0484375 0.072265625
0 0.7 0.069921875 0.05234375 0.05625
0 0.684765625 0.110546875 0.052734375 0.07265625
0 0.643359375 0.066015625 0.065625 0.06953125
0 0.59765625 0.058984375 0.050390625 0.046875
0 0.60390625 0.1078125 0.072265625 0.057421875
0 0.594921875 0.151953125 0.059765625 0.05625
0 0.550390625 0.1609375 0.046875 0.073046875
0 0.59609375 0.209765625 0.056640625 0.076953125
0 0.55 0.216796875 0.06015625 0.071484375
0 0.501953125 0.205078125 0.05859375 0.091015625
0 0.47734375 0.2078125 0.058203125 0.090625
0 0.475 0.1078125 0.069921875 0.06015625
0 0.54140625 0.055859375 0.06015625 0.048046875
0 0.545703125 0.12890625 0.0765625 0.059375
0 0.5390625 0.095703125 0.06328125 0.042578125
0 0.4921875 0.059765625 0.06484375 0.0453125
0 0.4484375 0.0625 0.049609375 0.049609375
0 0.43125 0.108203125 0.034765625 0.05078125
0 0.410546875 0.098828125 0.0375 0.055078125
0 0.409765625 0.05625 0.0296875 0.03828125
0 0.38359375 0.062890625 0.03671875 0.04140625
0 0.383984375 0.098046875 0.044921875 0.05234375
0 0.400390625 0.154296875 0.05 0.0375
0 0.41015625 0.139453125 0.05546875 0.03046875
0 0.37421875 0.15625 0.04140625 0.046875
0 0.4265625 0.18515625 0.051171875 0.073046875
0 0.42734375 0.250390625 0.06953125 0.0671875
0 0.384375 0.2078125 0.0640625 0.048828125
0 0.300390625 0.0609375 0.049609375 0.038671875
0 0.340625 0.063671875 0.0484375 0.043359375
0 0.2875 0.098046875 0.04453125 0.04140625
0 0.315234375 0.106640625 0.0484375 0.04375
0 0.36015625 0.107421875 0.048046875 0.04453125
0 0.34921875 0.141796875 0.0421875 0.042578125
0 0.325390625 0.16484375 0.0546875 0.044140625
0 0.299609375 0.139453125 0.04453125 0.0375
0 0.278515625 0.166796875 0.05 0.038671875
0 0.260546875 0.131640625 0.03984375 0.044921875
0 0.251171875 0.07890625 0.050390625 0.05859375
0 0.2234375 0.078125 0.044140625 0.06328125
0 0.191015625 0.078125 0.045703125 0.05703125
0 0.158203125 0.082421875 0.037109375 0.0546875
0 0.16953125 0.108984375 0.0359375 0.055859375
0 0.12734375 0.084765625 0.036328125 0.034375
0 0.0953125 0.090234375 0.028125 0.040625
0 0.13046875 0.131640625 0.05703125 0.03359375
0 0.118359375 0.10859375 0.04140625 0.031640625
0 0.094921875 0.13046875 0.04140625 0.046484375
0 0.090625 0.167578125 0.050390625 0.037109375
0 0.118359375 0.1984375 0.044921875 0.04453125
0 0.11875 0.171875 0.039453125 0.04140625
0 0.087109375 0.20234375 0.036328125 0.0359375
0 0.149609375 0.171875 0.05390625 0.062890625
0 0.14921875 0.11953125 0.037890625 0.045703125
0 0.19609375 0.162890625 0.054296875 0.067578125
0 0.194140625 0.1265625 0.0515625 0.0375
0 0.225390625 0.125390625 0.03984375 0.0546875
0 0.234375 0.16484375 0.0484375 0.034375
0 0.251953125 0.196875 0.03984375 0.04765625
0 0.222265625 0.254296875 0.052734375 0.076953125
0 0.19609375 0.24375 0.05390625 0.0921875
0 0.209765625 0.2125 0.043359375 0.0359375
0 0.25625 0.23828125 0.06953125 0.052734375
0 0.289453125 0.202734375 0.053125 0.051171875
0 0.3265625 0.201953125 0.06015625 0.040234375
0 0.3109375 0.241015625 0.057421875 0.044140625
0 0.35234375 0.233984375 0.047265625 0.05390625
0 0.404296875 0.29609375 0.056640625 0.07734375
0 0.385546875 0.244140625 0.053125 0.0515625
0 0.340625 0.28203125 0.05390625 0.05078125
0 0.377734375 0.32265625 0.0625 0.065625
0 0.298828125 0.29375 0.062109375 0.060546875
0 0.26875 0.28828125 0.051953125 0.06875
0 0.251953125 0.344140625 0.07109375 0.05234375
0 0.233203125 0.33046875 0.0609375 0.048046875
0 0.291796875 0.351171875 0.053515625 0.07109375
0 0.3265625 0.355859375 0.06953125 0.073828125
0 0.206640625 0.31640625 0.059765625 0.0796875
0 0.1484375 0.235546875 0.07265625 0.0703125
0 0.09296875 0.2390625 0.059375 0.044921875
0 0.0921875 0.27265625 0.055859375 0.05234375
0 0.1390625 0.290234375 0.06875 0.0578125
0 0.165234375 0.346875 0.0484375 0.066015625
0 0.134765625 0.39140625 0.060546875 0.05546875
0 0.07890625 0.381640625 0.05703125 0.05
0 0.081640625 0.337890625 0.05234375 0.041796875
0 0.09140625 0.308203125 0.05234375 0.0421875
0 0.127734375 0.340234375 0.051171875 0.06328125
0 0.10703125 0.42734375 0.04453125 0.055859375
0 0.08125 0.4515625 0.051171875 0.06015625
0 0.083203125 0.489453125 0.0515625 0.03984375
0 0.094921875 0.52890625 0.044921875 0.058984375
0 0.1140625 0.526171875 0.040625 0.046875
0 0.195703125 0.398046875 0.0578125 0.0546875
0 0.226953125 0.3703125 0.065625 0.044140625
0 0.251171875 0.39375 0.047265625 0.05
0 0.2828125 0.41328125 0.040625 0.049609375
0 0.23203125 0.437109375 0.062109375 0.04609375
0 0.11796875 0.4625 0.0375 0.037890625
0 0.145703125 0.44375 0.046875 0.04921875
0 0.1703125 0.418359375 0.047265625 0.04765625
0 0.1359375 0.49609375 0.067578125 0.039453125
0 0.18671875 0.474609375 0.043359375 0.059375
0 0.1515625 0.5265625 0.063671875 0.041015625
0 0.191015625 0.553515625 0.070703125 0.049609375
0 0.1875 0.515234375 0.04921875 0.04375
0 0.22890625 0.524609375 0.051171875 0.05625
0 0.257421875 0.473046875 0.057421875 0.053515625
0 0.290625 0.444921875 0.05625 0.051953125
0 0.22265625 0.479296875 0.0484375 0.05390625
0 0.32421875 0.416796875 0.052734375 0.0515625
0 0.351953125 0.391015625 0.0546875 0.053125
0 0.4203125 0.401171875 0.074609375 0.07265625
0 0.3875 0.425 0.054296875 0.07578125
0 0.45234375 0.3109375 0.05390625 0.078125
0 0.494921875 0.326953125 0.056640625 0.089453125
0 0.5578125 0.312109375 0.058984375 0.066015625
0 0.548046875 0.38203125 0.070703125 0.059375
0 0.503125 0.40234375 0.055078125 0.07890625
0 0.353515625 0.45859375 0.081640625 0.045703125
0 0.4046875 0.49609375 0.070703125 0.05546875
0 0.35625 0.50703125 0.080859375 0.059765625
0 0.34921875 0.56015625 0.071875 0.0765625
0 0.28828125 0.509765625 0.084765625 0.04765625
0 0.26953125 0.539453125 0.07578125 0.0640625
0 0.155859375 0.571875 0.073046875 0.05
0 0.11796875 0.584765625 0.05703125 0.058984375
0 0.162890625 0.61328125 0.073828125 0.0484375
0 0.09375 0.60546875 0.062109375 0.046484375
0 0.095703125 0.5828125 0.048828125 0.057421875
0 0.08359375 0.63828125 0.038671875 0.04765625
0 0.086328125 0.68203125 0.04375 0.044140625
0 0.08984375 0.716796875 0.04296875 0.04375
0 0.104296875 0.647265625 0.05078125 0.07109375
0 0.14609375 0.64453125 0.058203125 0.0453125
0 0.13203125 0.690625 0.06796875 0.0546875
0 0.1859375 0.702734375 0.06171875 0.07109375
0 0.221875 0.68984375 0.069140625 0.052734375
0 0.201953125 0.639453125 0.063671875 0.053125
0 0.240625 0.575 0.080078125 0.044921875
0 0.308203125 0.59296875 0.051171875 0.06015625
0 0.26640625 0.6203125 0.07421875 0.059765625
0 0.260546875 0.671484375 0.057421875 0.06484375
0 0.2109375 0.61015625 0.060546875 0.0421875
0 0.09375 0.768359375 0.035546875 0.060546875
0 0.159375 0.787109375 0.04609375 0.059375
0 0.1734375 0.830078125 0.071875 0.0515625
0 0.196875 0.847265625 0.075390625 0.05
0 0.1890625 0.8921875 0.06796875 0.04453125
0 0.112109375 0.862109375 0.053125 0.038671875
0 0.147265625 0.876171875 0.0453125 0.060546875
0 0.119921875 0.8921875 0.04765625 0.04453125
0 0.10625 0.82421875 0.054296875 0.04453125
0 0.13515625 0.8265625 0.052734375 0.04375
0 0.131640625 0.734375 0.069140625 0.051171875
0 0.121484375 0.77421875 0.044140625 0.05546875
0 0.55546875 0.85 0.090625 0.078125
0 0.6390625 0.837109375 0.067578125 0.106640625
0 0.887109375 0.90546875 0.074609375 0.05625
0 0.93203125 0.893359375 0.05625 0.08515625
0 0.973828125 0.8984375 0.051953125 0.07109375
0 0.628515625 0.295703125 0.07734375 0.10390625
0 0.674609375 0.180859375 0.07421875 0.065625
0 0.70390625 0.237109375 0.07109375 0.060546875
0 0.64296875 0.21484375 0.06328125 0.0578125
0 0.692578125 0.30625 0.076171875 0.061328125
0 0.733984375 0.339453125 0.072265625 0.059375
0 0.7078125 0.3703125 0.071484375 0.07265625
0 0.67109375 0.396484375 0.05703125 0.071875
0 0.608203125 0.493359375 0.0625 0.07890625
0 0.532421875 0.534375 0.06484375 0.071875