0 0.67578125 0.265625 0.065234375 0.083203125
0 0.17890625 0.353515625 0.068359375 0.050390625
0 0.134765625 0.366796875 0.0578125 0.061328125
0 0.16796875 0.379296875 0.078515625 0.06484375
0 0.953125 0.408203125 0.0625 0.098046875
0 0.891796875 0.443359375 0.0828125 0.058203125
0 0.7953125 0.530078125 0.066796875 0.065625
0 0.821484375 0.652734375 0.0703125 0.070703125
0 0.911328125 0.682421875 0.079296875 0.083203125
0 0.9359375 0.76796875 0.078515625 0.070703125
0 0.71015625 0.651953125 0.088671875 0.058984375
0 0.759765625 0.578125 0.064453125 0.071484375
0 0.0796875 0.82734375 0.07421875 0.0671875
0 0.462890625 0.8765625 0.063671875 0.07578125
0 0.3703125 0.830859375 0.05859375 0.07578125
0 0.404296875 0.8640625 0.053515625 0.0640625
0 0.410546875 0.894921875 0.0578125 0.057421875
0 0.012109375 0.884375 0.02421875 0.107421875
0 0.02890625 0.901953125 0.039453125 0.065625
0 0.066796875 0.8875 0.053515625 0.08046875
0 0.108203125 0.877734375 0.07265625 0.06875
0 0.153515625 0.864453125 0.04765625 0.074609375
0 0.130859375 0.905078125 0.04609375 0.06875
0 0.166015625 0.9046875 0.04765625 0.0796875
0 0.23046875 0.84765625 0.063671875 0.058984375
0 0.199609375 0.903125 0.043359375 0.074609375
0 0.24609375 0.906640625 0.06953125 0.062109375
0 0.309765625 0.864453125 0.080859375 0.049609375
0 0.31953125 0.8796875 0.067578125 0.058203125
0 0.288671875 0.91640625 0.06953125 0.049609375
0 0.32890625 0.908203125 0.055859375 0.0515625
0 0.367578125 0.879296875 0.0453125 0.04375
0 0.371484375 0.904296875 0.04921875 0.045703125