0 0.52265625 0.31875 0.0625 0.0640625
0 0.79140625 0.52890625 0.05625 0.0921875
0 0.982421875 0.669921875 0.03515625 0.06796875
0 0.66171875 0.163671875 0.0578125 0.07265625
0 0.76796875 0.166796875 0.084375 0.08515625
0 0.674609375 0.083203125 0.06640625 0.07109375
0 0.74140625 0.08671875 0.0515625 0.078125
0 0.70078125 0.09765625 0.046875 0.078125
0 0.791015625 0.090234375 0.06328125 0.07734375
0 0.841015625 0.090625 0.06171875 0.071875
0 0.860546875 0.135546875 0.06171875 0.06328125
0 0.934375 0.126953125 0.0671875 0.06953125
0 0.97109375 0.08515625 0.0578125 0.075
0 0.97734375 0.1859375 0.0453125 0.078125
0 0.574609375 0.78203125 0.05703125 0.0625
0 0.6109375 0.8078125 0.0796875 0.053125
0 0.66640625 0.796484375 0.0671875 0.06015625
0 0.664453125 0.84375 0.08359375 0.04375
0 0.898046875 0.887109375 0.07421875 0.06640625
0 0.912109375 0.920703125 0.05390625 0.06640625
0 0.9640625 0.906640625 0.0625 0.07421875
0 0.9859375 0.863671875 0.028125 0.07265625
0 0.987109375 0.912109375 0.02578125 0.06171875
0 0.047265625 0.909765625 0.06484375 0.03359375
0 0.115234375 0.897265625 0.10234375 0.05859375
0 0.177734375 0.911328125 0.03828125 0.03203125
0 0.040625 0.796484375 0.075 0.07578125
0 0.053515625 0.71953125 0.07890625 0.08125
0 0.0234375 0.61953125 0.0453125 0.0671875
0 0.330078125 0.321875 0.05390625 0.06875
0 0.2546875 0.3140625 0.059375 0.0609375
0 0.029296875 0.449609375 0.05703125 0.06953125
0 0.005078125 0.496484375 0.00859375 0.02265625
0 0.06796875 0.440625 0.0390625 0.0875
0 0.026953125 0.39921875 0.05234375 0.0609375
0 0.020703125 0.3421875 0.03984375 0.078125
0 0.076171875 0.384375 0.06484375 0.0921875
0 0.11796875 0.33046875 0.075 0.1
0 0.084375 0.2578125 0.0640625 0.0703125
0 0.0734375 0.1875 0.065625 0.0609375
0 0.136328125 0.191796875 0.07421875 0.05703125
0 0.142578125 0.24375 0.05546875 0.0609375
0 0.155859375 0.282421875 0.07890625 0.05390625
0 0.19453125 0.22578125 0.0578125 0.0640625
0 0.218359375 0.262890625 0.06171875 0.06796875
0 0.24921875 0.233203125 0.0359375 0.08203125
0 0.27734375 0.216796875 0.040625 0.04921875
0 0.279296875 0.25859375 0.04140625 0.046875
0 0.326171875 0.26328125 0.06171875 0.0375
0 0.347265625 0.207421875 0.05859375 0.09765625
0 0.03515625 0.10859375 0.06875 0.05
0 0.518359375 0.240625 0.07890625 0.05
0 0.459375 0.24296875 0.065625 0.059375
0 0.41640625 0.198828125 0.0609375 0.08828125
0 0.45859375 0.207421875 0.0578125 0.05390625
0 0.54765625 0.141796875 0.06875 0.05703125
0 0.5125 0.183203125 0.0515625 0.05234375
0 0.46640625 0.164453125 0.0703125 0.05234375
0 0.458203125 0.1203125 0.07421875 0.0484375
0 0.4625 0.0640625 0.0546875 0.071875
0 0.509375 0.062890625 0.0625 0.05859375
0 0.40078125 0.071484375 0.0796875 0.06640625
0 0.326171875 0.115234375 0.06171875 0.07109375
0 0.3671875 0.10234375 0.05625 0.0703125
0 0.39609375 0.129296875 0.0859375 0.06171875
0 0.0890625 0.115625 0.0734375 0.078125
0 0.1109375 0.06640625 0.0734375 0.04375
0 0.062109375 0.061328125 0.04921875 0.05859375
0 0.02265625 0.071484375 0.04375 0.05234375
0 0.16640625 0.08515625 0.0578125 0.065625
0 0.195703125 0.06953125 0.05546875 0.0640625
0 0.23984375 0.070703125 0.0421875 0.06171875
0 0.272265625 0.06328125 0.04140625 0.0703125
0 0.220703125 0.133203125 0.07890625 0.08046875
0 0.277734375 0.11015625 0.05703125 0.0578125
0 0.54375 0.84453125 0.071875 0.0578125
0 0.5421875 0.9 0.0609375 0.065625
0 0.592578125 0.88203125 0.05234375 0.05
0 0.610546875 0.9125 0.06953125 0.046875
0 0.66328125 0.902734375 0.0875 0.06953125
0 0.694921875 0.870703125 0.05859375 0.04453125
0 0.741796875 0.855078125 0.05859375 0.07265625
0 0.822265625 0.895703125 0.06015625 0.07578125
0 0.77421875 0.889453125 0.0453125 0.06953125
0 0.746875 0.9078125 0.0234375 0.0640625
0 0.7234375 0.9140625 0.0265625 0.053125