0 0.38359375 0.371484375 0.0671875 0.06796875
0 0.1328125 0.478515625 0.073046875 0.04609375
0 0.02421875 0.5625 0.048046875 0.07109375
0 0.09921875 0.58359375 0.05390625 0.065234375
0 0.0953125 0.65078125 0.08359375 0.0515625
0 0.033984375 0.77734375 0.06796875 0.0609375
0 0.1703125 0.77578125 0.076171875 0.061328125
0 0.114453125 0.722265625 0.077734375 0.059765625
0 0.221484375 0.700390625 0.080078125 0.056640625
0 0.226953125 0.733984375 0.073828125 0.04375
0 0.44921875 0.815234375 0.072265625 0.05
0 0.44609375 0.859375 0.059375 0.04453125
0 0.484375 0.876953125 0.048046875 0.084765625
0 0.51484375 0.880078125 0.048046875 0.07421875
0 0.544140625 0.869140625 0.042578125 0.065234375
0 0.609765625 0.843359375 0.0625 0.053515625
0 0.649609375 0.86953125 0.075390625 0.040625
0 0.648828125 0.819921875 0.049609375 0.066015625
0 0.759375 0.866015625 0.06484375 0.060546875