0 0.798046875 0.704296875 0.08125 0.09375
0 0.84609375 0.798046875 0.06953125 0.086328125
0 0.880859375 0.6390625 0.087890625 0.07109375
0 0.9453125 0.65234375 0.066796875 0.09296875
0 0.7984375 0.5328125 0.065234375 0.0875
0 0.5609375 0.5796875 0.094140625 0.07421875
0 0.586328125 0.462109375 0.08515625 0.072265625
0 0.475 0.426953125 0.078125 0.082421875
0 0.968359375 0.08046875 0.06328125 0.0734375
0 0.969921875 0.155078125 0.06015625 0.065625
0 0.97265625 0.21328125 0.0546875 0.080078125
0 0.6859375 0.087109375 0.07109375 0.091796875
0 0.45234375 0.128515625 0.089453125 0.082421875
0 0.577734375 0.1171875 0.086328125 0.072265625
0 0.650390625 0.135546875 0.067578125 0.078515625
0 0.53984375 0.155078125 0.0859375 0.0578125
0 0.53203125 0.199609375 0.085546875 0.06171875
0 0.44921875 0.26640625 0.055859375 0.083203125
0 0.77265625 0.08125 0.0859375 0.06484375
0 0.842578125 0.100390625 0.0453125 0.0765625
0 0.894140625 0.076171875 0.0734375 0.067578125
0 0.7984375 0.119921875 0.053515625 0.0859375
0 0.896484375 0.129296875 0.07578125 0.071484375
0 0.85 0.163671875 0.069921875 0.069921875
0 0.821875 0.189453125 0.084375 0.06171875
0 0.66484375 0.8296875 0.082421875 0.07890625
0 0.51015625 0.866015625 0.06484375 0.08359375
0 0.5640625 0.8703125 0.068359375 0.0765625
0 0.463671875 0.908203125 0.062109375 0.070703125
0 0.502734375 0.906640625 0.049609375 0.0734375
0 0.551953125 0.910546875 0.071875 0.055859375
0 0.40234375 0.793359375 0.078125 0.06328125
0 0.2203125 0.854296875 0.079296875 0.091015625
0 0.26953125 0.706640625 0.062890625 0.0890625
0 0.19296875 0.761328125 0.091796875 0.07421875
0 0.03046875 0.759765625 0.0609375 0.090234375
0 0.090234375 0.61953125 0.073828125 0.08984375
0 0.03515625 0.646875 0.0703125 0.0796875
0 0.1828125 0.407421875 0.083203125 0.090234375
0 0.1140625 0.496875 0.090234375 0.07421875
0 0.2 0.507421875 0.098828125 0.0640625
0 0.24609375 0.612890625 0.079296875 0.083203125
0 0.18828125 0.2234375 0.06953125 0.065625
0 0.30859375 0.212109375 0.059375 0.09765625
0 0.025 0.095703125 0.049609375 0.069921875
0 0.0828125 0.122265625 0.05859375 0.078125
0 0.15390625 0.101171875 0.058203125 0.091015625
0 0.190625 0.09453125 0.05859375 0.087890625
0 0.1328125 0.13046875 0.065625 0.096875
0 0.267578125 0.070703125 0.04375 0.0578125
0 0.302734375 0.10390625 0.074609375 0.079296875
0 0.2453125 0.112109375 0.068359375 0.058203125
0 0.23828125 0.170703125 0.06171875 0.074609375
0 0.496875 0.72734375 0.075390625 0.0859375