0 0.978125 0.85625 0.04375 0.06875
0 0.884765625 0.69609375 0.06875 0.071484375
0 0.76953125 0.804296875 0.067578125 0.09296875
0 0.84296875 0.874609375 0.0578125 0.08515625
0 0.9078125 0.896875 0.059375 0.074609375
0 0.951171875 0.884765625 0.0484375 0.08359375
0 0.982421875 0.902734375 0.03515625 0.055859375
0 0.655078125 0.809375 0.071875 0.085546875
0 0.594921875 0.84609375 0.063671875 0.07890625
0 0.608984375 0.895703125 0.064453125 0.06796875
0 0.67421875 0.87265625 0.05625 0.083984375
0 0.719140625 0.902734375 0.068359375 0.062109375
0 0.501953125 0.8921875 0.059375 0.08046875
0 0.530859375 0.67109375 0.076171875 0.056640625
0 0.41015625 0.805078125 0.084765625 0.066796875
0 0.398828125 0.85390625 0.0765625 0.066796875
0 0.43828125 0.891015625 0.0734375 0.06328125
0 0.29375 0.857421875 0.05546875 0.06015625
0 0.284765625 0.7578125 0.077734375 0.068359375
0 0.38046875 0.6328125 0.05625 0.076953125
0 0.331640625 0.35703125 0.06015625 0.083203125
0 0.475 0.376171875 0.0609375 0.083984375
0 0.66953125 0.4234375 0.06171875 0.0796875
0 0.71328125 0.5046875 0.08046875 0.0578125
0 0.02109375 0.45390625 0.0421875 0.069140625
0 0.01953125 0.1890625 0.038671875 0.04921875
0 0.021875 0.241015625 0.043359375 0.05859375
0 0.9515625 0.482421875 0.062109375 0.0828125