0 0.966015625 0.276171875 0.06796875 0.065625
0 0.9765625 0.448046875 0.046875 0.05390625
0 0.505078125 0.150390625 0.08125 0.06875
0 0.878515625 0.0640625 0.075390625 0.06328125
0 0.846484375 0.0546875 0.06484375 0.071484375
0 0.808984375 0.093359375 0.056640625 0.07421875
0 0.766796875 0.13203125 0.057421875 0.069921875
0 0.666796875 0.147265625 0.067578125 0.071484375
0 0.754296875 0.076171875 0.067578125 0.0609375
0 0.774609375 0.035546875 0.07421875 0.05546875
0 0.6625 0.21875 0.075 0.058984375
0 0.606640625 0.243359375 0.06953125 0.06484375
0 0.54921875 0.22109375 0.050390625 0.077734375
0 0.4953125 0.25859375 0.051171875 0.086328125
0 0.351171875 0.557421875 0.050390625 0.07265625
0 0.705859375 0.605078125 0.06015625 0.080078125
0 0.983984375 0.88046875 0.03203125 0.071875
0 0.575 0.684765625 0.0671875 0.058203125
0 0.70390625 0.81015625 0.062890625 0.075
0 0.786328125 0.8765625 0.09609375 0.067578125
0 0.55234375 0.8046875 0.05546875 0.0734375
0 0.477734375 0.78203125 0.068359375 0.0671875
0 0.354296875 0.8953125 0.0515625 0.070703125
0 0.37734375 0.904296875 0.051953125 0.07578125
0 0.416015625 0.88984375 0.04140625 0.06796875
0 0.4453125 0.90859375 0.069140625 0.069921875
0 0.5015625 0.9078125 0.06171875 0.061328125
0 0.55234375 0.894140625 0.058203125 0.075390625
0 0.716796875 0.88828125 0.064453125 0.066796875
0 0.658203125 0.8828125 0.060546875 0.067578125
0 0.671484375 0.896875 0.052734375 0.064453125
0 0.63671875 0.898046875 0.042578125 0.061328125
0 0.606640625 0.88125 0.044140625 0.074609375
0 0.580078125 0.853125 0.047265625 0.062109375
0 0.583203125 0.903125 0.041015625 0.05625
0 0.540625 0.860546875 0.054296875 0.065625
0 0.515234375 0.821875 0.055078125 0.052734375
0 0.47265625 0.82265625 0.05390625 0.0671875
0 0.49453125 0.86484375 0.057421875 0.062109375
0 0.461328125 0.873828125 0.069140625 0.05
0 0.434375 0.841796875 0.04375 0.056640625
0 0.3234375 0.829296875 0.06875 0.06328125
0 0.304296875 0.87734375 0.073046875 0.0484375
0 0.287890625 0.91171875 0.048828125 0.077734375
0 0.233203125 0.91484375 0.068359375 0.07421875
0 0.198828125 0.89765625 0.05390625 0.071875
0 0.258203125 0.849609375 0.048046875 0.071875
0 0.087109375 0.8953125 0.06328125 0.092578125
0 0.037890625 0.897265625 0.05390625 0.075390625
0 0.03046875 0.78828125 0.058984375 0.066015625
0 0.191796875 0.77265625 0.06640625 0.07578125
0 0.23671875 0.409765625 0.071484375 0.0515625
0 0.1890625 0.5140625 0.06953125 0.066015625
0 0.086328125 0.685546875 0.082421875 0.062890625
0 0.063671875 0.628125 0.088671875 0.05390625
0 0.02890625 0.5953125 0.0578125 0.06484375
0 0.024609375 0.3703125 0.04921875 0.059375
0 0.021875 0.431640625 0.043359375 0.055078125
0 0.219140625 0.2671875 0.06328125 0.078125
0 0.0078125 0.162890625 0.015625 0.05234375
0 0.018359375 0.062109375 0.03671875 0.078515625
0 0.371484375 0.067578125 0.06484375 0.069921875
0 0.31875 0.08203125 0.048046875 0.084765625
0 0.258984375 0.0515625 0.078515625 0.0484375
0 0.24140625 0.088671875 0.075 0.055859375
0 0.2171875 0.0578125 0.041015625 0.063671875
0 0.184375 0.060546875 0.0546875 0.0640625
0 0.189453125 0.11640625 0.077734375 0.061328125
0 0.12734375 0.105078125 0.05703125 0.08125
0 0.08515625 0.070703125 0.041015625 0.093359375
0 0.1125 0.051953125 0.0515625 0.06328125
0 0.143359375 0.04375 0.05390625 0.084375