0 0.017578125 0.88984375 0.03359375 0.053125
0 0.061328125 0.863671875 0.08203125 0.05078125
0 0.26015625 0.85390625 0.0546875 0.0703125
0 0.26171875 0.787890625 0.0625 0.07421875
0 0.794921875 0.878125 0.05703125 0.0609375
0 0.831640625 0.870703125 0.05390625 0.05703125
0 0.63125 0.5953125 0.0625 0.0953125
0 0.44375 0.408984375 0.0578125 0.07421875
0 0.550390625 0.4421875 0.06015625 0.065625
0 0.509375 0.233203125 0.05625 0.06640625
0 0.309375 0.1296875 0.075 0.075
0 0.209765625 0.12421875 0.06953125 0.078125
0 0.0859375 0.153125 0.071875 0.0578125
0 0.096875 0.120703125 0.078125 0.06171875
0 0.11640625 0.10078125 0.084375 0.0640625
0 0.61171875 0.1328125 0.059375 0.0609375
0 0.61796875 0.094140625 0.059375 0.04765625
0 0.69140625 0.154296875 0.0546875 0.05859375
0 0.726953125 0.153125 0.04765625 0.059375
0 0.659765625 0.124609375 0.04609375 0.07109375
0 0.6875 0.105859375 0.0484375 0.06953125
0 0.71796875 0.10234375 0.046875 0.0625
0 0.75703125 0.112890625 0.040625 0.07578125
0 0.784375 0.11796875 0.046875 0.0703125
0 0.835546875 0.1078125 0.07109375 0.0625
0 0.847265625 0.133984375 0.05703125 0.06484375
0 0.870703125 0.1421875 0.04921875 0.05625
0 0.909765625 0.14453125 0.04609375 0.0703125
0 0.959765625 0.14375 0.07109375 0.071875
0 0.973046875 0.110546875 0.05390625 0.06015625
0 0.921875 0.10546875 0.0453125 0.053125
0 0.88515625 0.10859375 0.0578125 0.0640625