0 0.242578125 0.91328125 0.034765625 0.0296875
0 0.32109375 0.926171875 0.050390625 0.05546875
0 0.03828125 0.81328125 0.072265625 0.0703125
0 0.08046875 0.55625 0.058203125 0.07421875
0 0.96328125 0.85234375 0.0734375 0.071875
0 0.78359375 0.734765625 0.048046875 0.096875
0 0.6953125 0.76796875 0.073828125 0.05078125
0 0.9703125 0.319921875 0.058984375 0.05546875
0 0.96796875 0.4078125 0.0640625 0.090234375
0 0.72421875 0.359765625 0.057421875 0.078125
0 0.476171875 0.337890625 0.079296875 0.050390625
0 0.65859375 0.47421875 0.08671875 0.05
0 0.651953125 0.55625 0.075390625 0.046875
0 0.425 0.584375 0.0578125 0.077734375
0 0.372265625 0.67109375 0.075390625 0.051171875
0 0.4375 0.662109375 0.05703125 0.076171875
0 0.5265625 0.659765625 0.047265625 0.084375
0 0.204296875 0.848046875 0.0546875 0.080859375
0 0.273828125 0.848046875 0.071875 0.069140625
0 0.428515625 0.860546875 0.07421875 0.054296875
0 0.477734375 0.84921875 0.042578125 0.075
0 0.5265625 0.861328125 0.050390625 0.0609375
0 0.578515625 0.8734375 0.075390625 0.049609375
0 0.589453125 0.830078125 0.06796875 0.058984375
0 0.9203125 0.146484375 0.079296875 0.05859375
0 0.7546875 0.2375 0.061328125 0.06953125
0 0.671484375 0.275 0.068359375 0.0578125
0 0.36484375 0.115625 0.083203125 0.056640625
0 0.125 0.12109375 0.061328125 0.08515625
0 0.0265625 0.221484375 0.053125 0.0625