0 0.975 0.897265625 0.05 0.06796875
0 0.958984375 0.875390625 0.0671875 0.0671875
0 0.73671875 0.860546875 0.081640625 0.078125
0 0.634765625 0.844921875 0.08828125 0.070703125
0 0.5640625 0.86875 0.0765625 0.095703125
0 0.70546875 0.5859375 0.0703125 0.071484375
0 0.775 0.523046875 0.098828125 0.0546875
0 0.93203125 0.476953125 0.055078125 0.07578125
0 0.794140625 0.465234375 0.06171875 0.062890625
0 0.616796875 0.51015625 0.0765625 0.066796875
0 0.550390625 0.490625 0.0890625 0.051953125
0 0.501171875 0.4359375 0.0734375 0.065625
0 0.56640625 0.444140625 0.051953125 0.065625
0 0.61171875 0.435546875 0.05625 0.07421875
0 0.633984375 0.464453125 0.076953125 0.06015625
0 0.7421875 0.406640625 0.070703125 0.0640625
0 0.76171875 0.373046875 0.062109375 0.07890625
0 0.70078125 0.337109375 0.0828125 0.066015625
0 0.81484375 0.304296875 0.075 0.05859375
0 0.93671875 0.305859375 0.07265625 0.059375
0 0.96953125 0.287890625 0.0609375 0.06953125
0 0.892578125 0.26796875 0.051171875 0.068359375
0 0.769921875 0.284765625 0.04765625 0.0890625
0 0.72890625 0.315625 0.07578125 0.056640625
0 0.728515625 0.258984375 0.0546875 0.07109375
0 0.979296875 0.06640625 0.04140625 0.0734375
0 0.98203125 0.1625 0.0359375 0.065625
0 0.96171875 0.207421875 0.0765625 0.061328125
0 0.94609375 0.162109375 0.058203125 0.055859375
0 0.976171875 0.1203125 0.04765625 0.055078125
0 0.953125 0.11875 0.0578125 0.0671875
0 0.95859375 0.065625 0.04921875 0.070703125
0 0.920703125 0.062890625 0.050390625 0.07734375
0 0.897265625 0.105078125 0.080078125 0.062890625
0 0.880078125 0.05859375 0.0484375 0.065234375
0 0.84140625 0.087109375 0.049609375 0.083984375
0 0.8890625 0.16171875 0.080078125 0.059765625
0 0.891796875 0.212890625 0.07265625 0.05703125
0 0.841796875 0.23125 0.06640625 0.055078125
0 0.835546875 0.191796875 0.06328125 0.04453125
0 0.78828125 0.2078125 0.04921875 0.074609375
0 0.811328125 0.123828125 0.064453125 0.0765625
0 0.7984375 0.06875 0.068359375 0.068359375
0 0.75390625 0.159765625 0.06171875 0.059765625
0 0.757421875 0.116796875 0.072265625 0.05625
0 0.742578125 0.063671875 0.067578125 0.06796875
0 0.70859375 0.078125 0.073828125 0.0625
0 0.671875 0.076953125 0.062109375 0.055078125
0 0.649609375 0.075 0.064453125 0.0640625
0 0.65859375 0.133203125 0.071484375 0.077734375
0 0.711328125 0.130859375 0.065625 0.07578125
0 0.71328125 0.18984375 0.055078125 0.0828125
0 0.674609375 0.198046875 0.054296875 0.078515625
0 0.598046875 0.1125 0.053515625 0.08359375
0 0.593359375 0.0546875 0.0765625 0.036328125
0 0.551953125 0.077734375 0.055078125 0.075
0 0.503125 0.0671875 0.056640625 0.0609375
0 0.462890625 0.0734375 0.06875 0.057421875
0 0.41015625 0.0578125 0.051953125 0.053125
0 0.51171875 0.105078125 0.06015625 0.06328125
0 0.535546875 0.136328125 0.0609375 0.0609375
0 0.5734375 0.17421875 0.046484375 0.07734375
0 0.621484375 0.165234375 0.05625 0.088671875
0 0.520703125 0.178515625 0.038671875 0.061328125
0 0.55546875 0.2015625 0.0453125 0.0703125
0 0.63515625 0.294140625 0.09453125 0.0578125
0 0.602734375 0.323828125 0.042578125 0.06171875
0 0.596484375 0.2125 0.040234375 0.06484375
0 0.6203125 0.25625 0.084375 0.048828125
0 0.62734375 0.21953125 0.060546875 0.041015625
0 0.55859375 0.25703125 0.066796875 0.06640625
0 0.540625 0.309375 0.091015625 0.048046875
0 0.5140625 0.284765625 0.06015625 0.046484375
0 0.55625 0.3734375 0.05859375 0.082421875
0 0.5140625 0.358984375 0.057421875 0.055078125
0 0.470703125 0.29765625 0.064453125 0.07890625
0 0.453125 0.330859375 0.080078125 0.04609375
0 0.4796875 0.387109375 0.059765625 0.076171875
0 0.434375 0.37109375 0.054296875 0.072265625
0 0.41171875 0.400390625 0.06796875 0.07578125
0 0.409375 0.466015625 0.06015625 0.078515625
0 0.3578125 0.49140625 0.087109375 0.05625
0 0.387109375 0.321484375 0.094140625 0.0546875
0 0.51484375 0.236328125 0.043359375 0.077734375
0 0.4796875 0.217578125 0.045703125 0.079296875
0 0.466796875 0.15703125 0.072265625 0.034765625
0 0.458984375 0.115234375 0.071484375 0.062109375
0 0.424609375 0.1375 0.044140625 0.0796875
0 0.4 0.098828125 0.0671875 0.055078125
0 0.356640625 0.13359375 0.069140625 0.059375
0 0.38359375 0.181640625 0.04375 0.06640625
0 0.41484375 0.216015625 0.08828125 0.06328125
0 0.43515625 0.190234375 0.06328125 0.03828125
0 0.38046875 0.263671875 0.074609375 0.05859375
0 0.34453125 0.203515625 0.054296875 0.065234375
0 0.29765625 0.18984375 0.062109375 0.071875
0 0.32734375 0.060546875 0.104296875 0.048046875
0 0.32421875 0.0875 0.067578125 0.050390625
0 0.376171875 0.10078125 0.053125 0.060546875
0 0.260546875 0.062890625 0.053125 0.03203125
0 0.20625 0.1234375 0.036328125 0.083984375
0 0.24453125 0.121484375 0.041796875 0.082421875
0 0.273046875 0.1453125 0.045703125 0.06484375
0 0.294921875 0.126171875 0.058984375 0.075390625
0 0.216796875 0.0796875 0.05390625 0.05234375
0 0.177734375 0.08203125 0.046875 0.051953125
0 0.15546875 0.09140625 0.032421875 0.05625
0 0.124609375 0.08828125 0.05625 0.046875
0 0.099609375 0.09609375 0.06171875 0.057421875
0 0.121875 0.16171875 0.055859375 0.05859375
0 0.087109375 0.14765625 0.053515625 0.08203125
0 0.2796875 0.251171875 0.06328125 0.049609375
0 0.231640625 0.269921875 0.075 0.059375
0 0.320703125 0.284765625 0.072265625 0.054296875
0 0.323828125 0.342578125 0.06015625 0.065625
0 0.343359375 0.40625 0.05703125 0.075
0 0.14765625 0.148828125 0.045703125 0.075390625
0 0.171484375 0.1390625 0.071875 0.071484375
0 0.13828125 0.2453125 0.063671875 0.061328125
0 0.14921875 0.218359375 0.062890625 0.061328125
0 0.197265625 0.190234375 0.0859375 0.06171875
0 0.08515625 0.2171875 0.041796875 0.066796875
0 0.115234375 0.2 0.0515625 0.04765625
0 0.109765625 0.25859375 0.071875 0.058203125
0 0.085546875 0.2890625 0.0515625 0.0640625
0 0.084375 0.331640625 0.071484375 0.0359375
0 0.140234375 0.333984375 0.04765625 0.07890625
0 0.170703125 0.32734375 0.0609375 0.080078125
0 0.204296875 0.3390625 0.080078125 0.045703125
0 0.23203125 0.369140625 0.050390625 0.07890625
0 0.294140625 0.4078125 0.071875 0.0546875
0 0.276953125 0.35625 0.056640625 0.073828125
0 0.096875 0.36796875 0.073046875 0.0453125
0 0.326171875 0.5140625 0.08046875 0.06171875
0 0.289453125 0.483984375 0.06875 0.0515625
0 0.11796875 0.396875 0.076953125 0.05703125
0 0.187890625 0.37734375 0.058203125 0.0578125
0 0.159765625 0.393359375 0.05390625 0.0671875
0 0.08125 0.42265625 0.053125 0.068359375
0 0.06953125 0.45625 0.038671875 0.05390625
0 0.108984375 0.45625 0.05234375 0.075
0 0.085546875 0.49140625 0.07734375 0.041015625
0 0.09296875 0.525390625 0.066015625 0.051171875
0 0.07734375 0.57265625 0.045703125 0.0578125
0 0.278515625 0.69140625 0.0984375 0.069140625
0 0.321875 0.57890625 0.075 0.087109375
0 0.253515625 0.61796875 0.084375 0.05859375
0 0.215625 0.58984375 0.083203125 0.051953125
0 0.26953125 0.550390625 0.07734375 0.070703125
0 0.232421875 0.48671875 0.085546875 0.0578125
0 0.2875 0.44765625 0.08515625 0.047265625
0 0.244140625 0.430078125 0.06328125 0.07578125
0 0.20546875 0.43046875 0.06796875 0.079296875
0 0.156640625 0.451171875 0.0421875 0.074609375
0 0.12890625 0.459765625 0.037890625 0.06640625
0 0.193359375 0.712890625 0.07734375 0.06484375
0 0.173046875 0.75859375 0.09765625 0.04765625
0 0.08359375 0.611328125 0.0375 0.0546875
0 0.120703125 0.5453125 0.060546875 0.050390625
0 0.119140625 0.583203125 0.053125 0.051171875
0 0.163671875 0.5984375 0.048828125 0.059375
0 0.201171875 0.542578125 0.058984375 0.046484375
0 0.150390625 0.512890625 0.05625 0.042578125
0 0.163671875 0.546875 0.049609375 0.059375
0 0.182421875 0.65546875 0.083203125 0.06015625
0 0.20390625 0.63125 0.0546875 0.07109375
0 0.14765625 0.655859375 0.05078125 0.079296875
0 0.11953125 0.655078125 0.041015625 0.0671875
0 0.08359375 0.648828125 0.04296875 0.047265625
0 0.112109375 0.620703125 0.0546875 0.037890625
0 0.0984375 0.769921875 0.0671875 0.066015625
0 0.098046875 0.730078125 0.0609375 0.03984375
0 0.104296875 0.7046875 0.05546875 0.039453125
0 0.15390625 0.7046875 0.06015625 0.043359375
0 0.236328125 0.900390625 0.070703125 0.06953125
0 0.190625 0.81640625 0.0921875 0.070703125
0 0.162109375 0.81171875 0.044921875 0.0703125
0 0.09296875 0.837890625 0.048046875 0.06015625
0 0.122265625 0.8234375 0.048046875 0.044140625
0 0.115234375 0.794921875 0.059765625 0.048828125
0 0.109375 0.877734375 0.055859375 0.05859375
0 0.178515625 0.8625 0.0875 0.051171875
0 0.166015625 0.894921875 0.0734375 0.048046875
0 0.131640625 0.863671875 0.03828125 0.06953125