0 0.9921875 0.18203125 0.015625 0.049609375
0 0.97421875 0.1265625 0.0515625 0.0765625
0 0.92890625 0.166796875 0.067578125 0.092578125
0 0.865234375 0.058984375 0.076171875 0.07109375
0 0.812890625 0.09609375 0.070703125 0.0828125
0 0.817578125 0.148046875 0.07421875 0.094140625
0 0.740625 0.074609375 0.084765625 0.071875
0 0.5453125 0.09296875 0.0859375 0.0828125
0 0.474609375 0.119921875 0.086328125 0.08515625
0 0.43359375 0.153515625 0.0734375 0.063671875
0 0.369140625 0.203125 0.05859375 0.08359375
0 0.513671875 0.3078125 0.07109375 0.08828125
0 0.609375 0.3 0.06171875 0.084765625
0 0.980859375 0.494140625 0.03828125 0.06171875
0 0.2796875 0.191015625 0.0625 0.075390625
0 0.328515625 0.24765625 0.06640625 0.08125
0 0.1546875 0.089453125 0.06171875 0.109765625
0 0.10234375 0.06484375 0.075 0.0765625
0 0.06484375 0.093359375 0.0671875 0.093359375
0 0.037890625 0.12890625 0.067578125 0.093359375
0 0.01171875 0.175 0.0234375 0.05546875
0 0.02578125 0.064453125 0.0515625 0.07265625
0 0.04375 0.41015625 0.073046875 0.0875
0 0.24375 0.33515625 0.06328125 0.08359375
0 0.33671875 0.398046875 0.080859375 0.075390625
0 0.03203125 0.616796875 0.0640625 0.064453125
0 0.076953125 0.74609375 0.084765625 0.073046875
0 0.10234375 0.86015625 0.059375 0.048046875
0 0.18359375 0.799609375 0.0875 0.078515625
0 0.29921875 0.854296875 0.07109375 0.068359375
0 0.97421875 0.86875 0.0515625 0.053125
0 0.977734375 0.808203125 0.04453125 0.06484375
0 0.927734375 0.6140625 0.06875 0.089453125
0 0.806640625 0.632421875 0.080859375 0.07734375
0 0.7421875 0.63359375 0.071484375 0.070703125
0 0.833984375 0.723046875 0.09296875 0.055859375
0 0.900390625 0.798046875 0.0546875 0.0859375
0 0.91484375 0.860546875 0.065625 0.091015625
0 0.53984375 0.59375 0.08125 0.058984375
0 0.42890625 0.737109375 0.0671875 0.081640625
0 0.8375 0.796875 0.083984375 0.071875
0 0.821875 0.865625 0.07734375 0.0625
0 0.869140625 0.888671875 0.06171875 0.08828125
0 0.79453125 0.830078125 0.052734375 0.083203125
0 0.773046875 0.8609375 0.04609375 0.065625
0 0.747265625 0.89296875 0.049609375 0.07890625
0 0.735546875 0.81875 0.054296875 0.080859375
0 0.641015625 0.78125 0.08046875 0.070703125
0 0.690625 0.83046875 0.0515625 0.076171875
0 0.714453125 0.878125 0.0421875 0.085546875
0 0.68125 0.8953125 0.043359375 0.063671875
0 0.635546875 0.893359375 0.059375 0.051953125
0 0.63671875 0.848828125 0.051953125 0.057421875
0 0.620703125 0.823828125 0.049609375 0.0359375
0 0.588671875 0.845703125 0.04453125 0.059375
0 0.58828125 0.89296875 0.067578125 0.04921875
0 0.5515625 0.83359375 0.047265625 0.069921875
0 0.5234375 0.88359375 0.042578125 0.06796875
0 0.55625 0.884765625 0.04453125 0.05234375
0 0.4796875 0.887890625 0.069140625 0.056640625
0 0.4625 0.846875 0.048046875 0.078515625
0 0.5015625 0.831640625 0.0734375 0.067578125