0 0.15078125 0.137890625 0.068359375 0.06953125
0 0.533984375 0.096875 0.073046875 0.05390625
0 0.50859375 0.1140625 0.07734375 0.04296875
0 0.5078125 0.146875 0.052734375 0.0578125
0 0.37734375 0.323046875 0.054296875 0.076953125
0 0.32109375 0.311328125 0.0546875 0.07890625
0 0.26953125 0.305859375 0.051953125 0.081640625
0 0.1703125 0.46171875 0.089453125 0.05546875
0 0.28984375 0.628515625 0.07109375 0.053515625
0 0.17734375 0.68984375 0.074609375 0.05546875
0 0.34609375 0.75703125 0.062109375 0.075390625
0 0.34140625 0.81171875 0.08125 0.06015625
0 0.332421875 0.86640625 0.04921875 0.075390625
0 0.369140625 0.874609375 0.0765625 0.055859375
0 0.028515625 0.76015625 0.056640625 0.089453125
0 0.0328125 0.609375 0.065625 0.0546875
0 0.662890625 0.75546875 0.053515625 0.073046875
0 0.7046875 0.80234375 0.078515625 0.05
0 0.671875 0.831640625 0.05234375 0.06953125
0 0.727734375 0.876171875 0.048046875 0.0640625
0 0.66796875 0.44609375 0.05625 0.068359375
0 0.72109375 0.189453125 0.08046875 0.0546875
0 0.726953125 0.309375 0.076171875 0.056640625
0 0.769921875 0.280078125 0.080078125 0.049609375
0 0.858984375 0.2953125 0.08046875 0.055859375