0 0.045703125 0.88125 0.08203125 0.0546875
0 0.01328125 0.8703125 0.025 0.046875
0 0.048046875 0.84609375 0.06796875 0.05
0 0.013671875 0.821875 0.02578125 0.034375
0 0.04375 0.80390625 0.05 0.0359375
0 0.015234375 0.789453125 0.02890625 0.03828125
0 0.02890625 0.755859375 0.0546875 0.03984375
0 0.058984375 0.730859375 0.06328125 0.04609375
0 0.066796875 0.766796875 0.05234375 0.03984375
0 0.087890625 0.805859375 0.06484375 0.05546875
0 0.1390625 0.801953125 0.065625 0.05078125
0 0.162109375 0.8359375 0.06171875 0.040625
0 0.158203125 0.881640625 0.08203125 0.04296875
0 0.19765625 0.870703125 0.0625 0.04140625
0 0.24609375 0.8765625 0.046875 0.0640625
0 0.287890625 0.857421875 0.06953125 0.04296875
0 0.22109375 0.818359375 0.0609375 0.03828125
0 0.212109375 0.76875 0.08046875 0.0421875
0 0.180859375 0.782421875 0.04765625 0.04609375
0 0.14375 0.73828125 0.0671875 0.0421875
0 0.13046875 0.686328125 0.0828125 0.03359375
0 0.202734375 0.721484375 0.05546875 0.03359375
0 0.24921875 0.738671875 0.0734375 0.03515625
0 0.312109375 0.74375 0.07734375 0.0609375
0 0.330859375 0.816796875 0.05078125 0.06640625
0 0.162109375 0.665625 0.05546875 0.05
0 0.09296875 0.653125 0.0609375 0.0421875
0 0.058984375 0.684765625 0.07265625 0.05390625
0 0.284375 0.69609375 0.0546875 0.0609375
0 0.21640625 0.678515625 0.046875 0.06953125
0 0.019921875 0.616796875 0.03984375 0.02265625
0 0.01640625 0.664453125 0.0328125 0.03203125
0 0.017578125 0.566015625 0.03515625 0.03828125
0 0.021484375 0.519921875 0.04296875 0.03203125
0 0.20390625 0.546875 0.0390625 0.033203125
0 0.158203125 0.54296875 0.033203125 0.0390625
0 0.121875 0.527734375 0.033203125 0.03203125
0 0.0671875 0.521484375 0.037109375 0.029296875
0 0.062109375 0.615625 0.0359375 0.0359375
0 0.05703125 0.566796875 0.0359375 0.02421875
0 0.1625 0.6015625 0.0421875 0.033203125
0 0.10703125 0.578515625 0.04609375 0.0359375
0 0.238671875 0.60546875 0.05390625 0.029296875
0 0.308984375 0.6578125 0.05546875 0.03203125
0 0.396875 0.789453125 0.06328125 0.03046875
0 0.401953125 0.85859375 0.06328125 0.068359375
0 0.31484375 0.575 0.0359375 0.033203125
0 0.232421875 0.50703125 0.041015625 0.03125
0 0.30546875 0.50234375 0.05078125 0.0421875
0 0.384375 0.596875 0.04765625 0.05078125