0 0.52890625 0.747265625 0.113671875 0.065234375
0 0.593359375 0.808203125 0.054296875 0.098046875
0 0.678125 0.812890625 0.08203125 0.06171875
0 0.777734375 0.774609375 0.065625 0.077734375
0 0.8515625 0.766796875 0.058984375 0.083984375
0 0.752734375 0.84453125 0.061328125 0.084375
0 0.90859375 0.88984375 0.085546875 0.075
0 0.901953125 0.8171875 0.066796875 0.066015625
0 0.86015625 0.835546875 0.05546875 0.074609375
0 0.89765625 0.722265625 0.083203125 0.054296875
0 0.9828125 0.75703125 0.034375 0.053125
0 0.978125 0.840234375 0.04375 0.06484375
0 0.95234375 0.791015625 0.058984375 0.084765625
0 0.451953125 0.83515625 0.055078125 0.0796875
0 0.425 0.88125 0.074609375 0.05859375
0 0.355078125 0.834375 0.07734375 0.054296875
0 0.344140625 0.8765625 0.0828125 0.049609375
0 0.235546875 0.784375 0.0703125 0.06171875
0 0.147265625 0.76953125 0.065234375 0.08671875
0 0.019921875 0.769921875 0.03984375 0.07421875
0 0.089453125 0.77890625 0.069921875 0.059375
0 0.0265625 0.824609375 0.053125 0.06328125
0 0.023828125 0.878125 0.047265625 0.055859375
0 0.050390625 0.837890625 0.059375 0.08046875
0 0.175 0.84921875 0.053125 0.082421875
0 0.092578125 0.889453125 0.1046875 0.046875
0 0.971484375 0.6109375 0.056640625 0.066015625
0 0.628515625 0.3921875 0.05703125 0.082421875
0 0.36796875 0.30625 0.06953125 0.069140625
0 0.421484375 0.187109375 0.0640625 0.07421875
0 0.694921875 0.226953125 0.05625 0.0859375
0 0.724609375 0.103125 0.073828125 0.0484375
0 0.985546875 0.133203125 0.028515625 0.0828125
0 0.95078125 0.1296875 0.062109375 0.065625
0 0.85234375 0.110546875 0.0734375 0.05703125
0 0.9171875 0.111328125 0.065625 0.0578125
0 0.88046875 0.139453125 0.06640625 0.071484375
0 0.78203125 0.10546875 0.0640625 0.04296875
0 0.7203125 0.1453125 0.086328125 0.054296875
0 0.76015625 0.150390625 0.06484375 0.06484375
0 0.816015625 0.14140625 0.058984375 0.05703125
0 0.775 0.196484375 0.05546875 0.082421875
0 0.02421875 0.13203125 0.0484375 0.08203125
0 0.08046875 0.1140625 0.07109375 0.05703125