0 0.655859375 0.2546875 0.09453125 0.0625
0 0.689453125 0.2625 0.056640625 0.07734375
0 0.620703125 0.320703125 0.055859375 0.078125
0 0.653515625 0.36484375 0.06015625 0.063671875
0 0.479296875 0.421484375 0.049609375 0.0859375
0 0.790234375 0.355859375 0.068359375 0.056640625
0 0.80546875 0.457421875 0.065234375 0.080078125
0 0.877734375 0.41015625 0.0546875 0.06640625
0 0.48203125 0.58984375 0.049609375 0.078515625
0 0.460546875 0.746875 0.0671875 0.05546875
0 0.1125 0.8375 0.06328125 0.06796875
0 0.3953125 0.65859375 0.072265625 0.06328125
0 0.40546875 0.518359375 0.057421875 0.04609375
0 0.33203125 0.548046875 0.085546875 0.04609375
0 0.23359375 0.412890625 0.08046875 0.0578125
0 0.20234375 0.50859375 0.059765625 0.05859375
0 0.016796875 0.59375 0.03359375 0.076953125
0 0.08828125 0.55703125 0.060546875 0.066796875