0 0.4609375 0.7609375 0.076171875 0.050390625
0 0.477734375 0.868359375 0.068359375 0.084375
0 0.425 0.85078125 0.05859375 0.065234375
0 0.396484375 0.863671875 0.072265625 0.1078125
0 0.214453125 0.875 0.0765625 0.079296875
0 0.16640625 0.7765625 0.062109375 0.0859375
0 0.20390625 0.626953125 0.057421875 0.075
0 0.016015625 0.81328125 0.031640625 0.077734375
0 0.042578125 0.821875 0.054296875 0.077734375
0 0.093359375 0.82734375 0.074609375 0.075
0 0.14140625 0.83203125 0.05859375 0.061328125
0 0.10859375 0.88671875 0.059375 0.0796875
0 0.1625 0.85859375 0.06953125 0.065234375
0 0.012890625 0.583203125 0.02578125 0.06953125
0 0.174609375 0.4484375 0.0703125 0.06796875
0 0.015234375 0.473046875 0.03046875 0.05546875
0 0.829296875 0.3796875 0.0796875 0.062890625