0 0.253515625 0.409765625 0.06171875 0.08046875
0 0.0578125 0.371484375 0.0734375 0.06640625
0 0.1 0.33359375 0.0890625 0.0765625
0 0.062109375 0.673046875 0.08515625 0.05390625
0 0.5421875 0.276953125 0.05 0.06953125
0 0.916796875 0.307421875 0.08046875 0.05546875
0 0.67890625 0.612890625 0.046875 0.07265625
0 0.712109375 0.590625 0.05703125 0.0703125
0 0.95546875 0.91171875 0.071875 0.0828125
0 0.40078125 0.887109375 0.0484375 0.06171875
0 0.805859375 0.733203125 0.07734375 0.05859375
0 0.83359375 0.7859375 0.0578125 0.0703125
0 0.847265625 0.880859375 0.07421875 0.05546875
0 0.705859375 0.901953125 0.05234375 0.08828125
0 0.7390625 0.861328125 0.0671875 0.06953125
0 0.777734375 0.8734375 0.05859375 0.0703125
0 0.506640625 0.8828125 0.04609375 0.0734375
0 0.543359375 0.879296875 0.04140625 0.07421875
0 0.569140625 0.858984375 0.05703125 0.06171875
0 0.3546875 0.8828125 0.04375 0.0734375
0 0.312109375 0.88515625 0.05078125 0.0546875
0 0.27265625 0.882421875 0.04375 0.06484375
0 0.259375 0.84609375 0.0546875 0.0625
0 0.2296875 0.88671875 0.0546875 0.0515625
0 0.22421875 0.85703125 0.0375 0.053125
0 0.201953125 0.881640625 0.03828125 0.06328125
0 0.1671875 0.876953125 0.0390625 0.07265625
0 0.13203125 0.88359375 0.0390625 0.0703125
0 0.09296875 0.88671875 0.04375 0.053125
0 0.068359375 0.87890625 0.05546875 0.06875
0 0.026953125 0.876953125 0.05234375 0.06796875
0 0.015625 0.843359375 0.028125 0.05390625
0 0.111328125 0.173828125 0.05703125 0.06328125
0 0.8265625 0.155859375 0.0765625 0.05234375
0 0.8796875 0.163671875 0.0671875 0.05390625
0 0.962890625 0.134375 0.06171875 0.065625
0 0.956640625 0.090234375 0.06640625 0.05078125
0 0.9890625 0.08671875 0.021875 0.0421875
0 0.984375 0.1234375 0.03125 0.0546875
0 0.898828125 0.109375 0.05234375 0.065625
0 0.867578125 0.10078125 0.04453125 0.078125
0 0.840625 0.10546875 0.046875 0.071875
0 0.80625 0.10078125 0.0671875 0.071875
0 0.01328125 0.098046875 0.025 0.06953125
0 0.038671875 0.1046875 0.04453125 0.0765625
0 0.081640625 0.0921875 0.06484375 0.0390625
0 0.08671875 0.123046875 0.065625 0.05703125
0 0.14453125 0.134375 0.059375 0.071875
0 0.171875 0.08046875 0.04375 0.08125
0 0.1640625 0.09765625 0.053125 0.0734375
0 0.119140625 0.084375 0.04453125 0.0515625
0 0.21484375 0.14609375 0.0578125 0.0765625
0 0.241796875 0.1109375 0.04609375 0.0796875
0 0.26875 0.134375 0.046875 0.0796875
0 0.285546875 0.091796875 0.06328125 0.05078125
0 0.315625 0.12890625 0.053125 0.0671875
0 0.330859375 0.083984375 0.05390625 0.05546875
0 0.371484375 0.088671875 0.04453125 0.04453125
0 0.345703125 0.140625 0.05078125 0.0828125
0 0.375390625 0.13828125 0.03671875 0.0765625
0 0.412890625 0.133203125 0.03515625 0.09453125
0 0.4265625 0.20234375 0.084375 0.0546875
0 0.433203125 0.15390625 0.05546875 0.0609375
0 0.431640625 0.097265625 0.05390625 0.05703125
0 0.467578125 0.115625 0.06171875 0.071875
0 0.515234375 0.154296875 0.06640625 0.05390625
0 0.51875 0.116015625 0.0546875 0.04609375
0 0.539453125 0.09609375 0.04609375 0.0625
0 0.577734375 0.10078125 0.07109375 0.0453125
0 0.570703125 0.170703125 0.06015625 0.05859375
0 0.5671875 0.134765625 0.053125 0.04453125
0 0.6125 0.1375 0.0375 0.0703125
0 0.646484375 0.177734375 0.07890625 0.05234375
0 0.653125 0.13203125 0.059375 0.059375
0 0.636328125 0.087890625 0.05859375 0.04921875
0 0.7296875 0.141796875 0.0859375 0.05234375
0 0.7140625 0.1015625 0.0484375 0.0640625
0 0.67890625 0.112890625 0.0453125 0.07265625
0 0.62421875 0.870703125 0.05078125 0.07109375
0 0.66171875 0.88828125 0.05390625 0.0578125