0 0.215625 0.07890625 0.056640625 0.091796875
0 0.054296875 0.273046875 0.0828125 0.0578125
0 0.244140625 0.564453125 0.0625 0.060546875
0 0.111328125 0.7125 0.078125 0.0515625
0 0.40078125 0.79765625 0.05 0.072265625
0 0.41953125 0.89296875 0.05390625 0.06328125
0 0.470703125 0.8671875 0.052734375 0.056640625
0 0.48125 0.8953125 0.07421875 0.044921875
0 0.46328125 0.63984375 0.0578125 0.048828125
0 0.541015625 0.505859375 0.072265625 0.046875
0 0.82578125 0.528125 0.0734375 0.05078125
0 0.8921875 0.562109375 0.06953125 0.06328125
0 0.9671875 0.402734375 0.065625 0.04296875
0 0.89296875 0.776953125 0.07109375 0.05390625
0 0.95 0.79921875 0.060546875 0.071484375