0 0.1140625 0.8328125 0.078125 0.06484375
0 0.195703125 0.86640625 0.07890625 0.06796875
0 0.291796875 0.756640625 0.0703125 0.062890625
0 0.013671875 0.155078125 0.02734375 0.062109375
0 0.0921875 0.146484375 0.059375 0.066796875
0 0.196484375 0.11640625 0.080859375 0.055078125
0 0.216796875 0.178515625 0.0546875 0.050390625
0 0.25859375 0.173046875 0.052734375 0.05703125
0 0.3375 0.126171875 0.05859375 0.0765625
0 0.389453125 0.131640625 0.0546875 0.0875
0 0.483984375 0.1203125 0.076171875 0.053125
0 0.622265625 0.128515625 0.059375 0.07578125
0 0.776171875 0.099609375 0.0828125 0.066796875
0 0.79375 0.125 0.06328125 0.08046875
0 0.845703125 0.13046875 0.076953125 0.06015625