0 0.024609375 0.088671875 0.04921875 0.09453125
0 0.1 0.055859375 0.08046875 0.058984375
0 0.0890625 0.112109375 0.069921875 0.0640625
0 0.054296875 0.180078125 0.094921875 0.082421875
0 0.02578125 0.200390625 0.051171875 0.0609375
0 0.314453125 0.073828125 0.0890625 0.06875
0 0.6359375 0.059765625 0.06484375 0.05390625
0 0.702734375 0.06953125 0.065625 0.069140625
0 0.628515625 0.09609375 0.0796875 0.0515625
0 0.655078125 0.144140625 0.08828125 0.0640625
0 0.50546875 0.1625 0.05859375 0.06875
0 0.519921875 0.212890625 0.06484375 0.065234375
0 0.54765625 0.258203125 0.0578125 0.07890625
0 0.0109375 0.378125 0.021875 0.078125
0 0.128125 0.430078125 0.0609375 0.08671875
0 0.35 0.418359375 0.08125 0.072265625
0 0.549609375 0.3953125 0.0828125 0.0671875
0 0.6953125 0.321484375 0.071484375 0.0640625
0 0.859375 0.33515625 0.056640625 0.09140625
0 0.689453125 0.440625 0.090234375 0.061328125
0 0.62109375 0.43515625 0.0703125 0.068359375
0 0.471484375 0.519921875 0.075 0.06171875
0 0.342578125 0.497265625 0.056640625 0.0828125
0 0.110546875 0.6484375 0.06484375 0.0703125
0 0.11640625 0.695703125 0.062109375 0.068359375
0 0.2484375 0.749609375 0.053125 0.068359375
0 0.19375 0.828125 0.082421875 0.07265625
0 0.33359375 0.868359375 0.051171875 0.07578125
0 0.383203125 0.8390625 0.0625 0.067578125
0 0.384765625 0.681640625 0.071484375 0.05546875
0 0.4109375 0.73046875 0.077734375 0.0625
0 0.417578125 0.773046875 0.0828125 0.05234375
0 0.44921875 0.846875 0.05625 0.08125
0 0.503515625 0.802734375 0.055859375 0.078515625
0 0.60390625 0.84921875 0.07578125 0.06484375
0 0.8625 0.8671875 0.064453125 0.087109375
0 0.934765625 0.894921875 0.079296875 0.06875