0 0.940234375 0.123828125 0.075 0.058984375
0 0.902734375 0.15390625 0.056640625 0.060546875
0 0.885546875 0.094140625 0.07265625 0.05625
0 0.857421875 0.10390625 0.066796875 0.05625
0 0.847265625 0.14296875 0.0640625 0.048828125
0 0.81171875 0.186328125 0.069921875 0.05703125
0 0.793359375 0.08671875 0.078515625 0.04140625
0 0.793359375 0.12734375 0.06015625 0.08984375
0 0.758984375 0.107421875 0.06328125 0.0546875
0 0.738671875 0.159375 0.05078125 0.063671875
0 0.725 0.130078125 0.053515625 0.062890625
0 0.70625 0.09765625 0.04921875 0.06875
0 0.670703125 0.096484375 0.041796875 0.06484375
0 0.679296875 0.1515625 0.05078125 0.071484375
0 0.651171875 0.12578125 0.0359375 0.06953125
0 0.614453125 0.089453125 0.07109375 0.040625
0 0.61953125 0.14453125 0.044140625 0.07890625
0 0.579296875 0.1265625 0.067578125 0.051171875
0 0.56796875 0.103125 0.066796875 0.051171875
0 0.521484375 0.108203125 0.06328125 0.06796875
0 0.737109375 0.22421875 0.059375 0.06953125
0 0.650390625 0.21640625 0.05078125 0.0703125
0 0.608984375 0.222265625 0.055078125 0.07734375
0 0.56328125 0.242578125 0.06015625 0.062890625
0 0.530859375 0.212890625 0.07421875 0.05390625
0 0.503125 0.266796875 0.08671875 0.05625
0 0.480078125 0.119140625 0.0640625 0.051171875
0 0.465625 0.157421875 0.06328125 0.051171875
0 0.437890625 0.198828125 0.05 0.072265625
0 0.398046875 0.187109375 0.056640625 0.07734375
0 0.38359375 0.155078125 0.0484375 0.084765625
0 0.435546875 0.08984375 0.06171875 0.034765625
0 0.409765625 0.130078125 0.068359375 0.074609375
0 0.38203125 0.09765625 0.03671875 0.05390625
0 0.349609375 0.144921875 0.046875 0.06953125
0 0.34609375 0.094921875 0.044921875 0.0546875
0 0.309765625 0.109375 0.057421875 0.062109375
0 0.27578125 0.137109375 0.044140625 0.08203125
0 0.25078125 0.098828125 0.04765625 0.05390625
0 0.23046875 0.15234375 0.077734375 0.05625
0 0.215625 0.100390625 0.057421875 0.051953125
0 0.201953125 0.137890625 0.06328125 0.072265625
0 0.18671875 0.09296875 0.046875 0.0421875
0 0.01328125 0.24453125 0.0265625 0.05703125
0 0.014453125 0.1875 0.02890625 0.0734375
0 0.0609375 0.185546875 0.065234375 0.062109375
0 0.16640625 0.12265625 0.0375 0.05703125
0 0.147265625 0.1265625 0.044140625 0.084765625
0 0.106640625 0.14453125 0.0484375 0.06875
0 0.1171875 0.10390625 0.044140625 0.059765625
0 0.087890625 0.100390625 0.044140625 0.05703125
0 0.0484375 0.117578125 0.041796875 0.04296875
0 0.0734375 0.157421875 0.0515625 0.059765625
0 0.026171875 0.15078125 0.05234375 0.059375
0 0.015234375 0.09375 0.03046875 0.0578125
0 0.580859375 0.58515625 0.055859375 0.08046875
0 0.79375 0.80390625 0.057421875 0.06953125
0 0.961328125 0.86640625 0.057421875 0.074609375
0 0.00546875 0.86015625 0.0109375 0.048828125
0 0.0875 0.8421875 0.066796875 0.074609375
0 0.27734375 0.871875 0.052734375 0.075390625
0 0.28359375 0.776171875 0.056640625 0.06875
0 0.238671875 0.79453125 0.0484375 0.075390625
0 0.19765625 0.80234375 0.055078125 0.078125
0 0.155859375 0.801953125 0.056640625 0.083984375
0 0.127734375 0.781640625 0.056640625 0.0828125
0 0.5375 0.6625 0.07421875 0.05390625
0 0.5578125 0.711328125 0.0609375 0.05625
0 0.506640625 0.698828125 0.0640625 0.053125
0 0.628515625 0.86640625 0.057421875 0.06796875
0 0.462109375 0.725 0.065234375 0.0453125
0 0.429296875 0.751171875 0.05078125 0.058984375
0 0.3859375 0.774609375 0.0625 0.039453125
0 0.351953125 0.808203125 0.071875 0.048046875
0 0.408203125 0.817578125 0.054296875 0.04375
0 0.36796875 0.8515625 0.069921875 0.062890625
0 0.36953125 0.88125 0.05859375 0.040625
0 0.409765625 0.865234375 0.03828125 0.0703125
0 0.441796875 0.872265625 0.044140625 0.0578125
0 0.45703125 0.798046875 0.05 0.076171875
0 0.485546875 0.764453125 0.06171875 0.047265625
0 0.519140625 0.738671875 0.0640625 0.040625
0 0.5546875 0.759765625 0.065234375 0.04140625
0 0.51875 0.773828125 0.0484375 0.051171875
0 0.5703125 0.8078125 0.0625 0.062109375
0 0.525 0.8171875 0.044140625 0.051171875
0 0.491015625 0.8078125 0.042578125 0.051953125
0 0.46875 0.8578125 0.043359375 0.08203125
0 0.476953125 0.880859375 0.0359375 0.049609375
0 0.516796875 0.880078125 0.041015625 0.0578125
0 0.55078125 0.880078125 0.055078125 0.053125
0 0.557421875 0.84453125 0.041796875 0.05546875
0 0.594140625 0.876171875 0.041796875 0.062109375
0 0.5125 0.84609375 0.055859375 0.04375