0 0.962890625 0.065234375 0.073828125 0.065234375
0 0.81484375 0.201953125 0.073828125 0.080859375
0 0.771484375 0.098046875 0.075 0.083203125
0 0.643359375 0.23671875 0.083984375 0.07578125
0 0.64921875 0.09765625 0.0921875 0.065234375
0 0.57421875 0.085546875 0.0796875 0.078125
0 0.48046875 0.0984375 0.065625 0.078515625
0 0.417578125 0.1265625 0.070703125 0.07421875
0 0.45546875 0.073046875 0.06015625 0.0703125
0 0.40546875 0.0734375 0.055078125 0.067578125
0 0.359765625 0.0796875 0.063671875 0.076953125
0 0.35234375 0.119140625 0.070703125 0.0859375
0 0.4046875 0.216015625 0.083984375 0.068359375
0 0.321484375 0.177734375 0.101953125 0.080078125
0 0.296875 0.08984375 0.064453125 0.073046875
0 0.2484375 0.128515625 0.0796875 0.083203125
0 0.24140625 0.07734375 0.06328125 0.053515625
0 0.15625 0.12421875 0.074609375 0.089453125
0 0.1265625 0.09296875 0.059375 0.094921875
0 0.073828125 0.126953125 0.0703125 0.086328125
0 0.04140625 0.17890625 0.080859375 0.0671875
0 0.023046875 0.214453125 0.04609375 0.05390625
0 0.02421875 0.125 0.048046875 0.077734375
0 0.02265625 0.070703125 0.0453125 0.05390625
0 0.080078125 0.078125 0.063671875 0.073828125
0 0.020703125 0.79140625 0.04140625 0.09296875
0 0.11171875 0.646484375 0.095703125 0.098828125
0 0.066796875 0.590234375 0.080859375 0.07734375
0 0.423046875 0.62109375 0.076953125 0.08515625
0 0.978515625 0.831640625 0.042578125 0.0515625
0 0.97734375 0.8890625 0.0453125 0.088671875
0 0.948828125 0.896875 0.06953125 0.08359375
0 0.906640625 0.902734375 0.05078125 0.071875
0 0.865625 0.89921875 0.053515625 0.073046875
0 0.883203125 0.85625 0.071484375 0.06875
0 0.937109375 0.826953125 0.08125 0.074609375
0 0.802734375 0.794921875 0.07265625 0.1
0 0.83125 0.841015625 0.065625 0.08359375
0 0.800390625 0.876953125 0.068359375 0.078125
0 0.811328125 0.912109375 0.0671875 0.046875
0 0.742578125 0.917578125 0.078125 0.044140625
0 0.76484375 0.8890625 0.071875 0.064453125
0 0.73203125 0.871875 0.06484375 0.101171875
0 0.680078125 0.903125 0.061328125 0.069140625
0 0.64609375 0.90625 0.0625 0.041796875
0 0.5890625 0.906640625 0.062109375 0.051171875
0 0.61796875 0.86953125 0.0453125 0.06953125
0 0.659375 0.85390625 0.05390625 0.104296875
0 0.694921875 0.840234375 0.06171875 0.0953125
0 0.622265625 0.76171875 0.08515625 0.055078125
0 0.608984375 0.8125 0.09140625 0.065234375
0 0.552734375 0.820703125 0.065625 0.066796875
0 0.57265625 0.873828125 0.053515625 0.0765625
0 0.5296875 0.900390625 0.051953125 0.058203125
0 0.47734375 0.906640625 0.0875 0.051171875
0 0.441015625 0.89140625 0.073828125 0.055859375
0 0.51953125 0.85625 0.051171875 0.076953125
0 0.484765625 0.841796875 0.0515625 0.071875
0 0.441015625 0.8515625 0.073828125 0.0625