0 0.9359375 0.071484375 0.08984375 0.073828125
0 0.965234375 0.12109375 0.06953125 0.062890625
0 0.907421875 0.14140625 0.06015625 0.08203125
0 0.8703125 0.059375 0.058203125 0.059765625
0 0.869140625 0.1125 0.058203125 0.060546875
0 0.8109375 0.070703125 0.0625 0.062890625
0 0.797265625 0.1515625 0.07890625 0.065234375
0 0.812109375 0.115625 0.0625 0.062890625
0 0.75625 0.073046875 0.083984375 0.06171875
0 0.70625 0.1171875 0.056640625 0.08671875
0 0.6515625 0.06796875 0.084765625 0.061328125
0 0.90546875 0.22109375 0.067578125 0.07421875
0 0.967578125 0.25703125 0.06484375 0.059375
0 0.9546875 0.54296875 0.06484375 0.0765625
0 0.742578125 0.422265625 0.0546875 0.078515625
0 0.7578125 0.347265625 0.094140625 0.058984375
0 0.643359375 0.233984375 0.076171875 0.056640625
0 0.615625 0.2703125 0.055859375 0.0765625
0 0.65546875 0.30859375 0.075 0.060546875
0 0.612890625 0.4828125 0.0609375 0.08515625
0 0.63359375 0.57734375 0.07265625 0.062890625
0 0.7828125 0.75234375 0.065625 0.070703125
0 0.615234375 0.723828125 0.09609375 0.0484375
0 0.713671875 0.79765625 0.089453125 0.066796875
0 0.857421875 0.771875 0.078515625 0.08828125
0 0.95078125 0.72734375 0.057421875 0.067578125
0 0.93359375 0.6765625 0.056640625 0.055078125
0 0.976171875 0.67421875 0.04765625 0.07265625
0 0.909375 0.86171875 0.0765625 0.0578125
0 0.708984375 0.853515625 0.080859375 0.063671875
0 0.621484375 0.88671875 0.050390625 0.05625
0 0.609765625 0.833203125 0.076171875 0.073828125
0 0.561328125 0.815234375 0.074609375 0.070703125
0 0.51015625 0.869140625 0.0390625 0.04921875
0 0.553515625 0.880859375 0.053515625 0.075390625
0 0.530859375 0.911328125 0.039453125 0.047265625
0 0.483203125 0.899609375 0.062109375 0.066015625
0 0.4515625 0.915234375 0.044921875 0.053515625
0 0.43359375 0.87734375 0.060546875 0.078515625
0 0.391796875 0.79453125 0.07109375 0.08203125
0 0.02421875 0.788671875 0.0484375 0.07109375
0 0.08359375 0.778125 0.0796875 0.098828125
0 0.26640625 0.778515625 0.091015625 0.06171875
0 0.257421875 0.826953125 0.0671875 0.059375
0 0.2859375 0.869140625 0.0734375 0.053515625
0 0.3515625 0.653125 0.076953125 0.089453125
0 0.4390625 0.65390625 0.06484375 0.079296875
0 0.270703125 0.581640625 0.07734375 0.06015625
0 0.4671875 0.565625 0.073046875 0.065234375
0 0.524609375 0.562109375 0.05390625 0.07421875
0 0.283984375 0.393359375 0.070703125 0.06875
0 0.085546875 0.353125 0.074609375 0.075390625
0 0.076171875 0.4734375 0.078125 0.07578125
0 0.16796875 0.4765625 0.094921875 0.058984375
0 0.221875 0.42890625 0.091796875 0.05078125
0 0.4125 0.31796875 0.068359375 0.07265625
0 0.37734375 0.396875 0.08203125 0.062109375
0 0.371875 0.228515625 0.090234375 0.061328125
0 0.339453125 0.113671875 0.06640625 0.087890625
0 0.31015625 0.06640625 0.0921875 0.069921875
0 0.037109375 0.0953125 0.073046875 0.085546875