0 0.969921875 0.225390625 0.06015625 0.06640625
0 0.83984375 0.130078125 0.063671875 0.05078125
0 0.663671875 0.205859375 0.063671875 0.084765625
0 0.789453125 0.747265625 0.071875 0.08671875
0 0.8953125 0.88046875 0.076953125 0.040625
0 0.813671875 0.8703125 0.0859375 0.059765625
0 0.5796875 0.6984375 0.06015625 0.091015625
0 0.61484375 0.89375 0.076953125 0.064453125
0 0.5359375 0.88515625 0.063671875 0.079296875
0 0.394140625 0.880859375 0.07109375 0.07890625
0 0.317578125 0.874609375 0.057421875 0.075
0 0.353125 0.666796875 0.069140625 0.08125
0 0.05390625 0.723046875 0.07734375 0.092578125
0 0.1125 0.617578125 0.072265625 0.06796875
0 0.1953125 0.616796875 0.0578125 0.0734375
0 0.248046875 0.62265625 0.084375 0.067578125
0 0.196484375 0.4765625 0.06484375 0.075390625
0 0.08984375 0.153515625 0.098046875 0.07421875
0 0.170703125 0.1625 0.08515625 0.0671875