0 0.016015625 0.094140625 0.03203125 0.060546875
0 0.278515625 0.10625 0.07265625 0.056640625
0 0.16015625 0.06796875 0.066015625 0.100390625
0 0.221484375 0.11640625 0.071875 0.060546875
0 0.19453125 0.1578125 0.05859375 0.087109375
0 0.14609375 0.125 0.087109375 0.062109375
0 0.1125 0.103125 0.071484375 0.06640625
0 0.0296875 0.189453125 0.055859375 0.079296875
0 0.085546875 0.191796875 0.0875 0.0875
0 0.060546875 0.09609375 0.06796875 0.03984375
0 0.059765625 0.132421875 0.077734375 0.0421875
0 0.122265625 0.390625 0.090625 0.0546875
0 0.06484375 0.5359375 0.08515625 0.059375
0 0.21640625 0.56796875 0.065625 0.06953125
0 0.1484375 0.63359375 0.08984375 0.0609375
0 0.20859375 0.707421875 0.079296875 0.0609375
0 0.36796875 0.823828125 0.0859375 0.062890625
0 0.45234375 0.869921875 0.069921875 0.059765625
0 0.3984375 0.874609375 0.066796875 0.05859375
0 0.526171875 0.762109375 0.05703125 0.087109375
0 0.6 0.79453125 0.056640625 0.092578125
0 0.681640625 0.7515625 0.055078125 0.08125
0 0.68203125 0.840234375 0.0703125 0.087890625
0 0.744921875 0.821875 0.06640625 0.068359375
0 0.78828125 0.826953125 0.051953125 0.08359375
0 0.826171875 0.841015625 0.055859375 0.082421875
0 0.508203125 0.415234375 0.0671875 0.094140625
0 0.57890625 0.4265625 0.072265625 0.07265625
0 0.569921875 0.23515625 0.0875 0.05703125
0 0.5484375 0.100390625 0.06171875 0.069921875
0 0.589453125 0.1125 0.0609375 0.069140625
0 0.63671875 0.109765625 0.053125 0.090625
0 0.70390625 0.144140625 0.058984375 0.076171875
0 0.7765625 0.1078125 0.065234375 0.06875
0 0.9734375 0.705078125 0.053125 0.08828125