0 0.95625 0.853515625 0.068359375 0.078125
0 0.865625 0.7578125 0.062109375 0.080859375
0 0.76796875 0.6625 0.05625 0.07109375
0 0.728125 0.5953125 0.071875 0.054296875
0 0.5484375 0.794921875 0.049609375 0.073046875
0 0.59609375 0.203515625 0.053515625 0.069921875
0 0.451171875 0.23515625 0.074609375 0.077734375
0 0.081640625 0.417578125 0.071484375 0.078125
0 0.01484375 0.2984375 0.029296875 0.058984375
0 0.0296875 0.5296875 0.058984375 0.091015625
0 0.230859375 0.715625 0.069921875 0.07734375
0 0.253515625 0.826171875 0.056640625 0.080078125