0 0.2734375 0.8265625 0.087109375 0.071484375
0 0.403125 0.880859375 0.08671875 0.05859375
0 0.498828125 0.726953125 0.064453125 0.0796875
0 0.58984375 0.749609375 0.075 0.06640625
0 0.605078125 0.858203125 0.052734375 0.08125
0 0.523828125 0.85546875 0.059375 0.0625
0 0.55546875 0.872265625 0.052734375 0.080859375
0 0.41875 0.5515625 0.08671875 0.056640625
0 0.495703125 0.56875 0.053125 0.081640625
0 0.4515625 0.382421875 0.0828125 0.076953125
0 0.5671875 0.323828125 0.062109375 0.076171875
0 0.64140625 0.41015625 0.06015625 0.080859375
0 0.696484375 0.446875 0.053125 0.083984375
0 0.92265625 0.05703125 0.07265625 0.06328125
0 0.89140625 0.06875 0.043359375 0.0765625
0 0.985546875 0.0515625 0.02890625 0.0328125
0 0.973046875 0.12578125 0.05390625 0.08046875
0 0.972265625 0.07734375 0.05546875 0.040625
0 0.92890625 0.1171875 0.06484375 0.06328125
0 0.8625 0.06640625 0.026171875 0.064453125
0 0.86796875 0.125 0.06015625 0.08125
0 0.90859375 0.15703125 0.08203125 0.062890625
0 0.80703125 0.064453125 0.05859375 0.093359375
0 0.757421875 0.08046875 0.052734375 0.085546875
0 0.71796875 0.069921875 0.044921875 0.0890625
0 0.703125 0.1203125 0.0578125 0.075
0 0.673046875 0.06953125 0.058984375 0.087109375
0 0.55 0.06328125 0.07109375 0.0703125
0 0.619140625 0.07265625 0.0734375 0.075390625
0 0.1625 0.09453125 0.064453125 0.0921875
0 0.195703125 0.0671875 0.07109375 0.078125
0 0.256640625 0.061328125 0.070703125 0.065234375
0 0.371875 0.0609375 0.06015625 0.09296875
0 0.342578125 0.07734375 0.05859375 0.087109375
0 0.287109375 0.06640625 0.06171875 0.06640625
0 0.433984375 0.062890625 0.065625 0.079296875
0 0.48671875 0.066796875 0.0765625 0.08359375
0 0.1984375 0.1796875 0.06015625 0.110546875
0 0.00859375 0.095703125 0.0171875 0.05078125
0 0.064453125 0.246875 0.069921875 0.077734375
0 0.04609375 0.083203125 0.084375 0.080078125
0 0.96796875 0.50546875 0.0640625 0.090625