0 0.837109375 0.86171875 0.078515625 0.088671875
0 0.930078125 0.84296875 0.06640625 0.07890625
0 0.980859375 0.788671875 0.03828125 0.05078125
0 0.977734375 0.8375 0.044140625 0.063671875
0 0.919140625 0.890234375 0.087890625 0.083984375
0 0.96640625 0.89765625 0.0671875 0.0625
0 0.651171875 0.67109375 0.0984375 0.06640625
0 0.7390625 0.583984375 0.101171875 0.06171875
0 0.7625 0.52265625 0.069921875 0.06484375
0 0.71015625 0.468359375 0.094921875 0.054296875
0 0.475 0.7609375 0.09921875 0.065625
0 0.631640625 0.829296875 0.060546875 0.074609375
0 0.68671875 0.813671875 0.06015625 0.096875
0 0.63046875 0.88828125 0.0796875 0.058203125
0 0.7015625 0.86171875 0.06796875 0.0734375
0 0.533984375 0.840625 0.0640625 0.090234375
0 0.326171875 0.83125 0.0734375 0.09765625
0 0.33671875 0.721875 0.071875 0.08515625
0 0.4453125 0.841796875 0.0640625 0.087890625
0 0.362109375 0.886328125 0.090234375 0.08203125
0 0.01875 0.67890625 0.037109375 0.063671875
0 0.323046875 0.478125 0.0703125 0.09296875
0 0.37734375 0.55 0.07421875 0.083203125
0 0.273046875 0.46796875 0.08125 0.06328125
0 0.103125 0.53515625 0.103515625 0.073046875
0 0.069140625 0.173046875 0.08125 0.096875
0 0.23125 0.091015625 0.076171875 0.07421875
0 0.1765625 0.141796875 0.091796875 0.0671875
0 0.13359375 0.166796875 0.062109375 0.08984375
0 0.78984375 0.109765625 0.098046875 0.076953125
0 0.464453125 0.124609375 0.07734375 0.08984375
0 0.619921875 0.09609375 0.08828125 0.065234375
0 0.64765625 0.127734375 0.0828125 0.06484375
0 0.6640625 0.1734375 0.121484375 0.090625
0 0.653515625 0.24375 0.091796875 0.070703125
0 0.73671875 0.257421875 0.09140625 0.0703125