0 0.93828125 0.5703125 0.059375 0.066796875
0 0.98828125 0.598046875 0.0234375 0.037890625
0 0.90234375 0.525390625 0.08515625 0.061328125
0 0.815234375 0.57890625 0.064453125 0.05859375
0 0.765234375 0.66015625 0.066796875 0.0546875
0 0.456640625 0.901953125 0.065234375 0.04765625
0 0.46796875 0.865234375 0.06953125 0.052734375
0 0.271875 0.865234375 0.069140625 0.05
0 0.27109375 0.81015625 0.08671875 0.053515625
0 0.2421875 0.747265625 0.08203125 0.051171875
0 0.05078125 0.630078125 0.048046875 0.0796875
0 0.219140625 0.6375 0.062890625 0.07265625
0 0.316015625 0.63671875 0.06796875 0.085546875
0 0.233203125 0.5203125 0.056640625 0.06328125
0 0.17265625 0.507421875 0.048828125 0.077734375
0 0.386328125 0.541015625 0.058984375 0.06015625
0 0.5375 0.55546875 0.050390625 0.07265625
0 0.59140625 0.5875 0.045703125 0.090625
0 0.6859375 0.540625 0.065625 0.068359375
0 0.66953125 0.483203125 0.054296875 0.072265625
0 0.603515625 0.44921875 0.077734375 0.0578125
0 0.7359375 0.46875 0.051171875 0.069921875
0 0.7828125 0.453125 0.05546875 0.065625
0 0.759375 0.409375 0.065234375 0.062109375