0 0.9765625 0.899609375 0.046484375 0.057421875
0 0.6828125 0.887109375 0.050390625 0.05859375
0 0.69765625 0.701953125 0.070703125 0.06015625
0 0.401953125 0.606640625 0.053515625 0.068359375
0 0.368359375 0.569921875 0.058984375 0.053515625
0 0.398828125 0.668359375 0.058203125 0.055078125
0 0.332421875 0.666015625 0.0625 0.05859375
0 0.3734375 0.72265625 0.07734375 0.05859375
0 0.40078125 0.794921875 0.08046875 0.068359375
0 0.323046875 0.798046875 0.055078125 0.08359375
0 0.090234375 0.826953125 0.091796875 0.052734375