0 0.01328125 0.171484375 0.026171875 0.052734375
0 0.31953125 0.128515625 0.051171875 0.0625
0 0.37734375 0.12890625 0.074609375 0.05546875
0 0.441796875 0.142578125 0.055078125 0.096875
0 0.35390625 0.2765625 0.054296875 0.0875
0 0.32578125 0.172265625 0.0609375 0.0703125
0 0.31015625 0.208203125 0.06640625 0.06953125
0 0.9 0.3984375 0.06640625 0.076171875
0 0.96171875 0.505078125 0.0765625 0.05703125
0 0.953515625 0.68671875 0.079296875 0.044140625
0 0.422265625 0.57578125 0.079296875 0.053515625
0 0.321484375 0.647265625 0.06953125 0.065234375
0 0.033203125 0.489453125 0.06640625 0.07734375
0 0.309375 0.480859375 0.065625 0.076171875
0 0.148828125 0.434765625 0.049609375 0.075390625
0 0.229296875 0.428125 0.08359375 0.048046875
0 0.19609375 0.366015625 0.0859375 0.062890625
0 0.115625 0.36015625 0.06328125 0.078515625
0 0.106640625 0.440625 0.061328125 0.07578125
0 0.069140625 0.378515625 0.0875 0.07265625
0 0.74921875 0.86875 0.030078125 0.0734375
0 0.716796875 0.862109375 0.047265625 0.05703125
0 0.69609375 0.888671875 0.0640625 0.05
0 0.64921875 0.8859375 0.059765625 0.051171875
0 0.607421875 0.88671875 0.036328125 0.04921875
0 0.569921875 0.891796875 0.05859375 0.057421875
0 0.591796875 0.850390625 0.057421875 0.04609375
0 0.623046875 0.844140625 0.04296875 0.060546875
0 0.655859375 0.824609375 0.054296875 0.083203125
0 0.59609375 0.81953125 0.06640625 0.03359375
0 0.61796875 0.796875 0.0609375 0.041796875
0 0.565234375 0.783984375 0.04609375 0.091796875
0 0.541015625 0.771875 0.05625 0.071875
0 0.49140625 0.819921875 0.055859375 0.07109375
0 0.539453125 0.84453125 0.0515625 0.056640625
0 0.51953125 0.8921875 0.053515625 0.05390625
0 0.477734375 0.883203125 0.060546875 0.06875
0 0.393359375 0.8921875 0.066015625 0.051953125
0 0.080078125 0.833984375 0.087890625 0.0640625
0 0.121875 0.76484375 0.062890625 0.062890625
0 0.40703125 0.752734375 0.05703125 0.060546875
0 0.451953125 0.754296875 0.04609375 0.08046875
0 0.362109375 0.825 0.07578125 0.0625
0 0.41328125 0.863671875 0.075390625 0.05546875