0 0.009375 0.165625 0.018359375 0.06953125
0 0.020703125 0.077734375 0.04140625 0.05390625
0 0.043359375 0.15859375 0.068359375 0.090625
0 0.051953125 0.097265625 0.05078125 0.0578125
0 0.07109375 0.07265625 0.053515625 0.063671875
0 0.090234375 0.1296875 0.06015625 0.063671875
0 0.11171875 0.0609375 0.069921875 0.05703125
0 0.12109375 0.106640625 0.056640625 0.084765625
0 0.171484375 0.118359375 0.084375 0.061328125
0 0.16484375 0.069140625 0.054296875 0.06953125
0 0.2046875 0.0734375 0.0625 0.075390625
0 0.255859375 0.076953125 0.052734375 0.08046875
0 0.314453125 0.071875 0.0734375 0.063671875
0 0.3703125 0.09296875 0.0765625 0.065625
0 0.454296875 0.091015625 0.055859375 0.07890625
0 0.571484375 0.07578125 0.06328125 0.06953125
0 0.61015625 0.151953125 0.069140625 0.083984375
0 0.6125 0.071875 0.06328125 0.072265625
0 0.660546875 0.072265625 0.05 0.0828125
0 0.702734375 0.0828125 0.05078125 0.095703125
0 0.750390625 0.09921875 0.07421875 0.06484375
0 0.771484375 0.0625 0.078515625 0.05625
0 0.800390625 0.151171875 0.07421875 0.06875
0 0.812890625 0.087109375 0.066015625 0.087109375
0 0.85390625 0.1140625 0.07265625 0.0578125
0 0.87421875 0.102734375 0.065234375 0.0671875
0 0.886328125 0.057421875 0.089453125 0.048046875
0 0.923046875 0.103125 0.044140625 0.101171875
0 0.9421875 0.1703125 0.0625 0.088671875
0 0.983984375 0.180078125 0.03203125 0.07578125
0 0.96171875 0.06171875 0.046875 0.0546875
0 0.966796875 0.110546875 0.06640625 0.06796875
0 0.98984375 0.08359375 0.0203125 0.0671875
0 0.187890625 0.282421875 0.068359375 0.099609375
0 0.126953125 0.6078125 0.068359375 0.074609375
0 0.23984375 0.5265625 0.069140625 0.06875
0 0.3640625 0.537109375 0.080859375 0.0578125
0 0.55546875 0.480078125 0.066796875 0.085546875
0 0.609375 0.490625 0.04765625 0.09375
0 0.923046875 0.824609375 0.092578125 0.0921875
0 0.77265625 0.6265625 0.053515625 0.085546875
0 0.712890625 0.63046875 0.07265625 0.078125
0 0.6859375 0.773046875 0.06328125 0.09140625
0 0.584375 0.862890625 0.079296875 0.072265625
0 0.30703125 0.89375 0.06328125 0.060546875
0 0.3828125 0.797265625 0.091796875 0.0578125
0 0.454296875 0.64453125 0.0625 0.08125
0 0.244921875 0.705859375 0.055859375 0.07734375
0 0.206640625 0.759765625 0.077734375 0.061328125
0 0.2046875 0.816796875 0.066796875 0.08203125
0 0.07890625 0.865625 0.066796875 0.03671875
0 0.048828125 0.883984375 0.08671875 0.033984375