0 0.9609375 0.811328125 0.078125 0.08359375
0 0.8140625 0.70234375 0.10859375 0.063671875
0 0.532421875 0.8140625 0.066796875 0.098828125
0 0.56875 0.879296875 0.079296875 0.0828125
0 0.640234375 0.878125 0.053125 0.0953125
0 0.688671875 0.84921875 0.06953125 0.06875
0 0.77265625 0.826953125 0.088671875 0.0765625
0 0.897265625 0.8109375 0.075 0.068359375
0 0.6765625 0.903125 0.071875 0.053125
0 0.72734375 0.861328125 0.051953125 0.08515625
0 0.731640625 0.9078125 0.074609375 0.050390625
0 0.787109375 0.876953125 0.076953125 0.053125
0 0.841796875 0.883984375 0.04375 0.090234375
0 0.876953125 0.872265625 0.067578125 0.083203125
0 0.957421875 0.8765625 0.08515625 0.0796875
0 0.922265625 0.90703125 0.094921875 0.06171875
0 0.9859375 0.908984375 0.028125 0.05546875
0 0.0484375 0.362890625 0.084765625 0.096875
0 0.1 0.412890625 0.075390625 0.08828125
0 0.032421875 0.0875 0.064453125 0.108984375
0 0.0859375 0.065625 0.048046875 0.06484375
0 0.1265625 0.075390625 0.0625 0.062109375
0 0.17578125 0.076171875 0.056640625 0.06171875
0 0.219140625 0.075 0.058984375 0.070703125
0 0.06875 0.116015625 0.053515625 0.082421875
0 0.12421875 0.112890625 0.07734375 0.087109375
0 0.096484375 0.134765625 0.064453125 0.11484375
0 0.18671875 0.13125 0.0625 0.087890625
0 0.246484375 0.11484375 0.078515625 0.06875
0 0.201171875 0.21171875 0.0578125 0.070703125
0 0.250390625 0.194921875 0.062890625 0.091796875
0 0.29921875 0.06875 0.060546875 0.065625
0 0.32578125 0.20625 0.062890625 0.087890625
0 0.316015625 0.08984375 0.043359375 0.048046875
0 0.348828125 0.077734375 0.0421875 0.068359375
0 0.390234375 0.071875 0.047265625 0.057421875
0 0.375390625 0.11484375 0.05390625 0.08671875
0 0.299609375 0.155078125 0.05 0.0890625
0 0.346484375 0.15078125 0.051953125 0.080859375
0 0.42109375 0.1203125 0.053125 0.084375
0 0.43984375 0.062109375 0.07734375 0.037109375
0 0.4625 0.1125 0.057421875 0.08125
0 0.543359375 0.095703125 0.08984375 0.065234375
0 0.500390625 0.08046875 0.052734375 0.080078125
0 0.612890625 0.076953125 0.06484375 0.0734375
0 0.619140625 0.119921875 0.06328125 0.084375
0 0.659765625 0.090625 0.04375 0.09296875
0 0.686328125 0.071484375 0.051171875 0.0703125
0 0.732421875 0.0578125 0.06640625 0.04609375
0 0.734375 0.09921875 0.0578125 0.0765625
0 0.713671875 0.109375 0.05 0.061328125
0 0.8453125 0.08046875 0.062890625 0.08046875
0 0.789453125 0.09140625 0.0625 0.09140625
0 0.976953125 0.071484375 0.04609375 0.077734375
0 0.915234375 0.096875 0.078125 0.07578125
0 0.977734375 0.32578125 0.04453125 0.09296875
0 0.7921875 0.913671875 0.074609375 0.0484375