0 0.914453125 0.072265625 0.062109375 0.0875
0 0.85 0.070703125 0.0828125 0.072265625
0 0.772265625 0.072265625 0.05546875 0.062890625
0 0.802734375 0.165234375 0.057421875 0.08046875
0 0.802734375 0.1 0.065234375 0.064453125
0 0.7296875 0.078125 0.041796875 0.071484375
0 0.75703125 0.142578125 0.051171875 0.075
0 0.71953125 0.125390625 0.048046875 0.067578125
0 0.716796875 0.18984375 0.082421875 0.0609375
0 0.700390625 0.04609375 0.04765625 0.0921875
0 0.673046875 0.11875 0.0578125 0.0484375
0 0.684765625 0.159765625 0.06171875 0.05390625
0 0.659375 0.083203125 0.05390625 0.084765625
0 0.637890625 0.17734375 0.051171875 0.09453125
0 0.600390625 0.23125 0.07421875 0.08671875
0 0.544921875 0.22421875 0.050390625 0.096875
0 0.511328125 0.1671875 0.074609375 0.084375
0 0.580078125 0.089453125 0.048828125 0.094921875
0 0.630078125 0.05703125 0.03828125 0.048828125
0 0.6125 0.08125 0.03984375 0.038671875
0 0.54453125 0.08046875 0.050390625 0.0796875
0 0.5 0.0625 0.05390625 0.058984375
0 0.46171875 0.062890625 0.066796875 0.0421875
0 0.495703125 0.103125 0.07265625 0.0484375
0 0.453515625 0.115625 0.043359375 0.084375
0 0.4015625 0.087109375 0.080078125 0.08046875
0 0.39765625 0.198828125 0.0796875 0.076171875
0 0.365625 0.250390625 0.084765625 0.062890625
0 0.290234375 0.088671875 0.087890625 0.06640625
0 0.630078125 0.34140625 0.083203125 0.066015625
0 0.55234375 0.35234375 0.085546875 0.06328125
0 0.60390625 0.408203125 0.094921875 0.065234375
0 0.75078125 0.619921875 0.061328125 0.0828125
0 0.871484375 0.634765625 0.0671875 0.103515625
0 0.39921875 0.702734375 0.053515625 0.08125
0 0.34921875 0.78828125 0.06875 0.0953125
0 0.477734375 0.841015625 0.07265625 0.069140625
0 0.4671875 0.891796875 0.06640625 0.0765625
0 0.528515625 0.888671875 0.069921875 0.065625
0 0.583203125 0.8953125 0.05546875 0.0734375
0 0.631640625 0.892578125 0.054296875 0.071875
0 0.671875 0.890625 0.0453125 0.084765625
0 0.7078125 0.89453125 0.05703125 0.076171875
0 0.94140625 0.779296875 0.06015625 0.078515625
0 0.855078125 0.759765625 0.094140625 0.060546875
0 0.758203125 0.857421875 0.06484375 0.071875
0 0.833984375 0.819921875 0.06796875 0.0734375
0 0.81015625 0.889453125 0.046875 0.087109375
0 0.76640625 0.903515625 0.074609375 0.055859375
0 0.891015625 0.904296875 0.080078125 0.065234375
0 0.916796875 0.878515625 0.08203125 0.051953125
0 0.923046875 0.847265625 0.06640625 0.03359375
0 0.961328125 0.851953125 0.04140625 0.07265625
0 0.90703125 0.803515625 0.065625 0.044921875
0 0.98828125 0.847265625 0.0234375 0.073828125
0 0.954296875 0.909765625 0.059375 0.039453125
0 0.987890625 0.90625 0.02421875 0.040625
0 0.9796875 0.583984375 0.040234375 0.0796875
0 0.974609375 0.639453125 0.05078125 0.06796875
0 0.940625 0.35390625 0.08828125 0.076953125
0 0.991015625 0.337890625 0.017578125 0.070703125
0 0.140234375 0.203515625 0.087890625 0.084765625
0 0.165234375 0.120703125 0.0546875 0.0890625
0 0.194921875 0.09296875 0.07578125 0.08203125
0 0.128515625 0.0796875 0.058203125 0.05625
0 0.066796875 0.069140625 0.07578125 0.072265625
0 0.041796875 0.164453125 0.06328125 0.081640625
0 0.06015625 0.12109375 0.078515625 0.06015625
0 0.018359375 0.08203125 0.03671875 0.0546875
0 0.015234375 0.14453125 0.03046875 0.071875
0 0.0234375 0.201953125 0.046875 0.059765625
0 0.01953125 0.401171875 0.0390625 0.085546875
0 0.0640625 0.42265625 0.0828125 0.067578125
0 0.27890625 0.675390625 0.06484375 0.08671875
0 0.22109375 0.725 0.100390625 0.05625
0 0.248828125 0.814453125 0.06875 0.096484375
0 0.598046875 0.16640625 0.062109375 0.07109375
0 0.613671875 0.116796875 0.05859375 0.04609375
0 0.128125 0.1390625 0.059765625 0.07734375