0 0.734375 0.814453125 0.0671875 0.0875
0 0.66328125 0.86875 0.08125 0.0828125
0 0.430078125 0.65390625 0.075 0.0828125
0 0.465234375 0.079296875 0.08515625 0.071875
0 0.706640625 0.112890625 0.07265625 0.082421875
0 0.680078125 0.144140625 0.06796875 0.0609375
0 0.012890625 0.0796875 0.025390625 0.060546875
0 0.01953125 0.19765625 0.0390625 0.077734375
0 0.07421875 0.149609375 0.071484375 0.0640625
0 0.258203125 0.230859375 0.06484375 0.0765625
0 0.29140625 0.09921875 0.0734375 0.065234375
0 0.375 0.108984375 0.063671875 0.08515625