0 0.989453125 0.8734375 0.02109375 0.05
0 0.938671875 0.880078125 0.062109375 0.069921875
0 0.881640625 0.8671875 0.0703125 0.06015625
0 0.810546875 0.85859375 0.057421875 0.05703125
0 0.88984375 0.819140625 0.06171875 0.08046875
0 0.713671875 0.815234375 0.06328125 0.062109375
0 0.623046875 0.73828125 0.0765625 0.0625
0 0.50546875 0.841796875 0.053125 0.075390625
0 0.635546875 0.583203125 0.049609375 0.073046875
0 0.44921875 0.633984375 0.070703125 0.058203125
0 0.38984375 0.590234375 0.05078125 0.076953125
0 0.92734375 0.22578125 0.0625 0.06484375
0 0.573828125 0.284375 0.04921875 0.07421875
0 0.327734375 0.391796875 0.075 0.048046875
0 0.244140625 0.362890625 0.066796875 0.0703125
0 0.06171875 0.416796875 0.087109375 0.048046875
0 0.297265625 0.301953125 0.082421875 0.059375
0 0.15859375 0.171484375 0.078515625 0.065234375
0 0.719140625 0.21328125 0.0453125 0.08125
0 0.63671875 0.201171875 0.07265625 0.046484375
0 0.567578125 0.203125 0.04375 0.06875
0 0.6 0.144140625 0.044921875 0.071484375
0 0.55234375 0.145703125 0.050390625 0.083203125