0 0.016015625 0.093359375 0.03046875 0.05859375
0 0.105078125 0.076953125 0.05234375 0.04921875
0 0.146484375 0.076953125 0.04609375 0.06796875
0 0.188671875 0.094921875 0.06171875 0.07109375
0 0.22578125 0.226171875 0.0671875 0.07421875
0 0.475 0.06953125 0.0546875 0.0703125
0 0.509765625 0.101171875 0.03828125 0.06953125
0 0.536328125 0.12890625 0.03203125 0.0546875
0 0.552734375 0.08125 0.04453125 0.0515625
0 0.556640625 0.113671875 0.02890625 0.03984375
0 0.605078125 0.0640625 0.06171875 0.0390625
0 0.64921875 0.060546875 0.0609375 0.04921875
0 0.716796875 0.078515625 0.06796875 0.07578125
0 0.694921875 0.10859375 0.06640625 0.065625
0 0.635546875 0.100390625 0.04609375 0.04296875
0 0.58984375 0.1078125 0.0578125 0.0703125
0 0.616796875 0.1421875 0.04453125 0.0734375
0 0.665234375 0.135546875 0.05546875 0.06953125
0 0.778515625 0.076953125 0.07109375 0.06015625
0 0.8203125 0.132421875 0.046875 0.07265625
0 0.840625 0.091015625 0.0453125 0.06640625
0 0.85234375 0.06953125 0.028125 0.0453125
0 0.88203125 0.085546875 0.040625 0.07890625
0 0.9203125 0.0875 0.0421875 0.0703125
0 0.895703125 0.2421875 0.06953125 0.06875
0 0.985546875 0.28828125 0.02890625 0.0546875
0 0.830078125 0.562109375 0.08671875 0.06328125
0 0.57890625 0.647265625 0.0734375 0.05390625
0 0.4296875 0.654296875 0.075 0.06484375
0 0.092578125 0.527734375 0.09609375 0.05234375
0 0.034375 0.60390625 0.0640625 0.059375
0 0.0828125 0.63125 0.0453125 0.06875
0 0.0953125 0.68359375 0.13125 0.0515625
0 0.1421875 0.73359375 0.059375 0.078125
0 0.13359375 0.812109375 0.0546875 0.08984375
0 0.05546875 0.859375 0.078125 0.046875
0 0.01953125 0.88203125 0.0359375 0.0671875
0 0.046875 0.925 0.0546875 0.0796875
0 0.09453125 0.917578125 0.05625 0.06953125
0 0.146484375 0.925 0.06484375 0.0734375
0 0.182421875 0.862890625 0.05546875 0.07421875
0 0.234375 0.848828125 0.071875 0.04921875
0 0.416796875 0.80703125 0.07890625 0.0578125
0 0.34453125 0.875390625 0.0609375 0.04296875
0 0.396875 0.873046875 0.078125 0.05859375
0 0.445703125 0.8796875 0.03828125 0.075
0 0.51640625 0.915234375 0.0625 0.05703125
0 0.465234375 0.91875 0.05703125 0.0609375
0 0.416015625 0.920703125 0.05859375 0.05703125
0 0.309375 0.92890625 0.078125 0.0609375
0 0.75546875 0.7609375 0.059375 0.08125
0 0.89296875 0.862109375 0.053125 0.06328125
0 0.91328125 0.92890625 0.059375 0.078125
0 0.948046875 0.910546875 0.04609375 0.05078125
0 0.969921875 0.95234375 0.05546875 0.0578125