0 0.691015625 0.73671875 0.058203125 0.093359375
0 0.8765625 0.85859375 0.065625 0.039453125
0 0.935546875 0.861328125 0.062109375 0.04140625
0 0.664453125 0.880078125 0.071875 0.0734375
0 0.260546875 0.84375 0.06640625 0.08046875
0 0.375 0.67890625 0.062890625 0.0921875
0 0.563671875 0.887890625 0.083984375 0.07109375
0 0.479296875 0.799609375 0.080859375 0.069921875
0 0.426953125 0.85078125 0.05234375 0.07734375
0 0.53984375 0.826953125 0.0796875 0.0609375
0 0.48203125 0.84921875 0.070703125 0.0640625
0 0.522265625 0.8765625 0.0609375 0.0578125
0 0.464453125 0.880078125 0.0609375 0.084375
0 0.77578125 0.316015625 0.073828125 0.07578125
0 0.61796875 0.469921875 0.06015625 0.073046875
0 0.6734375 0.40625 0.074609375 0.05859375
0 0.32578125 0.078515625 0.0578125 0.08046875
0 0.371484375 0.0828125 0.062109375 0.08828125
0 0.41875 0.075 0.048828125 0.063671875
0 0.4484375 0.06640625 0.070703125 0.06953125
0 0.54453125 0.063671875 0.0734375 0.070703125
0 0.655859375 0.075 0.076171875 0.077734375
0 0.505859375 0.0875 0.057421875 0.084765625
0 0.418359375 0.12890625 0.086328125 0.059765625
0 0.0125 0.09140625 0.024609375 0.078515625
0 0.170703125 0.07421875 0.068359375 0.07734375