0 0.01875 0.16875 0.037109375 0.062890625
0 0.01015625 0.125 0.0203125 0.040625
0 0.033984375 0.123046875 0.041796875 0.071484375
0 0.015625 0.0828125 0.030859375 0.051953125
0 0.05234375 0.07734375 0.06484375 0.05078125
0 0.06640625 0.1203125 0.058984375 0.073046875
0 0.1203125 0.112890625 0.04921875 0.056640625
0 0.101953125 0.162890625 0.0734375 0.05625
0 0.10546875 0.068359375 0.047265625 0.05078125
0 0.146484375 0.073828125 0.052734375 0.058203125
0 0.169921875 0.10390625 0.055078125 0.06640625
0 0.16171875 0.1734375 0.05625 0.080859375
0 0.200390625 0.14765625 0.054296875 0.08828125
0 0.2 0.083984375 0.055078125 0.07890625
0 0.0484375 0.187890625 0.087109375 0.060546875
0 0.10234375 0.2203125 0.084375 0.061328125
0 0.24453125 0.085546875 0.0578125 0.076953125
0 0.23046875 0.164453125 0.053515625 0.08515625
0 0.28125 0.13828125 0.06484375 0.064453125
0 0.286328125 0.18984375 0.08359375 0.076171875
0 0.284375 0.0796875 0.04609375 0.079296875
0 0.324609375 0.065625 0.047265625 0.105859375
0 0.33359375 0.146484375 0.0578125 0.075
0 0.35546875 0.195703125 0.060546875 0.075
0 0.380078125 0.069140625 0.07109375 0.05234375
0 0.384765625 0.11953125 0.055859375 0.08515625
0 0.43125 0.120703125 0.055078125 0.07109375
0 0.428515625 0.071875 0.058203125 0.06796875
0 0.46015625 0.10078125 0.04375 0.094921875
0 0.4953125 0.0953125 0.05 0.071484375
0 0.528515625 0.073828125 0.059375 0.06953125
0 0.55 0.123828125 0.073828125 0.061328125
0 0.392578125 0.18828125 0.055078125 0.08515625
0 0.24375 0.2484375 0.066796875 0.08125
0 0.5859375 0.0890625 0.047265625 0.08984375
0 0.609375 0.17109375 0.05703125 0.08125
0 0.6265625 0.091015625 0.04609375 0.08984375
0 0.665234375 0.06796875 0.0453125 0.064453125
0 0.657421875 0.12578125 0.052734375 0.080078125
0 0.73046875 0.144140625 0.0890625 0.050390625
0 0.688671875 0.110546875 0.042578125 0.064453125
0 0.707421875 0.065234375 0.04296875 0.048828125
0 0.73125 0.097265625 0.046875 0.0546875
0 0.752734375 0.123046875 0.061328125 0.053125
0 0.749609375 0.069140625 0.042578125 0.060546875
0 0.80390625 0.108203125 0.04921875 0.088671875
0 0.791796875 0.066796875 0.047265625 0.070703125
0 0.839453125 0.0671875 0.051953125 0.065625
0 0.883203125 0.063671875 0.057421875 0.062890625
0 0.88046875 0.108984375 0.081640625 0.082421875
0 0.949609375 0.073046875 0.062109375 0.09296875
0 0.9671875 0.1515625 0.065234375 0.05703125
0 0.903125 0.233984375 0.091015625 0.088671875
0 0.924609375 0.31796875 0.090234375 0.063671875
0 0.734765625 0.241796875 0.076171875 0.08359375
0 0.576953125 0.26171875 0.08671875 0.0703125
0 0.53515625 0.175390625 0.059765625 0.089453125
0 0.783984375 0.367578125 0.0859375 0.06640625
0 0.337890625 0.288671875 0.087890625 0.067578125
0 0.18984375 0.39375 0.1015625 0.057421875
0 0.412890625 0.374609375 0.073046875 0.078125
0 0.48671875 0.377734375 0.063671875 0.08671875
0 0.3796875 0.434765625 0.089453125 0.062109375
0 0.322265625 0.4609375 0.066015625 0.08359375
0 0.260546875 0.500390625 0.093359375 0.0578125
0 0.133984375 0.569140625 0.08125 0.058984375
0 0.25625 0.616796875 0.084765625 0.06796875
0 0.4796875 0.558984375 0.09453125 0.060546875
0 0.3375 0.745703125 0.100390625 0.123046875
0 0.028125 0.625390625 0.0546875 0.063671875
0 0.01484375 0.7375 0.029296875 0.06640625
0 0.01484375 0.8734375 0.029296875 0.063671875
0 0.08359375 0.881640625 0.040234375 0.046875
0 0.139453125 0.861328125 0.0703125 0.080078125
0 0.21328125 0.847265625 0.07578125 0.085546875
0 0.259375 0.8625 0.0765625 0.0796875
0 0.312109375 0.92890625 0.06796875 0.099609375
0 0.478515625 0.7890625 0.07265625 0.0734375
0 0.562890625 0.802734375 0.074609375 0.0765625
0 0.53515625 0.86171875 0.046484375 0.0828125
0 0.483203125 0.8625 0.070703125 0.065625
0 0.573046875 0.899609375 0.06953125 0.065234375
0 0.626953125 0.8953125 0.067578125 0.068359375
0 0.64453125 0.866796875 0.061328125 0.07265625
0 0.70234375 0.891796875 0.055859375 0.077734375
0 0.753125 0.90078125 0.069921875 0.07578125
0 0.78203125 0.8875 0.059765625 0.080859375
0 0.803125 0.86875 0.044140625 0.054296875
0 0.828125 0.867578125 0.036328125 0.06015625
0 0.836328125 0.911328125 0.051171875 0.05
0 0.875390625 0.896484375 0.066796875 0.0765625
0 0.8859375 0.84296875 0.06875 0.080078125
0 0.923046875 0.892578125 0.055078125 0.0875
0 0.959765625 0.900390625 0.05546875 0.07734375
0 0.984765625 0.90078125 0.03046875 0.083203125
0 0.98828125 0.7765625 0.0234375 0.0453125
0 0.799609375 0.810546875 0.05625 0.081640625
0 0.6078125 0.616796875 0.08359375 0.066796875
0 0.6890625 0.66171875 0.087890625 0.055859375
0 0.799609375 0.718359375 0.084765625 0.07109375
0 0.7359375 0.499609375 0.0703125 0.087890625
0 0.9046875 0.539453125 0.09296875 0.05625
0 0.9765625 0.525 0.046875 0.060546875
0 0.97109375 0.466796875 0.0578125 0.06953125
0 0.82734375 0.433984375 0.103515625 0.0609375