0 0.21796875 0.09765625 0.078125 0.074609375
0 0.520703125 0.1109375 0.07890625 0.075
0 0.306640625 0.4359375 0.093359375 0.067578125
0 0.467578125 0.6140625 0.05859375 0.08203125
0 0.515234375 0.721484375 0.0625 0.07734375
0 0.2375 0.720703125 0.080078125 0.07109375
0 0.41796875 0.776953125 0.06640625 0.080859375
0 0.26953125 0.83828125 0.087890625 0.066796875
0 0.36640625 0.865625 0.09296875 0.0703125
0 0.03671875 0.72109375 0.0734375 0.082421875
0 0.65703125 0.771875 0.08671875 0.065234375
0 0.97734375 0.918359375 0.0453125 0.0859375
0 0.965234375 0.784375 0.06953125 0.095703125
0 0.973046875 0.69375 0.05390625 0.0625
0 0.975390625 0.608203125 0.04921875 0.06953125
0 0.926171875 0.62578125 0.079296875 0.059765625
0 0.9171875 0.665625 0.094921875 0.058203125
0 0.764453125 0.631640625 0.088671875 0.069140625
0 0.907421875 0.74140625 0.10546875 0.065625
0 0.9265625 0.8078125 0.08671875 0.068359375
0 0.930078125 0.846484375 0.075 0.0421875
0 0.7984375 0.862109375 0.07109375 0.072265625
0 0.8453125 0.85546875 0.05390625 0.07421875
0 0.876953125 0.84375 0.064453125 0.0828125
0 0.7140625 0.859375 0.05546875 0.083203125
0 0.669140625 0.846484375 0.06484375 0.072265625
0 0.957421875 0.1640625 0.08515625 0.075