0 0.017578125 0.184375 0.034765625 0.0765625
0 0.024609375 0.272265625 0.048828125 0.065625
0 0.07578125 0.65859375 0.07578125 0.08203125
0 0.14453125 0.78984375 0.0859375 0.0796875
0 0.393359375 0.798046875 0.0609375 0.10078125
0 0.54765625 0.864453125 0.079296875 0.06640625
0 0.50234375 0.896484375 0.08125 0.05625
0 0.712109375 0.798046875 0.062109375 0.086328125
0 0.56171875 0.709765625 0.075390625 0.06484375
0 0.619140625 0.717578125 0.0703125 0.076171875
0 0.620703125 0.78203125 0.072265625 0.09296875
0 0.343359375 0.568359375 0.070703125 0.070703125
0 0.325390625 0.7140625 0.080078125 0.06171875