0 0.151953125 0.098046875 0.056640625 0.035546875
0 0.211328125 0.126171875 0.05546875 0.038671875
0 0.2109375 0.0890625 0.067578125 0.050390625
0 0.13828125 0.146875 0.04296875 0.054296875
0 0.1609375 0.1328125 0.043359375 0.04765625
0 0.1953125 0.151953125 0.050390625 0.052734375
0 0.13515625 0.2 0.061328125 0.060546875
0 0.171875 0.2046875 0.0703125 0.044140625
0 0.1734375 0.237109375 0.066796875 0.030078125
0 0.138671875 0.2453125 0.04921875 0.056640625
0 0.211328125 0.201953125 0.052734375 0.065625
0 0.2484375 0.170703125 0.06875 0.0578125
0 0.2859375 0.170703125 0.064453125 0.076171875
0 0.284375 0.12734375 0.094921875 0.05390625
0 0.248046875 0.126171875 0.044140625 0.046484375
0 0.270703125 0.09609375 0.060546875 0.037109375
0 0.314453125 0.101171875 0.0765625 0.07578125
0 0.271875 0.216015625 0.04921875 0.04453125
0 0.2453125 0.21640625 0.047265625 0.0546875
0 0.23515625 0.26015625 0.08125 0.04921875
0 0.19609375 0.2625 0.05546875 0.0390625
0 0.154296875 0.264453125 0.055078125 0.0359375
0 0.148046875 0.2921875 0.076171875 0.0328125
0 0.169140625 0.31484375 0.0578125 0.04921875
0 0.20703125 0.29296875 0.05390625 0.04375
0 0.2515625 0.301171875 0.078125 0.050390625
0 0.332421875 0.290625 0.076953125 0.06171875
0 0.289453125 0.261328125 0.069921875 0.06171875
0 0.145703125 0.328515625 0.062109375 0.044140625
0 0.20703125 0.333203125 0.075 0.03828125
0 0.24609375 0.351953125 0.094921875 0.039453125
0 0.297265625 0.33046875 0.11015625 0.051171875
0 0.22109375 0.3703125 0.08515625 0.0328125
0 0.179296875 0.364453125 0.05078125 0.030078125
0 0.1453125 0.3671875 0.058984375 0.040625
0 0.205078125 0.403515625 0.066015625 0.052734375
0 0.2703125 0.448828125 0.1015625 0.0609375
0 0.24453125 0.423828125 0.06640625 0.041015625
0 0.194140625 0.448046875 0.0703125 0.037109375
0 0.16875 0.397265625 0.06328125 0.04140625
0 0.144140625 0.413671875 0.058984375 0.054296875
0 0.1515625 0.45234375 0.055859375 0.040625
0 0.167578125 0.479296875 0.07578125 0.045703125
0 0.122265625 0.494140625 0.084375 0.057421875
0 0.145703125 0.528125 0.04140625 0.044140625
0 0.169921875 0.52890625 0.05625 0.042578125
0 0.20546875 0.516015625 0.053515625 0.042578125
0 0.208984375 0.48515625 0.06875 0.03515625
0 0.23125 0.469140625 0.066015625 0.035546875
0 0.29453125 0.4953125 0.075 0.055078125
0 0.26015625 0.51015625 0.07265625 0.06171875
0 0.231640625 0.52734375 0.0484375 0.061328125
0 0.212109375 0.547265625 0.07734375 0.0375
0 0.27890625 0.548828125 0.0859375 0.0453125
0 0.153515625 0.566796875 0.069921875 0.04140625
0 0.14609375 0.599609375 0.057421875 0.0390625
0 0.178515625 0.58046875 0.058203125 0.03984375
0 0.215234375 0.584375 0.049609375 0.045703125
0 0.248828125 0.59296875 0.046484375 0.0640625
0 0.28515625 0.578515625 0.087109375 0.046875
0 0.344921875 0.54921875 0.07890625 0.046875
0 0.345703125 0.45625 0.079296875 0.0578125
0 0.293359375 0.613671875 0.07109375 0.04375
0 0.39296875 0.5953125 0.07734375 0.06171875
0 0.43359375 0.5515625 0.073828125 0.05234375
0 0.21953125 0.61953125 0.074609375 0.041015625
0 0.2375 0.648828125 0.0734375 0.04375
0 0.180078125 0.613671875 0.058203125 0.03984375
0 0.15078125 0.627734375 0.04140625 0.044921875
0 0.2015625 0.661328125 0.04921875 0.0390625
0 0.145703125 0.684765625 0.071875 0.037109375
0 0.153515625 0.6609375 0.0625 0.03984375
0 0.1734375 0.64296875 0.045703125 0.031640625
0 0.15546875 0.721875 0.047265625 0.052734375
0 0.227734375 0.691015625 0.073828125 0.04453125
0 0.194140625 0.70390625 0.044921875 0.058203125
0 0.22890625 0.726171875 0.0734375 0.032421875
0 0.165625 0.751953125 0.0515625 0.034375
0 0.251171875 0.75703125 0.077734375 0.03828125
0 0.20234375 0.754296875 0.04921875 0.0390625
0 0.15390625 0.78125 0.058203125 0.033203125
0 0.19140625 0.78359375 0.060546875 0.0390625
0 0.228125 0.79453125 0.0578125 0.04296875
0 0.16796875 0.808984375 0.06484375 0.03359375
0 0.1921875 0.830078125 0.07734375 0.037890625
0 0.15625 0.85234375 0.044921875 0.05859375
0 0.189453125 0.8625 0.07109375 0.05
0 0.21875 0.871484375 0.072265625 0.04375
0 0.284375 0.791796875 0.0875 0.062890625
0 0.241015625 0.876171875 0.069921875 0.0109375
0 0.246875 0.826953125 0.0484375 0.05078125
0 0.26953125 0.887109375 0.048828125 0.064453125
0 0.29765625 0.88359375 0.045703125 0.075390625
0 0.33125 0.868359375 0.056640625 0.07265625
0 0.365234375 0.869140625 0.082421875 0.06953125
0 0.41328125 0.744140625 0.0625 0.064453125
0 0.316796875 0.700390625 0.053125 0.0625
0 0.298828125 0.683203125 0.05625 0.071875
0 0.355859375 0.65625 0.0921875 0.059765625
0 0.4078125 0.679296875 0.075390625 0.078515625
0 0.4078125 0.677734375 0.01796875 0.002734375
0 0.461328125 0.660546875 0.078125 0.052734375
0 0.537890625 0.64921875 0.048046875 0.0765625
0 0.617578125 0.70625 0.06796875 0.062890625
0 0.566015625 0.74609375 0.0484375 0.080078125
0 0.65078125 0.8640625 0.067578125 0.0734375
0 0.670703125 0.798828125 0.07109375 0.061328125
0 0.759375 0.8671875 0.05859375 0.0703125
0 0.808203125 0.7671875 0.078515625 0.053125
0 0.898046875 0.7671875 0.046875 0.084375
0 0.73671875 0.676953125 0.080859375 0.04296875
0 0.64375 0.580859375 0.070703125 0.0484375
0 0.768359375 0.549609375 0.065234375 0.053515625
0 0.5296875 0.51953125 0.082421875 0.037890625
0 0.5171875 0.48046875 0.076171875 0.048046875
0 0.546875 0.4296875 0.0578125 0.0703125
0 0.468359375 0.423046875 0.073828125 0.040625
0 0.41015625 0.379296875 0.1 0.044921875
0 0.35234375 0.40703125 0.0640625 0.0515625
0 0.3296875 0.381640625 0.07265625 0.068359375
0 0.501953125 0.363671875 0.073046875 0.043359375
0 0.420703125 0.301953125 0.054296875 0.07578125
0 0.45546875 0.309765625 0.08046875 0.041796875
0 0.52421875 0.300390625 0.075 0.06015625
0 0.539453125 0.33984375 0.071484375 0.041796875
0 0.5953125 0.386328125 0.050390625 0.05625
0 0.605078125 0.30078125 0.073046875 0.053515625
0 0.34140625 0.2515625 0.081640625 0.041015625
0 0.316015625 0.23046875 0.0484375 0.025390625
0 0.449609375 0.2640625 0.0765625 0.052734375
0 0.5125 0.246484375 0.090234375 0.04765625
0 0.467578125 0.238671875 0.059765625 0.04296875
0 0.416015625 0.213671875 0.046875 0.06015625
0 0.400390625 0.2078125 0.044140625 0.06875
0 0.385546875 0.228515625 0.05 0.066796875
0 0.347265625 0.2140625 0.068359375 0.04296875
0 0.330078125 0.1796875 0.046484375 0.059375
0 0.364453125 0.1765625 0.06640625 0.07578125
0 0.373828125 0.1421875 0.050390625 0.044140625
0 0.359375 0.09375 0.078515625 0.06875
0 0.389453125 0.076953125 0.04375 0.066796875
0 0.5359375 0.215625 0.07109375 0.055859375
0 0.549609375 0.1875 0.07421875 0.068359375
0 0.56875 0.173046875 0.076953125 0.071875
0 0.6109375 0.221875 0.042578125 0.05234375
0 0.47578125 0.204296875 0.06640625 0.04296875
0 0.45546875 0.22109375 0.036328125 0.045703125
0 0.430078125 0.168359375 0.062109375 0.051953125
0 0.401953125 0.171484375 0.037109375 0.03203125
0 0.426953125 0.12578125 0.062109375 0.053515625
0 0.477734375 0.17734375 0.0640625 0.03515625
0 0.486328125 0.15078125 0.0640625 0.0453125
0 0.470703125 0.11328125 0.079296875 0.045703125
0 0.4203125 0.08125 0.04609375 0.06171875
0 0.44296875 0.0859375 0.044921875 0.0484375
0 0.49296875 0.085546875 0.055859375 0.040625
0 0.525390625 0.130078125 0.046484375 0.06015625
0 0.548046875 0.097265625 0.05078125 0.062890625
0 0.618359375 0.169921875 0.07890625 0.0828125
0 0.578515625 0.125390625 0.064453125 0.05546875
0 0.63359375 0.141015625 0.042578125 0.072265625
0 0.66484375 0.136328125 0.06640625 0.07109375
0 0.686328125 0.112109375 0.047265625 0.08203125
0 0.6546875 0.066015625 0.044140625 0.06171875
0 0.640625 0.106640625 0.058203125 0.046875
0 0.5921875 0.06953125 0.04609375 0.0546875
0 0.62421875 0.073046875 0.036328125 0.048828125
0 0.687890625 0.071484375 0.043359375 0.051171875
0 0.677734375 0.259765625 0.04375 0.058984375
0 0.690625 0.214453125 0.051171875 0.05546875
0 0.72734375 0.228125 0.06484375 0.055859375
0 0.72890625 0.175 0.041015625 0.06328125
0 0.709765625 0.137109375 0.050390625 0.05703125
0 0.74921875 0.162109375 0.03671875 0.0625
0 0.78125 0.198828125 0.0421875 0.05390625
0 0.7859375 0.146484375 0.04921875 0.07109375
0 0.7546875 0.1265625 0.039453125 0.04921875
0 0.721484375 0.10625 0.04375 0.049609375
0 0.733203125 0.092578125 0.065234375 0.04609375
0 0.77578125 0.084375 0.06328125 0.037890625
0 0.79765625 0.124609375 0.062109375 0.0484375
0 0.814453125 0.09140625 0.044140625 0.041015625
0 0.845703125 0.1265625 0.04140625 0.085546875
0 0.7 0.423828125 0.056640625 0.047265625
0 0.752734375 0.355078125 0.0546875 0.060546875
0 0.801953125 0.340625 0.07109375 0.0484375
0 0.783203125 0.288671875 0.078125 0.051171875
0 0.7390625 0.483984375 0.065625 0.043359375
0 0.891015625 0.265234375 0.0546875 0.071484375
0 0.813671875 0.242578125 0.080859375 0.0453125
0 0.9265625 0.356640625 0.062109375 0.07109375
0 0.959375 0.305078125 0.065625 0.0484375
0 0.975 0.440625 0.05 0.04140625
0 0.925 0.5109375 0.066015625 0.044140625
0 0.9828125 0.529296875 0.034375 0.05078125
0 0.973828125 0.796875 0.051953125 0.057421875
0 0.95078125 0.82578125 0.040625 0.056640625
0 0.974609375 0.8625 0.05078125 0.059375
0 0.98359375 0.903125 0.032421875 0.03515625
0 0.973828125 0.205078125 0.040234375 0.0546875
0 0.99609375 0.197265625 0.0078125 0.053125
0 0.98359375 0.139453125 0.0328125 0.062890625
0 0.93828125 0.1765625 0.07265625 0.05625
0 0.930859375 0.11328125 0.048828125 0.073046875
0 0.883203125 0.106640625 0.06328125 0.075
0 0.894921875 0.109765625 0.05234375 0.074609375
0 0.90703125 0.080859375 0.027734375 0.027734375
0 0.925 0.08203125 0.02734375 0.028515625
0 0.95390625 0.100390625 0.036328125 0.0703125
0 0.973828125 0.094140625 0.0296875 0.062890625
0 0.98984375 0.089453125 0.019921875 0.054296875