0 0.93671875 0.0875 0.065625 0.090234375
0 0.96796875 0.134765625 0.058984375 0.10078125
0 0.984375 0.084375 0.03125 0.05625
0 0.734765625 0.076171875 0.065234375 0.086328125
0 0.776953125 0.094921875 0.058984375 0.077734375
0 0.653515625 0.41640625 0.076953125 0.07578125
0 0.7015625 0.666015625 0.06953125 0.06953125
0 0.85390625 0.847265625 0.076953125 0.080859375
0 0.9703125 0.89375 0.05546875 0.0765625
0 0.91875 0.89609375 0.073046875 0.067578125
0 0.863671875 0.901953125 0.085546875 0.06796875
0 0.81328125 0.896875 0.0765625 0.0671875
0 0.68125 0.864453125 0.065234375 0.080859375
0 0.738671875 0.898046875 0.066796875 0.078125
0 0.5890625 0.887109375 0.078125 0.0625
0 0.333984375 0.853125 0.0671875 0.080078125
0 0.4484375 0.8796875 0.06484375 0.074609375
0 0.365234375 0.896484375 0.089453125 0.071484375
0 0.050390625 0.73515625 0.090625 0.090234375
0 0.37421875 0.256640625 0.075390625 0.0734375
0 0.39140625 0.080859375 0.073828125 0.089453125
0 0.340234375 0.084375 0.05546875 0.0859375
0 0.2859375 0.0734375 0.080078125 0.06015625
0 0.205078125 0.133203125 0.0453125 0.079296875
0 0.08125 0.12109375 0.08515625 0.07578125
0 0.030859375 0.08046875 0.06171875 0.066796875
0 0.023046875 0.128125 0.04609375 0.0703125
0 0.291796875 0.19140625 0.070703125 0.07265625
0 0.298828125 0.13515625 0.059765625 0.067578125
0 0.26328125 0.09765625 0.08203125 0.091015625
0 0.25546875 0.14140625 0.041015625 0.059375
0 0.234375 0.18125 0.05546875 0.07734375