0 0.030078125 0.117578125 0.06015625 0.07265625
0 0.069140625 0.097265625 0.082421875 0.032421875
0 0.036328125 0.18203125 0.07265625 0.0609375
0 0.116015625 0.205078125 0.059375 0.07578125
0 0.317578125 0.125 0.054296875 0.08125
0 0.271875 0.14140625 0.055078125 0.087890625
0 0.352734375 0.186328125 0.074609375 0.071875
0 0.184765625 0.135546875 0.059765625 0.08515625
0 0.15234375 0.120703125 0.053515625 0.070703125
0 0.129296875 0.13125 0.055078125 0.0765625
0 0.078515625 0.131640625 0.057421875 0.0484375
0 0.108984375 0.16328125 0.059765625 0.065625
0 0.291796875 0.448828125 0.075 0.063671875
0 0.9859375 0.462109375 0.028125 0.05234375
0 0.892578125 0.46640625 0.083203125 0.061328125
0 0.772265625 0.692578125 0.08046875 0.075
0 0.915234375 0.8515625 0.0671875 0.087109375
0 0.95859375 0.786328125 0.053125 0.08671875
0 0.989453125 0.801953125 0.020703125 0.081640625
0 0.725 0.848046875 0.0578125 0.082421875
0 0.68828125 0.78125 0.055078125 0.083203125
0 0.611328125 0.718359375 0.072265625 0.069921875
0 0.63828125 0.77734375 0.074609375 0.067578125
0 0.581640625 0.80390625 0.052734375 0.0671875
0 0.61875 0.823046875 0.04765625 0.07265625
0 0.649609375 0.851171875 0.04921875 0.078515625
0 0.666796875 0.889453125 0.07265625 0.050390625
0 0.61328125 0.878125 0.044140625 0.070703125
0 0.579296875 0.851171875 0.05390625 0.05546875
0 0.544921875 0.860546875 0.055078125 0.041015625
0 0.54375 0.89375 0.058203125 0.03984375
0 0.508203125 0.744921875 0.06640625 0.07265625
0 0.362109375 0.69765625 0.0671875 0.0671875
0 0.435546875 0.78984375 0.05390625 0.07734375
0 0.4796875 0.78984375 0.046484375 0.071875
0 0.516015625 0.794921875 0.049609375 0.05390625
0 0.346484375 0.868359375 0.046484375 0.084375
0 0.41171875 0.812109375 0.05078125 0.07265625
0 0.381640625 0.839453125 0.04921875 0.0765625
0 0.4484375 0.844140625 0.06328125 0.055859375
0 0.49140625 0.84375 0.040625 0.06796875
0 0.53984375 0.82265625 0.06171875 0.04296875
0 0.50078125 0.89296875 0.04453125 0.048046875
0 0.463671875 0.89375 0.0515625 0.05546875
0 0.4234375 0.87421875 0.052734375 0.05859375
0 0.39140625 0.892578125 0.0625 0.053125
0 0.23125 0.862109375 0.062109375 0.091015625
0 0.525390625 0.673828125 0.0640625 0.071484375
0 0.55078125 0.7109375 0.05390625 0.078515625
0 0.605859375 0.6109375 0.0734375 0.07109375