0 0.971875 0.146484375 0.05625 0.07734375
0 0.935546875 0.102734375 0.059375 0.0765625
0 0.898046875 0.10390625 0.051953125 0.09140625
0 0.862109375 0.084765625 0.051171875 0.05
0 0.829296875 0.109375 0.041015625 0.07109375
0 0.848046875 0.1328125 0.061328125 0.06171875
0 0.79296875 0.103515625 0.04375 0.077734375
0 0.75703125 0.103515625 0.042578125 0.07421875
0 0.727734375 0.121875 0.051953125 0.08671875
0 0.701953125 0.101953125 0.04375 0.08125
0 0.67109375 0.08984375 0.039453125 0.055078125
0 0.668359375 0.13828125 0.058984375 0.07890625
0 0.63515625 0.0953125 0.044140625 0.060546875
0 0.605859375 0.09921875 0.04375 0.0578125
0 0.573828125 0.09140625 0.040625 0.05
0 0.73984375 0.23671875 0.08359375 0.062890625
0 0.62578125 0.1609375 0.055078125 0.0734375
0 0.597265625 0.17734375 0.053515625 0.06640625
0 0.18125 0.26640625 0.0640625 0.087109375
0 0.344921875 0.109765625 0.061328125 0.083203125
0 0.40390625 0.130859375 0.06015625 0.077734375
0 0.1859375 0.151953125 0.062890625 0.071875
0 0.208984375 0.10625 0.07578125 0.0515625
0 0.23359375 0.146875 0.05390625 0.087890625
0 0.458984375 0.21328125 0.053515625 0.0984375
0 0.48203125 0.09296875 0.07734375 0.059765625
0 0.546875 0.098828125 0.064453125 0.066015625
0 0.583203125 0.13359375 0.054296875 0.03671875
0 0.546484375 0.142578125 0.04296875 0.046875
0 0.5140625 0.128515625 0.04296875 0.063671875
0 0.475 0.134375 0.055859375 0.06328125
0 0.557421875 0.186328125 0.06328125 0.056640625
0 0.508984375 0.17890625 0.046484375 0.086328125
0 0.427734375 0.34296875 0.069140625 0.091015625
0 0.398046875 0.39375 0.090234375 0.057421875
0 0.48984375 0.394921875 0.051953125 0.086328125
0 0.598828125 0.45390625 0.06015625 0.091015625
0 0.6671875 0.477734375 0.076171875 0.061328125
0 0.561328125 0.58671875 0.078515625 0.06015625
0 0.751171875 0.58046875 0.070703125 0.0890625
0 0.5296875 0.680859375 0.065625 0.08671875
0 0.275 0.741796875 0.079296875 0.058203125
0 0.3296875 0.85078125 0.075 0.087109375
0 0.444140625 0.83984375 0.0484375 0.0703125
0 0.488671875 0.84296875 0.065234375 0.05859375
0 0.4203125 0.86796875 0.0671875 0.060546875
0 0.474609375 0.876953125 0.04453125 0.05859375
0 0.52265625 0.871484375 0.064453125 0.071875
0 0.587109375 0.83125 0.055078125 0.07421875
0 0.630859375 0.83984375 0.046484375 0.084765625
0 0.67109375 0.86484375 0.05234375 0.082421875
0 0.7328125 0.8828125 0.0921875 0.067578125
0 0.81328125 0.8703125 0.08984375 0.07421875
0 0.75234375 0.741796875 0.0875 0.0625
0 0.16015625 0.799609375 0.068359375 0.095703125
0 0.1234375 0.592578125 0.106640625 0.06796875
0 0.13046875 0.43359375 0.074609375 0.082421875
0 0.0171875 0.444140625 0.034375 0.05859375
0 0.859765625 0.6015625 0.081640625 0.079296875
0 0.158984375 0.9109375 0.048828125 0.030859375
0 0.03359375 0.796875 0.0671875 0.078125
0 0.080859375 0.854296875 0.08359375 0.085546875