0 0.4984375 0.190234375 0.067578125 0.076171875
0 0.926171875 0.3828125 0.0671875 0.09921875
0 0.451953125 0.4125 0.0828125 0.067578125
0 0.215625 0.503515625 0.058984375 0.085546875
0 0.032421875 0.4265625 0.06484375 0.059375
0 0.019140625 0.331640625 0.03828125 0.06484375
0 0.0546875 0.930078125 0.083203125 0.06640625
0 0.02890625 0.89453125 0.0578125 0.0875
0 0.48515625 0.6203125 0.0671875 0.050390625
0 0.478515625 0.57734375 0.071875 0.058203125
0 0.450390625 0.85546875 0.0546875 0.070703125
0 0.408203125 0.89375 0.0796875 0.0640625
0 0.3328125 0.907421875 0.071875 0.0703125
0 0.284375 0.875 0.087109375 0.065234375
0 0.311328125 0.8109375 0.05703125 0.0828125