0 0.170703125 0.79609375 0.059765625 0.07734375
0 0.21171875 0.8203125 0.065234375 0.06015625
0 0.198046875 0.8421875 0.062890625 0.04453125
0 0.289453125 0.727734375 0.07890625 0.061328125
0 0.330078125 0.56015625 0.08515625 0.06640625
0 0.201171875 0.453515625 0.083984375 0.055859375
0 0.25 0.58515625 0.073046875 0.0515625
0 0.29140625 0.647265625 0.072265625 0.0609375
0 0.43203125 0.6890625 0.064453125 0.051953125
0 0.454296875 0.641796875 0.0796875 0.051171875
0 0.65 0.7578125 0.05859375 0.047265625
0 0.54140625 0.490234375 0.07578125 0.04765625
0 0.622265625 0.608203125 0.05234375 0.059375
0 0.651171875 0.616796875 0.0484375 0.058984375
0 0.359765625 0.321484375 0.06640625 0.0828125
0 0.326171875 0.12578125 0.078515625 0.0609375
0 0.2546875 0.134375 0.063671875 0.0859375
0 0.471484375 0.109375 0.0875 0.06015625
0 0.707421875 0.372265625 0.05546875 0.06328125
0 0.779296875 0.446875 0.046484375 0.0640625
0 0.772265625 0.650390625 0.07578125 0.0640625
0 0.8265625 0.741796875 0.07890625 0.06171875
0 0.759375 0.807421875 0.065234375 0.058203125
0 0.8796875 0.171484375 0.041015625 0.0640625