0 0.03046875 0.20546875 0.0609375 0.066015625
0 0.02734375 0.1375 0.054296875 0.084765625
0 0.020703125 0.284375 0.04140625 0.067578125
0 0.0609375 0.266796875 0.067578125 0.0671875
0 0.06484375 0.355859375 0.075390625 0.080078125
0 0.12265625 0.28671875 0.06875 0.0671875
0 0.190234375 0.28359375 0.055078125 0.0734375
0 0.262890625 0.2890625 0.09140625 0.065625
0 0.390234375 0.289453125 0.074609375 0.066015625
0 0.423828125 0.29296875 0.051953125 0.078125
0 0.574609375 0.242578125 0.07734375 0.097265625
0 0.974609375 0.14140625 0.050390625 0.09296875
0 0.875390625 0.21171875 0.083984375 0.072265625
0 0.92578125 0.36640625 0.1234375 0.055078125
0 0.473828125 0.360546875 0.095703125 0.0546875
0 0.006640625 0.433984375 0.01328125 0.035546875
0 0.0546875 0.48828125 0.106640625 0.05625
0 0.10078125 0.537890625 0.093359375 0.055078125
0 0.22890625 0.471875 0.06953125 0.063671875
0 0.2515625 0.5171875 0.063671875 0.080078125
0 0.24375 0.61484375 0.063671875 0.05234375
0 0.0203125 0.86796875 0.040234375 0.0609375
0 0.090234375 0.776953125 0.059765625 0.083203125
0 0.15546875 0.766796875 0.08515625 0.062890625
0 0.06015625 0.9015625 0.062890625 0.078515625
0 0.1046875 0.898828125 0.069921875 0.0828125
0 0.30390625 0.915234375 0.075 0.0671875
0 0.398828125 0.8984375 0.087109375 0.07734375
0 0.8046875 0.933984375 0.096484375 0.083984375
0 0.89765625 0.774609375 0.080859375 0.08359375
0 0.9125 0.8921875 0.080859375 0.06484375
0 0.97109375 0.9140625 0.057421875 0.085546875
0 0.661328125 0.483203125 0.089453125 0.062890625
0 0.688671875 0.22890625 0.076953125 0.076953125