0 0.094140625 0.118359375 0.059765625 0.040625
0 0.094921875 0.0890625 0.040234375 0.03515625
0 0.119921875 0.0890625 0.04296875 0.05625
0 0.1515625 0.085546875 0.059765625 0.04921875
0 0.101171875 0.155078125 0.0609375 0.044921875
0 0.291015625 0.481640625 0.091015625 0.05859375
0 0.096484375 0.38203125 0.049609375 0.066015625
0 0.094921875 0.422265625 0.05 0.065625
0 0.418359375 0.899609375 0.072265625 0.057421875
0 0.149609375 0.72109375 0.06953125 0.0625
0 0.140234375 0.894921875 0.048046875 0.033203125
0 0.1296875 0.830859375 0.07109375 0.0625
0 0.122265625 0.794140625 0.0640625 0.041015625
0 0.121484375 0.75625 0.06953125 0.04609375
0 0.1109375 0.8625 0.05703125 0.065234375