0 0.138671875 0.102734375 0.076171875 0.087109375
0 0.01484375 0.159765625 0.029296875 0.071484375
0 0.20859375 0.148828125 0.080078125 0.08125
0 0.2625 0.115625 0.06796875 0.093359375
0 0.303515625 0.09609375 0.08203125 0.083203125
0 0.5140625 0.074609375 0.055078125 0.10078125
0 0.346484375 0.06953125 0.081640625 0.072265625
0 0.434375 0.075 0.083984375 0.066015625
0 0.40546875 0.11328125 0.06171875 0.0796875
0 0.50390625 0.179296875 0.071875 0.07421875
0 0.3796875 0.230078125 0.06328125 0.088671875
0 0.26328125 0.275 0.083203125 0.06328125
0 0.385546875 0.355078125 0.074609375 0.073828125
0 0.14453125 0.3609375 0.0796875 0.094140625
0 0.3609375 0.452734375 0.076171875 0.06484375
0 0.336328125 0.417578125 0.070703125 0.07890625
0 0.583203125 0.332421875 0.061328125 0.084765625
0 0.5828125 0.45859375 0.068359375 0.078515625
0 0.542578125 0.351171875 0.076171875 0.062109375
0 0.43046875 0.554296875 0.06875 0.07421875
0 0.445703125 0.662890625 0.083203125 0.073828125
0 0.36328125 0.6859375 0.075390625 0.0890625
0 0.23671875 0.7703125 0.0734375 0.082421875
0 0.527734375 0.85390625 0.058203125 0.08828125
0 0.524609375 0.90703125 0.080078125 0.055859375
0 0.469140625 0.89453125 0.06875 0.064453125
0 0.586328125 0.69453125 0.088671875 0.066796875
0 0.63359375 0.5203125 0.06953125 0.065625
0 0.6984375 0.528125 0.0859375 0.0578125
0 0.609765625 0.26171875 0.057421875 0.077734375
0 0.73125 0.28671875 0.047265625 0.09453125
0 0.674609375 0.314453125 0.07421875 0.064453125
0 0.719140625 0.141015625 0.056640625 0.096875
0 0.028515625 0.395703125 0.05703125 0.07265625
0 0.059765625 0.566796875 0.08125 0.071484375
0 0.12421875 0.590625 0.065625 0.0875
0 0.016796875 0.710546875 0.03359375 0.07421875
0 0.06640625 0.70546875 0.063671875 0.077734375
0 0.11328125 0.7484375 0.081640625 0.055078125
0 0.155078125 0.775390625 0.087109375 0.06640625
0 0.0859375 0.803125 0.088671875 0.061328125
0 0.122265625 0.8546875 0.07890625 0.071484375
0 0.0640625 0.84296875 0.057421875 0.07109375
0 0.084765625 0.91796875 0.061328125 0.054296875
0 0.03515625 0.91015625 0.062890625 0.064453125
0 0.012109375 0.855078125 0.02421875 0.07734375
0 0.033203125 0.852734375 0.03828125 0.050390625
0 0.134375 0.89375 0.080078125 0.05703125
0 0.175390625 0.90625 0.062109375 0.0625
0 0.208984375 0.90703125 0.085546875 0.077734375
0 0.290625 0.8203125 0.08203125 0.06875
0 0.262109375 0.874609375 0.049609375 0.077734375
0 0.3015625 0.900390625 0.046875 0.080859375
0 0.33828125 0.896484375 0.042578125 0.0796875
0 0.38125 0.9046875 0.061328125 0.078515625
0 0.86953125 0.778515625 0.074609375 0.08515625
0 0.7140625 0.664453125 0.06796875 0.096484375
0 0.805078125 0.655078125 0.071875 0.086328125
0 0.898046875 0.633984375 0.10390625 0.066796875
0 0.940625 0.586328125 0.087890625 0.051953125
0 0.987109375 0.618359375 0.02578125 0.06953125
0 0.6609375 0.744140625 0.080078125 0.058984375
0 0.70390625 0.797265625 0.078515625 0.0703125
0 0.666796875 0.86796875 0.080859375 0.073046875
0 0.8703125 0.28125 0.063671875 0.0890625
0 0.91953125 0.228515625 0.075 0.058203125
0 0.9578125 0.34375 0.084375 0.0625
0 0.983984375 0.1203125 0.03203125 0.08828125
0 0.894140625 0.076171875 0.067578125 0.082421875
0 0.9109375 0.141015625 0.07421875 0.10546875
0 0.95390625 0.1453125 0.052734375 0.091796875
0 0.833984375 0.105078125 0.073828125 0.114453125
0 0.750390625 0.086328125 0.0578125 0.075
0 0.802734375 0.0953125 0.073828125 0.0609375
0 0.79375 0.168359375 0.078515625 0.075390625
0 0.42734375 0.26875 0.075 0.058203125