0 0.706640625 0.35390625 0.072265625 0.073828125
0 0.283984375 0.44453125 0.073828125 0.06953125
0 0.411328125 0.48203125 0.08046875 0.05625
0 0.01953125 0.442578125 0.0390625 0.06953125
0 0.147265625 0.46953125 0.06484375 0.077734375
0 0.06875 0.539453125 0.09609375 0.056640625
0 0.13046875 0.579296875 0.0859375 0.073046875
0 0.02578125 0.618359375 0.0515625 0.06328125
0 0.101171875 0.640625 0.084375 0.05703125
0 0.023828125 0.691796875 0.04765625 0.06171875
0 0.27109375 0.73984375 0.078125 0.06875
0 0.343359375 0.805078125 0.0578125 0.074609375
0 0.021484375 0.865625 0.04296875 0.05
0 0.073046875 0.86640625 0.06328125 0.0484375
0 0.127734375 0.798828125 0.09140625 0.069921875
0 0.2640625 0.791796875 0.0828125 0.069921875
0 0.694140625 0.8171875 0.076171875 0.07421875
0 0.636328125 0.81484375 0.055078125 0.082421875
0 0.6203125 0.879296875 0.06328125 0.06640625
0 0.592578125 0.85703125 0.08515625 0.066796875
0 0.55 0.809765625 0.0578125 0.083984375
0 0.5140625 0.831640625 0.065625 0.085546875
0 0.545703125 0.901171875 0.08046875 0.0703125
0 0.508984375 0.87890625 0.046484375 0.08046875
0 0.47265625 0.869921875 0.04609375 0.081640625
0 0.42421875 0.859375 0.0640625 0.05625
0 0.445703125 0.89453125 0.060546875 0.045703125
0 0.31328125 0.879296875 0.076953125 0.078515625
0 0.35546875 0.884375 0.081640625 0.075
0 0.025 0.0578125 0.05 0.08828125
0 0.121484375 0.081640625 0.069921875 0.065234375
0 0.10078125 0.16640625 0.08515625 0.051953125
0 0.253125 0.16015625 0.051171875 0.08828125
0 0.084765625 0.223828125 0.089453125 0.065234375
0 0.4859375 0.3953125 0.0578125 0.0796875
0 0.543359375 0.3609375 0.072265625 0.06015625
0 0.73203125 0.418359375 0.076171875 0.061328125
0 0.75234375 0.176953125 0.063671875 0.0890625
0 0.595703125 0.228515625 0.076171875 0.063671875
0 0.638671875 0.25 0.06796875 0.066015625
0 0.308984375 0.075 0.08359375 0.060546875
0 0.3421875 0.099609375 0.0734375 0.076953125
0 0.302734375 0.1734375 0.08984375 0.0640625