0 0.923828125 0.59140625 0.05546875 0.070703125
0 0.7859375 0.448828125 0.06328125 0.056640625
0 0.55 0.387109375 0.07265625 0.048828125
0 0.7 0.507421875 0.0578125 0.062890625
0 0.81328125 0.553515625 0.088671875 0.053515625
0 0.84140625 0.61796875 0.07578125 0.054296875
0 0.46875 0.42109375 0.0640625 0.061328125
0 0.60703125 0.48046875 0.06953125 0.047265625
0 0.491796875 0.47578125 0.077734375 0.047265625
0 0.398046875 0.503515625 0.04765625 0.069140625
0 0.330859375 0.56484375 0.06015625 0.063671875
0 0.287890625 0.670703125 0.076171875 0.053515625
0 0.6140625 0.60390625 0.06796875 0.04296875
0 0.30703125 0.725 0.083203125 0.045703125
0 0.237109375 0.753515625 0.0625 0.064453125
0 0.309375 0.7984375 0.07578125 0.069921875
0 0.21328125 0.828125 0.080859375 0.061328125
0 0.35390625 0.88203125 0.06328125 0.061328125
0 0.43203125 0.798046875 0.07265625 0.053515625
0 0.4484375 0.83515625 0.075 0.053515625
0 0.440625 0.8890625 0.0734375 0.056640625
0 0.4859375 0.87890625 0.04921875 0.072265625
0 0.522265625 0.880078125 0.04765625 0.073046875
0 0.61796875 0.85625 0.041796875 0.08515625
0 0.66875 0.888671875 0.06484375 0.060546875
0 0.73828125 0.8578125 0.04921875 0.074609375
0 0.76875 0.81015625 0.083984375 0.058984375
0 0.05 0.6484375 0.099609375 0.05
0 0.094921875 0.85 0.06796875 0.084375
0 0.438671875 0.275 0.058984375 0.065625
0 0.516015625 0.2890625 0.0671875 0.06171875
0 0.70859375 0.183984375 0.066015625 0.05859375
0 0.721484375 0.249609375 0.0609375 0.071875