0 0.090625 0.109375 0.055859375 0.067578125
0 0.13828125 0.09375 0.0515625 0.059765625
0 0.186328125 0.107421875 0.06875 0.0765625
0 0.07890625 0.203515625 0.08984375 0.062109375
0 0.44375 0.13515625 0.0703125 0.0625
0 0.41875 0.1765625 0.076171875 0.0609375
0 0.40703125 0.240234375 0.062890625 0.0765625
0 0.607421875 0.112109375 0.07890625 0.0609375
0 0.67265625 0.15859375 0.081640625 0.062109375
0 0.571875 0.209765625 0.057421875 0.076953125
0 0.592578125 0.259375 0.08984375 0.052734375
0 0.5359375 0.302734375 0.05078125 0.069140625
0 0.42734375 0.390234375 0.058984375 0.075390625
0 0.645703125 0.293359375 0.055859375 0.078515625
0 0.833203125 0.3046875 0.07109375 0.06015625
0 0.83359375 0.13046875 0.058203125 0.0890625
0 0.890625 0.15390625 0.069140625 0.082421875
0 0.96875 0.2859375 0.0625 0.084375
0 0.9578125 0.585546875 0.065234375 0.07890625
0 0.87578125 0.536328125 0.087109375 0.06015625
0 0.9546875 0.7078125 0.090625 0.080078125
0 0.96875 0.8703125 0.0625 0.0625
0 0.891796875 0.94921875 0.08828125 0.08125
0 0.75 0.85546875 0.05390625 0.082421875
0 0.60859375 0.71484375 0.081640625 0.077734375
0 0.691015625 0.724609375 0.069921875 0.05859375
0 0.296875 0.938671875 0.056640625 0.08359375
0 0.34765625 0.8609375 0.080859375 0.079296875
0 0.267578125 0.8515625 0.0578125 0.08203125
0 0.23515625 0.6546875 0.076953125 0.066015625
0 0.3140625 0.6078125 0.0765625 0.0609375
0 0.0171875 0.816796875 0.034375 0.0546875