0 0.019921875 0.394921875 0.03984375 0.09296875
0 0.06953125 0.284375 0.054296875 0.07734375
0 0.099609375 0.18046875 0.075 0.073046875
0 0.20234375 0.180859375 0.07109375 0.058984375
0 0.258203125 0.22578125 0.07578125 0.05390625
0 0.449609375 0.14609375 0.063671875 0.06796875
0 0.149609375 0.383984375 0.0703125 0.062109375
0 0.49375 0.25859375 0.066015625 0.053125
0 0.636328125 0.19765625 0.063671875 0.062109375
0 0.620703125 0.236328125 0.076953125 0.053125
0 0.62734375 0.28828125 0.076953125 0.060546875
0 0.71171875 0.13984375 0.062890625 0.05
0 0.716015625 0.180078125 0.071875 0.060546875
0 0.9328125 0.200390625 0.07265625 0.0625
0 0.972265625 0.416015625 0.055078125 0.083984375
0 0.600390625 0.41015625 0.066015625 0.0671875
0 0.544140625 0.398046875 0.062890625 0.06328125
0 0.2984375 0.409375 0.064453125 0.056640625
0 0.440625 0.520703125 0.063671875 0.05390625
0 0.265625 0.451953125 0.06953125 0.05390625
0 0.15 0.496484375 0.051171875 0.08046875
0 0.244921875 0.5890625 0.0609375 0.07734375
0 0.93046875 0.544921875 0.05546875 0.070703125
0 0.903515625 0.589453125 0.075 0.045703125
0 0.92421875 0.623046875 0.063671875 0.04765625
0 0.969140625 0.652734375 0.06171875 0.044921875
0 0.909765625 0.673046875 0.05546875 0.06796875
0 0.9671875 0.833984375 0.065625 0.06796875
0 0.9828125 0.8671875 0.034375 0.056640625
0 0.908203125 0.74765625 0.062890625 0.05234375
0 0.876171875 0.773046875 0.05546875 0.040234375
0 0.905078125 0.813671875 0.048046875 0.071484375
0 0.87109375 0.820703125 0.049609375 0.06484375
0 0.837890625 0.82109375 0.050390625 0.06875
0 0.795703125 0.796875 0.05625 0.06484375
0 0.727734375 0.79765625 0.054296875 0.06953125
0 0.76328125 0.646875 0.05625 0.0640625
0 0.688671875 0.682421875 0.066015625 0.0625
0 0.596875 0.692578125 0.07109375 0.06328125
0 0.366796875 0.665625 0.06015625 0.06328125
0 0.041015625 0.810546875 0.06171875 0.088671875
0 0.113671875 0.740234375 0.05859375 0.073046875
0 0.144140625 0.789453125 0.05546875 0.069921875
0 0.212890625 0.844140625 0.065234375 0.074609375
0 0.2140625 0.784375 0.062890625 0.058984375
0 0.258203125 0.76796875 0.050390625 0.073046875
0 0.288671875 0.812109375 0.063671875 0.058203125
0 0.362109375 0.8578125 0.05546875 0.078125
0 0.40859375 0.751953125 0.053515625 0.070703125
0 0.403515625 0.815234375 0.07109375 0.04921875
0 0.40078125 0.858203125 0.067578125 0.065625
0 0.449609375 0.758984375 0.050390625 0.061328125
0 0.45625 0.83828125 0.048828125 0.065625
0 0.484765625 0.783984375 0.066015625 0.058203125
0 0.48515625 0.814453125 0.0578125 0.056640625
0 0.496484375 0.87109375 0.062890625 0.042578125
0 0.524609375 0.830078125 0.051171875 0.056640625
0 0.551171875 0.87734375 0.059375 0.043359375
0 0.5609375 0.83359375 0.04375 0.062109375
0 0.60625 0.84921875 0.067578125 0.055078125
0 0.61796875 0.88046875 0.066796875 0.04765625