0 0.945703125 0.711328125 0.062890625 0.06171875
0 0.973828125 0.866015625 0.05234375 0.08125
0 0.937109375 0.88515625 0.087890625 0.062890625
0 0.784765625 0.86875 0.0578125 0.075
0 0.02421875 0.80859375 0.0484375 0.0984375
0 0.126171875 0.83828125 0.087890625 0.071484375
0 0.474609375 0.65625 0.071875 0.05
0 0.396484375 0.81484375 0.092578125 0.089453125
0 0.58125 0.864453125 0.058984375 0.070703125
0 0.532421875 0.877734375 0.065625 0.088671875
0 0.431640625 0.869140625 0.083203125 0.056640625