0 0.49453125 0.7890625 0.0546875 0.0734375
0 0.735546875 0.33671875 0.04453125 0.046875
0 0.536328125 0.524609375 0.06953125 0.05078125
0 0.994140625 0.26171875 0.01171875 0.0546875
0 0.56328125 0.24921875 0.0453125 0.0796875
0 0.560546875 0.1078125 0.05859375 0.0796875
0 0.42421875 0.137109375 0.053125 0.05234375
0 0.3578125 0.11640625 0.059375 0.0421875
0 0.291796875 0.11171875 0.06328125 0.0484375
0 0.0921875 0.197265625 0.0609375 0.06171875
0 0.06953125 0.234375 0.0546875 0.0703125
0 0.030078125 0.199609375 0.05546875 0.05234375
0 0.305078125 0.95859375 0.05234375 0.0703125