0 0.020703125 0.0875 0.04140625 0.0953125
0 0.04609375 0.072265625 0.06015625 0.0875
0 0.094140625 0.079296875 0.0546875 0.0890625
0 0.146875 0.064453125 0.06328125 0.076953125
0 0.14296875 0.129296875 0.101953125 0.07421875
0 0.0375 0.237109375 0.063671875 0.092578125
0 0.315234375 0.05859375 0.074609375 0.07109375
0 0.278125 0.07578125 0.06015625 0.05
0 0.2125 0.061328125 0.062890625 0.0984375
0 0.2203125 0.107421875 0.05625 0.058984375
0 0.278125 0.11796875 0.06875 0.040625
0 0.23125 0.1640625 0.073046875 0.058984375
0 0.299609375 0.15625 0.083203125 0.048828125
0 0.334765625 0.1359375 0.058984375 0.079296875
0 0.368359375 0.18046875 0.0625 0.096875
0 0.206640625 0.218359375 0.068359375 0.067578125
0 0.26640625 0.213671875 0.062109375 0.08125
0 0.319921875 0.20703125 0.058984375 0.090234375
0 0.483203125 0.1125 0.07421875 0.066015625
0 0.43359375 0.078125 0.06328125 0.072265625
0 0.398828125 0.115234375 0.066796875 0.0796875
0 0.5078125 0.0796875 0.065234375 0.078515625
0 0.55546875 0.06015625 0.0640625 0.066796875
0 0.55 0.146484375 0.055078125 0.1
0 0.593359375 0.134765625 0.089453125 0.058984375
0 0.57890625 0.083984375 0.0765625 0.0515625
0 0.6203125 0.066015625 0.051171875 0.084765625
0 0.6640625 0.07734375 0.058984375 0.098828125
0 0.696875 0.059765625 0.0578125 0.091796875
0 0.737890625 0.068359375 0.066015625 0.080859375
0 0.7765625 0.090234375 0.0546875 0.083984375
0 0.74375 0.133203125 0.066015625 0.08828125
0 0.820703125 0.12109375 0.0609375 0.08984375
0 0.838671875 0.066015625 0.07890625 0.05859375
0 0.915234375 0.05390625 0.076953125 0.051171875
0 0.872265625 0.1046875 0.05078125 0.0921875
0 0.918359375 0.106640625 0.05703125 0.074609375
0 0.97421875 0.105078125 0.0515625 0.058984375
0 0.962890625 0.0671875 0.05703125 0.0640625
0 0.82734375 0.302734375 0.0671875 0.07890625
0 0.746875 0.340625 0.0953125 0.057421875
0 0.60546875 0.3453125 0.098046875 0.090625
0 0.507421875 0.45234375 0.069921875 0.087109375
0 0.7078125 0.689453125 0.086328125 0.06171875
0 0.636328125 0.715625 0.090625 0.065625
0 0.725 0.84296875 0.08359375 0.090625
0 0.493359375 0.78515625 0.096484375 0.070703125
0 0.483203125 0.8828125 0.07421875 0.067578125
0 0.436328125 0.86640625 0.0546875 0.0890625
0 0.153125 0.830859375 0.073046875 0.097265625
0 0.394921875 0.786328125 0.083203125 0.07109375
0 0.324609375 0.432421875 0.0984375 0.060546875
0 0.33203125 0.315234375 0.07265625 0.0953125