0 0.801171875 0.559765625 0.04296875 0.06484375
0 0.860546875 0.80859375 0.06796875 0.059375
0 0.6671875 0.742578125 0.05625 0.07421875
0 0.755078125 0.83203125 0.06015625 0.0828125
0 0.59453125 0.61171875 0.0609375 0.0703125
0 0.583984375 0.522265625 0.06328125 0.07265625
0 0.761328125 0.434375 0.05859375 0.0484375
0 0.424609375 0.416015625 0.05703125 0.07734375
0 0.485546875 0.2640625 0.08359375 0.0625
0 0.583984375 0.2765625 0.06640625 0.0640625
0 0.4140625 0.751953125 0.0890625 0.04765625
0 0.255078125 0.390625 0.05234375 0.059375
0 0.258203125 0.4484375 0.07421875 0.0453125
0 0.102734375 0.3984375 0.04921875 0.065625
0 0.801953125 0.9171875 0.07265625 0.053125
0 0.828125 0.878125 0.0703125 0.053125
0 0.91796875 0.899609375 0.0546875 0.07265625
0 0.969921875 0.893359375 0.06015625 0.08828125
0 0.8421875 0.262890625 0.046875 0.07578125
0 0.84765625 0.158984375 0.0515625 0.07265625
0 0.95703125 0.209765625 0.0734375 0.08359375
0 0.989453125 0.083984375 0.02109375 0.06640625
0 0.87265625 0.074609375 0.0546875 0.04296875
0 0.6109375 0.171484375 0.0625 0.05078125
0 0.73125 0.158203125 0.053125 0.07109375
0 0.735546875 0.21484375 0.07578125 0.0546875
0 0.761328125 0.096484375 0.06640625 0.06015625
0 0.46328125 0.833203125 0.0625 0.08046875
0 0.41015625 0.828515625 0.0734375 0.06640625
0 0.348828125 0.868359375 0.05703125 0.07578125
0 0.3203125 0.54296875 0.059375 0.0734375
0 0.35390625 0.5546875 0.1015625 0.078125
0 0.225390625 0.5390625 0.08359375 0.065625
0 0.23359375 0.62109375 0.0875 0.0671875
0 0.20390625 0.655859375 0.0640625 0.05078125
0 0.158203125 0.67265625 0.06328125 0.0640625
0 0.176171875 0.71640625 0.06640625 0.046875
0 0.075 0.501953125 0.0875 0.05546875
0 0.076171875 0.650390625 0.05078125 0.06171875
0 0.113671875 0.634375 0.05078125 0.046875
0 0.105078125 0.597265625 0.06640625 0.04296875
0 0.106640625 0.55 0.07578125 0.071875
0 0.108203125 0.309375 0.05703125 0.0453125
0 0.1015625 0.272265625 0.065625 0.04921875
0 0.091796875 0.234375 0.05390625 0.065625
0 0.1140625 0.188671875 0.053125 0.04921875
0 0.103515625 0.162109375 0.04765625 0.05078125
0 0.1078125 0.13046875 0.0546875 0.046875
0 0.10546875 0.09375 0.04375 0.0421875
0 0.153125 0.095703125 0.05625 0.06328125
0 0.216015625 0.138671875 0.05703125 0.05078125
0 0.2734375 0.13203125 0.0578125 0.1
0 0.301953125 0.188671875 0.05234375 0.06484375
0 0.347265625 0.19765625 0.06640625 0.0703125
0 0.350390625 0.139453125 0.07578125 0.05234375
0 0.36796875 0.081640625 0.071875 0.06640625
0 0.41796875 0.0703125 0.0703125 0.0546875
0 0.701953125 0.063671875 0.08046875 0.04453125
0 0.673046875 0.0578125 0.03671875 0.0453125
0 0.691015625 0.115234375 0.07421875 0.05859375
0 0.631640625 0.08046875 0.06015625 0.0625
0 0.56328125 0.1453125 0.06875 0.0765625
0 0.594921875 0.091796875 0.05234375 0.05546875
0 0.550390625 0.072265625 0.06640625 0.06640625
0 0.5359375 0.10703125 0.0484375 0.0546875
0 0.491015625 0.0640625 0.06796875 0.0546875
0 0.480859375 0.123046875 0.08203125 0.06328125
0 0.223046875 0.751171875 0.07890625 0.06015625
0 0.1890625 0.771875 0.0734375 0.05
0 0.182421875 0.8140625 0.06796875 0.04375
0 0.116796875 0.800390625 0.06328125 0.05859375
0 0.2015625 0.83984375 0.0609375 0.065625
0 0.10390625 0.8625 0.04375 0.059375
0 0.1375 0.86171875 0.0453125 0.05625
0 0.16640625 0.88359375 0.0578125 0.059375
0 0.1953125 0.89375 0.053125 0.0484375
0 0.257421875 0.837109375 0.06953125 0.06796875
0 0.2421875 0.898046875 0.08125 0.05078125
0 0.284765625 0.8734375 0.06953125 0.0703125