0 0.96796875 0.912890625 0.0640625 0.0578125
0 0.91796875 0.88359375 0.06328125 0.068359375
0 0.8703125 0.8953125 0.051953125 0.079296875
0 0.841015625 0.877734375 0.05390625 0.071484375
0 0.820703125 0.89765625 0.066015625 0.07578125
0 0.8015625 0.908984375 0.06328125 0.07265625
0 0.755859375 0.8875 0.051953125 0.076171875
0 0.72578125 0.89765625 0.05390625 0.07109375
0 0.68828125 0.89609375 0.05 0.0625
0 0.65390625 0.8984375 0.066015625 0.054296875
0 0.594921875 0.900390625 0.0671875 0.050390625
0 0.541796875 0.893359375 0.06640625 0.05234375
0 0.53125 0.872265625 0.05859375 0.06171875
0 0.4765625 0.886328125 0.076171875 0.062890625
0 0.503125 0.81015625 0.066015625 0.071875
0 0.4171875 0.891015625 0.07890625 0.06875
0 0.2859375 0.7234375 0.060546875 0.076953125
0 0.134765625 0.850390625 0.08671875 0.068359375
0 0.03125 0.8609375 0.0578125 0.050390625