0 0.97109375 0.04140625 0.05625 0.0828125
0 0.9796875 0.076953125 0.040234375 0.102734375
0 0.983203125 0.150390625 0.03359375 0.06015625
0 0.965234375 0.25390625 0.06953125 0.104296875
0 0.8671875 0.3375 0.0796875 0.09140625
0 0.934765625 0.0546875 0.04921875 0.050390625
0 0.933203125 0.10859375 0.056640625 0.06640625
0 0.901171875 0.076953125 0.058203125 0.05546875
0 0.90390625 0.03984375 0.05703125 0.04375
0 0.860546875 0.034375 0.084765625 0.06875
0 0.828515625 0.091015625 0.09296875 0.063671875
0 0.883203125 0.12421875 0.076953125 0.062109375
0 0.7515625 0.129296875 0.0859375 0.0640625
0 0.78828125 0.051171875 0.067578125 0.07890625
0 0.721484375 0.056640625 0.044921875 0.0734375
0 0.752734375 0.0609375 0.050390625 0.08828125
0 0.69609375 0.11640625 0.059375 0.06953125
0 0.674609375 0.165625 0.073828125 0.0828125
0 0.7546875 0.198828125 0.099609375 0.06796875
0 0.686328125 0.291015625 0.073046875 0.06796875
0 0.640625 0.221875 0.083984375 0.05625
0 0.608203125 0.29296875 0.0859375 0.070703125
0 0.63203125 0.26875 0.06796875 0.059375
0 0.534375 0.342578125 0.090234375 0.05078125
0 0.68203125 0.066796875 0.060546875 0.087109375
0 0.628515625 0.10625 0.06328125 0.08203125
0 0.651953125 0.065234375 0.0484375 0.08046875
0 0.621484375 0.05703125 0.043359375 0.0640625
0 0.58828125 0.08828125 0.04921875 0.079296875
0 0.568359375 0.05546875 0.069140625 0.061328125
0 0.54375 0.10625 0.055078125 0.075
0 0.53515625 0.16796875 0.077734375 0.054296875
0 0.484375 0.16015625 0.06484375 0.059375
0 0.430859375 0.178515625 0.07890625 0.057421875
0 0.4296875 0.144140625 0.078515625 0.0484375
0 0.49453125 0.098046875 0.05234375 0.081640625
0 0.516015625 0.057421875 0.04921875 0.073828125
0 0.446875 0.05625 0.061328125 0.0640625
0 0.44921875 0.100390625 0.052734375 0.076171875
0 0.40703125 0.109765625 0.04765625 0.0828125
0 0.37421875 0.107421875 0.048046875 0.0890625
0 0.407421875 0.057421875 0.04296875 0.070703125
0 0.364453125 0.05234375 0.06171875 0.0609375
0 0.333203125 0.045703125 0.040234375 0.059375
0 0.338671875 0.101953125 0.04453125 0.070703125
0 0.309765625 0.103515625 0.0375 0.075390625
0 0.29453125 0.053125 0.050390625 0.05859375
0 0.27421875 0.084765625 0.049609375 0.091796875
0 0.321875 0.19140625 0.0921875 0.062890625
0 0.3890625 0.196484375 0.059375 0.078515625
0 0.43359375 0.228125 0.0796875 0.059375
0 0.3296875 0.289453125 0.086328125 0.067578125
0 0.31015625 0.405859375 0.0625 0.080859375
0 0.45390625 0.394921875 0.078515625 0.054296875
0 0.621875 0.505859375 0.08046875 0.06640625
0 0.4 0.5015625 0.06796875 0.055078125
0 0.458203125 0.576171875 0.071484375 0.066796875
0 0.355859375 0.628125 0.083984375 0.065625
0 0.48203125 0.681640625 0.05703125 0.069921875
0 0.6125 0.6859375 0.079296875 0.05625
0 0.768359375 0.501171875 0.081640625 0.0625
0 0.958984375 0.5390625 0.08203125 0.096875
0 0.8390625 0.571875 0.07109375 0.10546875
0 0.8828125 0.502734375 0.07578125 0.063671875
0 0.987890625 0.7671875 0.02421875 0.057421875
0 0.434765625 0.72421875 0.0890625 0.070703125
0 0.4078125 0.781640625 0.04765625 0.06875
0 0.478515625 0.745703125 0.081640625 0.05546875
0 0.4625 0.78671875 0.07265625 0.0625
0 0.636328125 0.784765625 0.076953125 0.062890625
0 0.7140625 0.78671875 0.07734375 0.0640625
0 0.648046875 0.8328125 0.0625 0.073828125
0 0.587890625 0.870703125 0.058984375 0.0703125
0 0.726171875 0.876171875 0.072265625 0.068359375
0 0.794921875 0.8453125 0.058203125 0.06796875
0 0.925 0.886328125 0.07109375 0.079296875
0 0.9375 0.849609375 0.055859375 0.066796875
0 0.971875 0.894140625 0.05625 0.0640625
0 0.887890625 0.892578125 0.06640625 0.076953125
0 0.848828125 0.894140625 0.06171875 0.070703125
0 0.8015625 0.89921875 0.084765625 0.06171875
0 0.5109375 0.89296875 0.071484375 0.066015625
0 0.4375 0.891796875 0.070703125 0.066015625
0 0.399609375 0.8828125 0.05234375 0.075
0 0.35859375 0.883203125 0.053515625 0.0890625
0 0.323828125 0.908203125 0.054296875 0.06171875
0 0.32421875 0.84765625 0.079296875 0.047265625
0 0.316015625 0.79921875 0.081640625 0.056640625
0 0.2890625 0.90703125 0.04921875 0.0546875
0 0.240625 0.915625 0.048828125 0.052734375
0 0.2609375 0.85859375 0.061328125 0.068359375
0 0.281640625 0.856640625 0.0609375 0.064453125
0 0.242578125 0.840234375 0.0609375 0.096484375
0 0.194140625 0.8703125 0.04453125 0.07734375
0 0.16796875 0.905078125 0.0453125 0.06796875
0 0.198046875 0.901171875 0.0640625 0.055078125
0 0.155078125 0.847265625 0.0625 0.05625
0 0.155859375 0.792578125 0.0703125 0.063671875
0 0.107421875 0.848828125 0.051171875 0.0875
0 0.133203125 0.876953125 0.055859375 0.044921875
0 0.10546875 0.934765625 0.074609375 0.061328125
0 0.053125 0.892578125 0.0671875 0.064453125
0 0.02890625 0.911328125 0.0578125 0.06171875
0 0.044921875 0.841796875 0.08984375 0.07421875
0 0.02265625 0.691015625 0.0453125 0.08125
0 0.08828125 0.67890625 0.09296875 0.07109375
0 0.21875 0.693359375 0.08125 0.05703125
0 0.251171875 0.59453125 0.059375 0.0921875
0 0.236328125 0.44609375 0.082421875 0.060546875
0 0.164453125 0.396484375 0.075390625 0.0640625
0 0.083203125 0.444921875 0.0859375 0.058984375
0 0.02265625 0.35390625 0.0453125 0.052734375
0 0.03828125 0.290625 0.0765625 0.058203125
0 0.17890625 0.295703125 0.086328125 0.069140625
0 0.198828125 0.20625 0.084375 0.071484375
0 0.11796875 0.222265625 0.09375 0.066796875
0 0.23359375 0.048828125 0.055859375 0.04921875
0 0.250390625 0.137890625 0.073046875 0.0578125
0 0.225390625 0.102734375 0.06484375 0.074609375
0 0.20625 0.078515625 0.05 0.0796875
0 0.1765625 0.11171875 0.05078125 0.0921875
0 0.1640625 0.049609375 0.07421875 0.063671875
0 0.140234375 0.062890625 0.053125 0.08359375
0 0.133203125 0.118359375 0.059765625 0.096484375
0 0.080078125 0.088671875 0.070703125 0.079296875
0 0.033203125 0.123828125 0.0609375 0.108203125
0 0.01796875 0.06875 0.0359375 0.08203125
0 0.06171875 0.058984375 0.062890625 0.06953125
0 0.10390625 0.056640625 0.055078125 0.0796875