0 0.50234375 0.166015625 0.108984375 0.08203125
0 0.701953125 0.9546875 0.04609375 0.06796875
0 0.74375 0.963671875 0.0546875 0.05625
0 0.336328125 0.892578125 0.0703125 0.08671875
0 0.280078125 0.971875 0.08515625 0.05625
0 0.05 0.966796875 0.0921875 0.06640625
0 0.0203125 0.9515625 0.040625 0.059765625
0 0.044921875 0.8421875 0.083984375 0.058203125
0 0.26015625 0.817578125 0.07265625 0.06328125
0 0.217578125 0.718359375 0.076171875 0.0609375
0 0.02265625 0.689453125 0.0453125 0.05703125
0 0.05859375 0.625 0.0671875 0.0609375