0 0.9703125 0.781640625 0.059375 0.05390625
0 0.605859375 0.871875 0.066796875 0.05703125
0 0.4546875 0.863671875 0.068359375 0.0609375
0 0.01953125 0.839453125 0.0390625 0.07890625
0 0.021875 0.74296875 0.04375 0.06796875
0 0.09375 0.713671875 0.078125 0.059765625
0 0.090234375 0.569140625 0.069140625 0.048046875
0 0.183203125 0.448046875 0.084765625 0.044921875
0 0.8515625 0.52890625 0.054296875 0.0671875
0 0.71171875 0.658984375 0.062109375 0.0515625
0 0.694921875 0.7421875 0.0609375 0.048828125
0 0.476953125 0.673828125 0.04296875 0.082421875
0 0.507421875 0.515234375 0.080078125 0.05
0 0.433203125 0.571484375 0.069921875 0.062109375
0 0.325390625 0.613671875 0.046484375 0.0703125
0 0.423828125 0.636328125 0.045703125 0.072265625
0 0.25625 0.698046875 0.073046875 0.055078125
0 0.259375 0.741796875 0.074609375 0.05703125
0 0.230078125 0.77890625 0.076171875 0.048046875
0 0.3359375 0.76484375 0.07734375 0.05078125
0 0.291796875 0.80234375 0.082421875 0.050390625
0 0.056640625 0.329296875 0.0671875 0.0875
0 0.08984375 0.1828125 0.05078125 0.057421875
0 0.15546875 0.183203125 0.058984375 0.07421875
0 0.224609375 0.202734375 0.055078125 0.073046875
0 0.226171875 0.294140625 0.061328125 0.078515625
0 0.332421875 0.285546875 0.0703125 0.074609375
0 0.91484375 0.298046875 0.0609375 0.053125
0 0.98359375 0.36953125 0.0328125 0.052734375