0 0.0265625 0.0984375 0.053125 0.0453125
0 0.01953125 0.13984375 0.0390625 0.04765625
0 0.02421875 0.198046875 0.0484375 0.071875
0 0.045703125 0.226171875 0.053515625 0.07109375
0 0.083203125 0.206640625 0.048828125 0.08046875
0 0.11484375 0.19296875 0.05625 0.070703125
0 0.054296875 0.144921875 0.047265625 0.081640625
0 0.086328125 0.148046875 0.050390625 0.05
0 0.06640625 0.101171875 0.0515625 0.058203125
0 0.115234375 0.090234375 0.074609375 0.046875
0 0.107421875 0.1296875 0.06171875 0.05078125
0 0.146484375 0.1125 0.041796875 0.06875
0 0.13984375 0.169921875 0.0578125 0.06953125
0 0.16328125 0.147265625 0.05 0.066796875
0 0.218359375 0.1640625 0.062890625 0.06796875
0 0.181640625 0.107421875 0.04140625 0.06875
0 0.2171875 0.106640625 0.041796875 0.0671875
0 0.251171875 0.133203125 0.046484375 0.07265625
0 0.240625 0.086328125 0.05625 0.047265625
0 0.2875 0.126171875 0.043359375 0.074609375
0 0.28984375 0.215234375 0.05703125 0.087109375
0 0.148828125 0.261328125 0.071484375 0.06953125
0 0.244921875 0.306640625 0.058984375 0.06484375
0 0.094921875 0.3453125 0.065625 0.06796875
0 0.0390625 0.33671875 0.077734375 0.05859375
0 0.398046875 0.28359375 0.089453125 0.044921875
0 0.385546875 0.34375 0.051953125 0.0765625
0 0.300390625 0.3734375 0.0640625 0.073046875
0 0.3625 0.395703125 0.080859375 0.04765625
0 0.35390625 0.17578125 0.078515625 0.05
0 0.408203125 0.171484375 0.060546875 0.05703125
0 0.417578125 0.2140625 0.059765625 0.063671875
0 0.453515625 0.2125 0.041796875 0.0765625
0 0.490625 0.2203125 0.061328125 0.06953125
0 0.541796875 0.23046875 0.070703125 0.052734375
0 0.562890625 0.275390625 0.05625 0.077734375
0 0.522265625 0.184765625 0.056640625 0.055078125
0 0.546875 0.154296875 0.051171875 0.064453125
0 0.573046875 0.1 0.0671875 0.053125
0 0.50546875 0.11875 0.052734375 0.05078125
0 0.4953125 0.16953125 0.055859375 0.055859375
0 0.445703125 0.15703125 0.05078125 0.057421875
0 0.46484375 0.1296875 0.048828125 0.076953125
0 0.42421875 0.116015625 0.044140625 0.075390625
0 0.378125 0.126171875 0.060546875 0.062109375
0 0.353515625 0.10078125 0.0578125 0.063671875
0 0.324609375 0.1375 0.05390625 0.073046875
0 0.30625 0.0875 0.06484375 0.04375
0 0.0265625 0.472265625 0.053125 0.074609375
0 0.1375 0.4359375 0.094921875 0.051953125
0 0.494921875 0.430078125 0.075 0.0546875
0 0.4421875 0.41953125 0.04609375 0.08359375
0 0.388671875 0.4625 0.06875 0.060546875
0 0.314453125 0.462890625 0.084765625 0.0671875
0 0.2578125 0.46640625 0.077734375 0.05390625
0 0.327734375 0.561328125 0.055859375 0.06796875
0 0.36484375 0.628125 0.083984375 0.05234375
0 0.146875 0.548828125 0.091796875 0.055859375
0 0.10390625 0.628515625 0.06484375 0.06328125
0 0.150390625 0.659375 0.063671875 0.069140625
0 0.206640625 0.6671875 0.05546875 0.070703125
0 0.23359375 0.68984375 0.060546875 0.0546875
0 0.2609375 0.71875 0.0515625 0.076171875
0 0.544921875 0.82109375 0.06015625 0.057421875
0 0.511328125 0.87109375 0.0734375 0.06171875
0 0.49765625 0.81015625 0.05390625 0.08984375
0 0.46640625 0.854296875 0.057421875 0.07265625
0 0.408984375 0.880859375 0.0796875 0.067578125
0 0.319140625 0.962109375 0.046875 0.074609375
0 0.27890625 0.962890625 0.055859375 0.073828125
0 0.141015625 0.96171875 0.099609375 0.06171875
0 0.064453125 0.962890625 0.059375 0.073828125
0 0.0203125 0.862890625 0.040625 0.06796875
0 0.05703125 0.83046875 0.084375 0.057421875
0 0.11875 0.86953125 0.076953125 0.05546875
0 0.17890625 0.8609375 0.0609375 0.067578125
0 0.2109375 0.8203125 0.05859375 0.062109375
0 0.712109375 0.95703125 0.053515625 0.064453125
0 0.918359375 0.88203125 0.070703125 0.086328125
0 0.729296875 0.822265625 0.085546875 0.0546875
0 0.69140625 0.78203125 0.05859375 0.065234375
0 0.93671875 0.656640625 0.076953125 0.06875
0 0.9015625 0.58984375 0.083203125 0.064453125
0 0.876171875 0.52734375 0.080859375 0.048828125
0 0.66953125 0.568359375 0.08359375 0.051953125
0 0.703515625 0.50546875 0.0625 0.082421875
0 0.62265625 0.373046875 0.07734375 0.06484375
0 0.595703125 0.32890625 0.0921875 0.051953125
0 0.723828125 0.227734375 0.04921875 0.09375
0 0.677734375 0.246484375 0.0671875 0.0625
0 0.6734375 0.211328125 0.053515625 0.0875
0 0.9140625 0.239453125 0.066796875 0.071875
0 0.98671875 0.187890625 0.0265625 0.079296875
0 0.96015625 0.1734375 0.073828125 0.058203125
0 0.845703125 0.171484375 0.06953125 0.07109375
0 0.602734375 0.20546875 0.0484375 0.087109375
0 0.65078125 0.19453125 0.051171875 0.087890625
0 0.9734375 0.11171875 0.05234375 0.0796875
0 0.93125 0.1171875 0.05234375 0.075
0 0.87734375 0.104296875 0.08125 0.049609375
0 0.861328125 0.123046875 0.078515625 0.048828125
0 0.823828125 0.084765625 0.053125 0.082421875
0 0.774609375 0.110546875 0.0546875 0.0765625
0 0.75625 0.076171875 0.058203125 0.089453125
0 0.71875 0.116796875 0.04765625 0.068359375
0 0.67890625 0.11484375 0.050390625 0.074609375
0 0.66328125 0.144140625 0.058203125 0.057421875
0 0.627734375 0.14453125 0.04140625 0.069140625
0 0.627734375 0.103125 0.070703125 0.06171875