0 0.043359375 0.09609375 0.08515625 0.046875
0 0.014453125 0.337890625 0.02734375 0.05546875
0 0.615234375 0.080859375 0.06796875 0.05546875
0 0.642578125 0.182421875 0.06796875 0.06328125
0 0.819140625 0.11640625 0.07421875 0.046875
0 0.960546875 0.230859375 0.07890625 0.05390625
0 0.962109375 0.42265625 0.05078125 0.0578125
0 0.90859375 0.51171875 0.0546875 0.065625
0 0.631640625 0.5234375 0.08359375 0.0484375
0 0.7796875 0.696484375 0.0703125 0.04921875
0 0.590625 0.728125 0.05 0.0546875
0 0.5875 0.917578125 0.078125 0.05859375
0 0.391015625 0.805078125 0.04921875 0.07421875
0 0.15390625 0.681640625 0.0609375 0.07265625
0 0.15234375 0.60859375 0.0703125 0.0359375
0 0.134765625 0.91796875 0.06484375 0.0765625
0 0.098046875 0.89609375 0.04921875 0.0625
0 0.053515625 0.910546875 0.05859375 0.04453125