0 0.935546875 0.76953125 0.07890625 0.069921875
0 0.94140625 0.655078125 0.08359375 0.048046875
0 0.91875 0.69453125 0.06640625 0.068359375
0 0.8546875 0.784375 0.050390625 0.075
0 0.79609375 0.85703125 0.0625 0.089453125
0 0.71953125 0.951953125 0.06171875 0.076953125
0 0.6984375 0.788671875 0.0765625 0.06484375
0 0.6203125 0.821484375 0.0703125 0.052734375
0 0.8515625 0.839453125 0.076953125 0.068359375
0 0.9140625 0.8328125 0.0671875 0.06875
0 0.96328125 0.877734375 0.056640625 0.061328125
0 0.97890625 0.8296875 0.0421875 0.0515625
0 0.905859375 0.877734375 0.0734375 0.060546875
0 0.836328125 0.88046875 0.0671875 0.03984375
0 0.781640625 0.515625 0.068359375 0.075
0 0.937890625 0.462890625 0.051171875 0.083984375
0 0.968359375 0.5015625 0.06328125 0.105859375
0 0.956640625 0.24921875 0.0625 0.0734375
0 0.9859375 0.223046875 0.027734375 0.0453125
0 0.943359375 0.098828125 0.07890625 0.058984375
0 0.965625 0.14140625 0.068359375 0.08359375
0 0.984375 0.0859375 0.03125 0.038671875
0 0.877734375 0.265625 0.058203125 0.078125
0 0.704296875 0.333984375 0.073828125 0.073046875
0 0.873046875 0.09921875 0.052734375 0.049609375
0 0.911328125 0.114453125 0.049609375 0.07265625
0 0.942578125 0.174609375 0.075390625 0.065625
0 0.83359375 0.092578125 0.069921875 0.05546875
0 0.790625 0.08203125 0.084765625 0.044921875
0 0.55390625 0.815234375 0.073828125 0.075
0 0.388671875 0.819921875 0.07890625 0.063671875
0 0.43515625 0.88125 0.0703125 0.080859375
0 0.4453125 0.83125 0.074609375 0.0515625
0 0.480078125 0.80625 0.07265625 0.062109375
0 0.369921875 0.871875 0.07734375 0.079296875
0 0.666796875 0.600390625 0.0703125 0.073828125
0 0.72578125 0.4953125 0.075390625 0.05703125
0 0.640625 0.457421875 0.078515625 0.077734375
0 0.603125 0.61640625 0.0640625 0.0765625
0 0.8140625 0.567578125 0.05390625 0.07890625
0 0.84296875 0.58515625 0.05390625 0.075390625
0 0.6453125 0.2921875 0.04609375 0.084375
0 0.590625 0.2828125 0.05625 0.08125
0 0.580078125 0.19921875 0.0609375 0.087109375
0 0.6640625 0.220703125 0.05234375 0.080078125
0 0.7078125 0.200390625 0.048828125 0.07734375
0 0.79921875 0.2515625 0.073828125 0.072265625
0 0.72421875 0.242578125 0.06953125 0.0546875
0 0.762109375 0.3015625 0.071875 0.056640625
0 0.840625 0.31484375 0.053125 0.070703125
0 0.9703125 0.3015625 0.059375 0.075
0 0.880859375 0.15078125 0.045703125 0.073046875
0 0.850390625 0.19921875 0.058984375 0.068359375
0 0.7828125 0.137890625 0.04609375 0.052734375
0 0.83359375 0.145703125 0.062890625 0.05625
0 0.593359375 0.12421875 0.03359375 0.059765625
0 0.622265625 0.110546875 0.050390625 0.071875
0 0.659765625 0.142578125 0.0609375 0.0703125
0 0.66640625 0.09375 0.039453125 0.051953125
0 0.715234375 0.120703125 0.0671875 0.069921875
0 0.694140625 0.0921875 0.040234375 0.059375
0 0.74765625 0.11328125 0.040234375 0.076171875
0 0.540234375 0.2625 0.05859375 0.073828125
0 0.5140625 0.395703125 0.082421875 0.06171875
0 0.462109375 0.375390625 0.068359375 0.044140625
0 0.420703125 0.32265625 0.079296875 0.059375
0 0.373046875 0.260546875 0.06171875 0.06484375
0 0.426171875 0.2625 0.0671875 0.056640625
0 0.418359375 0.185546875 0.05703125 0.076953125
0 0.4140625 0.109375 0.055078125 0.087109375
0 0.351171875 0.183203125 0.061328125 0.071875
0 0.309765625 0.220703125 0.067578125 0.07578125
0 0.334375 0.303125 0.073828125 0.059765625
0 0.417578125 0.39609375 0.059375 0.059375
0 0.464453125 0.210546875 0.0625 0.07734375
0 0.4921875 0.192578125 0.048828125 0.0875
0 0.535546875 0.213671875 0.059765625 0.06796875
0 0.340625 0.1390625 0.09140625 0.053125
0 0.32734375 0.101953125 0.065625 0.055078125
0 0.365234375 0.105078125 0.0546875 0.06796875
0 0.460546875 0.101171875 0.06015625 0.03984375
0 0.503125 0.091015625 0.0453125 0.054296875
0 0.519921875 0.135546875 0.04453125 0.06484375
0 0.53828125 0.092578125 0.046875 0.0484375
0 0.56015625 0.13359375 0.05234375 0.058203125
0 0.212109375 0.133203125 0.050390625 0.06484375
0 0.21796875 0.0890625 0.05390625 0.041015625
0 0.246875 0.271875 0.068359375 0.061328125
0 0.246875 0.34375 0.059765625 0.0515625
0 0.142578125 0.161328125 0.0515625 0.076171875
0 0.14453125 0.119921875 0.04921875 0.07109375
0 0.28984375 0.123046875 0.040625 0.0703125
0 0.26328125 0.14765625 0.057421875 0.063671875
0 0.25703125 0.10546875 0.044921875 0.04296875
0 0.252734375 0.225390625 0.07578125 0.05859375
0 0.24453125 0.19296875 0.0578125 0.053125
0 0.18515625 0.252734375 0.08125 0.067578125
0 0.19765625 0.20625 0.055859375 0.056640625
0 0.148046875 0.21953125 0.077734375 0.0484375
0 0.177734375 0.180859375 0.04921875 0.048046875
0 0.171875 0.137109375 0.053125 0.041015625
0 0.178125 0.10546875 0.034765625 0.046875
0 0.340234375 0.787890625 0.0640625 0.048046875
0 0.28828125 0.791796875 0.066796875 0.071875
0 0.33515625 0.73671875 0.082421875 0.051953125
0 0.261328125 0.734375 0.06796875 0.0578125
0 0.442578125 0.710546875 0.076953125 0.063671875
0 0.599609375 0.680078125 0.078125 0.05859375
0 0.461328125 0.653515625 0.05546875 0.065625
0 0.50234375 0.67109375 0.064453125 0.065234375
0 0.1421875 0.787109375 0.04140625 0.082421875
0 0.151953125 0.287109375 0.0640625 0.045703125
0 0.16796875 0.323046875 0.06484375 0.0421875
0 0.1453125 0.35390625 0.052734375 0.0484375
0 0.138671875 0.40234375 0.05078125 0.0390625
0 0.18828125 0.41875 0.10078125 0.040625
0 0.1796875 0.378125 0.046484375 0.03671875
0 0.304296875 0.328515625 0.065625 0.047265625
0 0.358984375 0.368359375 0.051953125 0.059375
0 0.568359375 0.410546875 0.062890625 0.062109375
0 0.61484375 0.438671875 0.0625 0.051171875
0 0.48984375 0.475390625 0.07109375 0.05546875
0 0.52109375 0.454296875 0.041796875 0.04765625
0 0.56328125 0.481640625 0.066015625 0.0453125
0 0.56484375 0.4625 0.09296875 0.04453125
0 0.28046875 0.65 0.059375 0.060546875
0 0.323828125 0.697265625 0.07109375 0.03984375
0 0.222265625 0.642578125 0.0671875 0.051953125
0 0.150390625 0.482421875 0.059375 0.05
0 0.140625 0.45546875 0.071484375 0.048046875
0 0.208203125 0.459375 0.0671875 0.0515625
0 0.296875 0.41015625 0.082421875 0.051171875
0 0.2875 0.450390625 0.06484375 0.06328125
0 0.340625 0.434375 0.059765625 0.0609375
0 0.37265625 0.431640625 0.071484375 0.053125
0 0.395703125 0.4703125 0.094140625 0.0484375
0 0.440625 0.521875 0.0875 0.06796875
0 0.368359375 0.57109375 0.040234375 0.0796875
0 0.39765625 0.576953125 0.041015625 0.069921875
0 0.4390625 0.58125 0.058203125 0.0609375
0 0.485546875 0.61171875 0.06484375 0.046484375
0 0.487109375 0.57265625 0.071875 0.067578125
0 0.176953125 0.494140625 0.05 0.03046875
0 0.14140625 0.530078125 0.03046875 0.059765625
0 0.181640625 0.552734375 0.05859375 0.071484375
0 0.20625 0.52578125 0.043359375 0.07421875
0 0.239453125 0.523828125 0.050390625 0.0640625
0 0.26875 0.503515625 0.066796875 0.062109375
0 0.32421875 0.49140625 0.05 0.068359375
0 0.314453125 0.582421875 0.07265625 0.0421875
0 0.34765625 0.61171875 0.0625 0.0578125
0 0.286328125 0.615625 0.054296875 0.048046875
0 0.334765625 0.662109375 0.07265625 0.06484375
0 0.366796875 0.519921875 0.07578125 0.04765625
0 0.172265625 0.720703125 0.088671875 0.03984375
0 0.169921875 0.68671875 0.070703125 0.039453125
0 0.152734375 0.65 0.090625 0.0359375
0 0.151171875 0.605078125 0.059765625 0.05078125
0 0.187890625 0.612109375 0.047265625 0.044140625
0 0.236328125 0.776953125 0.036328125 0.0328125
0 0.23984375 0.749609375 0.062890625 0.053515625
0 0.1921875 0.741796875 0.064453125 0.04296875
0 0.134375 0.746484375 0.050390625 0.033984375
0 0.19375 0.828515625 0.066015625 0.048828125
0 0.178125 0.7921875 0.048046875 0.043359375
0 0.205078125 0.7875 0.035546875 0.03671875
0 0.257421875 0.82890625 0.0734375 0.0578125
0 0.211328125 0.879296875 0.069921875 0.042578125
0 0.22890625 0.859765625 0.04921875 0.02890625
0 0.1578125 0.872265625 0.04375 0.03203125
0 0.523828125 0.908203125 0.057421875 0.037890625
0 0.348828125 0.915625 0.059765625 0.0234375
0 0.905859375 0.355859375 0.052734375 0.071484375
0 0.778515625 0.359765625 0.051171875 0.0625
0 0.821875 0.382421875 0.06015625 0.084765625
0 0.803515625 0.323828125 0.0421875 0.052734375
0 0.749609375 0.41796875 0.1015625 0.071484375
0 0.791796875 0.42890625 0.067578125 0.053125
0 0.86171875 0.412109375 0.08203125 0.058203125
0 0.89296875 0.453125 0.0703125 0.058984375
0 0.90625 0.410546875 0.05703125 0.047265625
0 0.98046875 0.4140625 0.038671875 0.0765625
0 0.9484375 0.344921875 0.04765625 0.066015625
0 0.971875 0.353125 0.05625 0.0640625
0 0.5375 0.630078125 0.0625 0.071484375
0 0.834375 0.46171875 0.07578125 0.055078125
0 0.4765625 0.30859375 0.06171875 0.07265625
0 0.51796875 0.311328125 0.076953125 0.0703125
0 0.252734375 0.569921875 0.073828125 0.050390625
0 0.28203125 0.53515625 0.055859375 0.041796875
0 0.336328125 0.552734375 0.041796875 0.046875