0 0.11484375 0.105078125 0.07421875 0.0796875
0 0.02578125 0.097265625 0.044921875 0.103515625
0 0.009375 0.0765625 0.01875 0.066796875
0 0.054296875 0.06953125 0.05859375 0.050390625
0 0.068359375 0.1171875 0.066796875 0.077734375
0 0.016015625 0.128125 0.031640625 0.0578125
0 0.051953125 0.33984375 0.0640625 0.084765625
0 0.353125 0.51796875 0.06796875 0.08828125
0 0.328515625 0.59765625 0.08125 0.066796875
0 0.161328125 0.85234375 0.0859375 0.069921875
0 0.4390625 0.801171875 0.06328125 0.079296875
0 0.640234375 0.809375 0.077734375 0.059375
0 0.571484375 0.8015625 0.065625 0.072265625
0 0.483203125 0.883203125 0.049609375 0.080859375
0 0.566796875 0.8546875 0.05546875 0.055859375
0 0.512109375 0.8671875 0.058203125 0.057421875
0 0.536328125 0.903125 0.067578125 0.0546875
0 0.610546875 0.84609375 0.053515625 0.071484375
0 0.587890625 0.90390625 0.053125 0.06640625
0 0.651171875 0.850390625 0.04453125 0.04921875
0 0.628515625 0.89453125 0.042578125 0.059765625
0 0.66328125 0.885546875 0.0625 0.094921875
0 0.720703125 0.864453125 0.076171875 0.058984375
0 0.775390625 0.8703125 0.061328125 0.08828125
0 0.72265625 0.906640625 0.080078125 0.053125
0 0.847265625 0.884375 0.062890625 0.08359375
0 0.820703125 0.896484375 0.06015625 0.06796875
0 0.969921875 0.815234375 0.06015625 0.0796875
0 0.912109375 0.87734375 0.086328125 0.07421875
0 0.888671875 0.909765625 0.085546875 0.05703125
0 0.963671875 0.9109375 0.072265625 0.03984375
0 0.975 0.868359375 0.049609375 0.04921875
0 0.57734375 0.440234375 0.082421875 0.075390625
0 0.54921875 0.343359375 0.091796875 0.0765625
0 0.730859375 0.370703125 0.069140625 0.0875
0 0.776171875 0.261328125 0.07421875 0.072265625
0 0.847265625 0.344140625 0.080078125 0.078515625
0 0.94453125 0.0734375 0.098046875 0.074609375
0 0.98125 0.100390625 0.0375 0.07578125
0 0.64296875 0.090234375 0.07265625 0.06796875