0 0.016796875 0.0640625 0.033203125 0.03984375
0 0.016796875 0.10234375 0.033203125 0.046875
0 0.0234375 0.16640625 0.046875 0.079296875
0 0.034375 0.143359375 0.06796875 0.067578125
0 0.048046875 0.0953125 0.06015625 0.09453125
0 0.0890625 0.065234375 0.09375 0.0484375
0 0.09453125 0.116015625 0.06875 0.078125
0 0.08046875 0.157421875 0.074609375 0.06640625
0 0.119921875 0.189453125 0.078125 0.074609375
0 0.165625 0.255859375 0.075390625 0.062109375
0 0.16328125 0.20390625 0.063671875 0.072265625
0 0.190234375 0.165625 0.065234375 0.076171875
0 0.1484375 0.141796875 0.057421875 0.06015625
0 0.19296875 0.108203125 0.048828125 0.06328125
0 0.130859375 0.08359375 0.03828125 0.059375
0 0.15390625 0.0765625 0.05859375 0.078125
0 0.169140625 0.084765625 0.05546875 0.059375
0 0.205859375 0.072265625 0.053125 0.06171875
0 0.23984375 0.07734375 0.057421875 0.058203125
0 0.25859375 0.0875 0.055078125 0.0375
0 0.240234375 0.1265625 0.07109375 0.052734375
0 0.253125 0.16328125 0.083203125 0.059765625
0 0.28515625 0.06796875 0.04609375 0.05390625
0 0.324609375 0.0703125 0.04765625 0.04921875
0 0.29453125 0.109375 0.0484375 0.090234375
0 0.35078125 0.10859375 0.085546875 0.046875
0 0.36875 0.073828125 0.066015625 0.056640625
0 0.412109375 0.09296875 0.06875 0.07109375
0 0.32109375 0.144921875 0.0546875 0.079296875
0 0.35078125 0.162109375 0.082421875 0.085546875
0 0.471875 0.474609375 0.06953125 0.0859375
0 0.64921875 0.489453125 0.101953125 0.0890625
0 0.64296875 0.51796875 0.08203125 0.036328125
0 0.583984375 0.641015625 0.087109375 0.0625
0 0.45078125 0.749609375 0.053125 0.087890625
0 0.442578125 0.820703125 0.0859375 0.05390625
0 0.57578125 0.8859375 0.087890625 0.076953125
0 0.987890625 0.099609375 0.02421875 0.06015625
0 0.92421875 0.11328125 0.064453125 0.062890625
0 0.927734375 0.1703125 0.055859375 0.0765625
0 0.88671875 0.173828125 0.055078125 0.0953125
0 0.8390625 0.1640625 0.069140625 0.07265625
0 0.870703125 0.123046875 0.077734375 0.04296875
0 0.8234375 0.098828125 0.06796875 0.0703125
0 0.890625 0.086328125 0.0734375 0.06640625
0 0.74453125 0.105078125 0.090625 0.062890625
0 0.7140625 0.169921875 0.0609375 0.090234375
0 0.690234375 0.092578125 0.07890625 0.074609375
0 0.64296875 0.105859375 0.059375 0.088671875
0 0.605078125 0.126953125 0.05546875 0.08515625
0 0.56328125 0.1015625 0.050390625 0.08828125
0 0.5234375 0.103125 0.05546875 0.083984375
0 0.48828125 0.081640625 0.0703125 0.066796875
0 0.953515625 0.72109375 0.063671875 0.086328125