0 0.016796875 0.07578125 0.03359375 0.0328125
0 0.037109375 0.091796875 0.06640625 0.051171875
0 0.096875 0.083203125 0.05 0.04140625
0 0.051953125 0.119921875 0.05859375 0.0421875
0 0.015625 0.146875 0.03125 0.047265625
0 0.013671875 0.11640625 0.026953125 0.03984375
0 0.04140625 0.15234375 0.063671875 0.051171875
0 0.0296875 0.18984375 0.059375 0.0453125
0 0.025390625 0.2328125 0.05078125 0.053125
0 0.01015625 0.29140625 0.0203125 0.0484375
0 0.08671875 0.117578125 0.04140625 0.035546875
0 0.08984375 0.15078125 0.041015625 0.071875
0 0.134765625 0.087890625 0.05859375 0.0375
0 0.124609375 0.1234375 0.048828125 0.04765625
0 0.11953125 0.17265625 0.064453125 0.07109375
0 0.15625 0.175 0.051171875 0.076171875
0 0.16484375 0.139453125 0.05625 0.064453125
0 0.19765625 0.122265625 0.04453125 0.066015625
0 0.187109375 0.087890625 0.05625 0.052734375
0 0.228125 0.090625 0.059375 0.035546875
0 0.2234375 0.134375 0.051171875 0.0640625
0 0.198046875 0.188671875 0.047265625 0.059765625
0 0.24453125 0.201953125 0.046484375 0.084765625
0 0.284765625 0.21875 0.0703125 0.050390625
0 0.311328125 0.253515625 0.075390625 0.055078125
0 0.323046875 0.198046875 0.066015625 0.08671875
0 0.276171875 0.1734375 0.041015625 0.058984375
0 0.300390625 0.153515625 0.068359375 0.03828125
0 0.258984375 0.13125 0.05390625 0.05078125
0 0.266015625 0.09375 0.057421875 0.03515625
0 0.297265625 0.088671875 0.075390625 0.04296875
0 0.297265625 0.123828125 0.065234375 0.048828125
0 0.34296875 0.137109375 0.050390625 0.053125
0 0.348046875 0.177734375 0.056640625 0.0359375
0 0.375390625 0.20390625 0.053125 0.0625
0 0.353515625 0.278125 0.04765625 0.09140625
0 0.38125 0.25625 0.0375 0.078125
0 0.277734375 0.32265625 0.058984375 0.080859375
0 0.347265625 0.09375 0.04296875 0.059765625
0 0.3859375 0.0921875 0.04296875 0.061328125
0 0.405859375 0.09921875 0.0375 0.04375
0 0.436328125 0.094140625 0.042578125 0.051953125
0 0.470703125 0.091796875 0.060546875 0.066796875
0 0.513671875 0.096875 0.042578125 0.051953125
0 0.38359375 0.144140625 0.044140625 0.079296875
0 0.424609375 0.13515625 0.054296875 0.058984375
0 0.40234375 0.168359375 0.053515625 0.0515625
0 0.426171875 0.214453125 0.05703125 0.059765625
0 0.429296875 0.25078125 0.059765625 0.072265625
0 0.460546875 0.30234375 0.054296875 0.084375
0 0.515625 0.30625 0.065625 0.073046875
0 0.646484375 0.319921875 0.05 0.0828125
0 0.6921875 0.3140625 0.0484375 0.0796875
0 0.50625 0.23984375 0.064453125 0.057421875
0 0.48671875 0.207421875 0.075390625 0.043359375
0 0.446875 0.182421875 0.052734375 0.049609375
0 0.4625 0.140625 0.042578125 0.059765625
0 0.4734375 0.159765625 0.043359375 0.069921875
0 0.5109375 0.17421875 0.046875 0.06328125
0 0.494921875 0.123046875 0.0375 0.0625
0 0.526171875 0.14453125 0.045703125 0.065625
0 0.56640625 0.21640625 0.053515625 0.075390625
0 0.605078125 0.21171875 0.04609375 0.07890625
0 0.630078125 0.169140625 0.0390625 0.075
0 0.589453125 0.165234375 0.04140625 0.076171875
0 0.559375 0.162890625 0.0453125 0.084375
0 0.54765625 0.1125 0.061328125 0.061328125
0 0.556640625 0.096484375 0.062109375 0.053125
0 0.59453125 0.12578125 0.059375 0.057421875
0 0.599609375 0.092578125 0.050390625 0.043359375
0 0.637890625 0.092578125 0.057421875 0.05390625
0 0.653125 0.14609375 0.06953125 0.06875
0 0.6796875 0.110546875 0.07421875 0.03671875
0 0.697265625 0.1546875 0.04765625 0.069140625
0 0.709375 0.19609375 0.059765625 0.080078125
0 0.7578125 0.1734375 0.051171875 0.071484375
0 0.79453125 0.17734375 0.0453125 0.058984375
0 0.725 0.120703125 0.0453125 0.071484375
0 0.765234375 0.128125 0.059765625 0.023046875
0 0.761328125 0.143359375 0.063671875 0.0265625
0 0.758984375 0.09765625 0.07109375 0.04140625
0 0.7953125 0.12109375 0.045703125 0.069921875
0 0.82890625 0.14609375 0.05859375 0.0875
0 0.85703125 0.10625 0.075390625 0.05546875
0 0.898046875 0.142578125 0.064453125 0.065625
0 0.91328125 0.108203125 0.044140625 0.066796875
0 0.947265625 0.13515625 0.05 0.0859375
0 0.972265625 0.164453125 0.05546875 0.08671875
0 0.9796875 0.13203125 0.040234375 0.05234375
0 0.97109375 0.0984375 0.0578125 0.03984375
0 0.80078125 0.2328125 0.063671875 0.071484375
0 0.989453125 0.2796875 0.020703125 0.033984375
0 0.9375 0.316015625 0.067578125 0.079296875
0 0.905859375 0.412109375 0.08125 0.055859375
0 0.799609375 0.30859375 0.086328125 0.058203125
0 0.977734375 0.788671875 0.04453125 0.07734375
0 0.943359375 0.8234375 0.080078125 0.090625
0 0.860546875 0.78984375 0.066796875 0.08515625
0 0.721484375 0.734765625 0.065625 0.097265625
0 0.73828125 0.6203125 0.06015625 0.058984375
0 0.921484375 0.6640625 0.0796875 0.06796875
0 0.773828125 0.828125 0.051953125 0.078125
0 0.5890625 0.73984375 0.054296875 0.0828125
0 0.44453125 0.563671875 0.08984375 0.0546875
0 0.365625 0.583203125 0.06015625 0.081640625
0 0.3765625 0.662109375 0.0609375 0.069140625
0 0.380078125 0.712109375 0.066015625 0.070703125
0 0.4078125 0.729296875 0.062890625 0.06171875
0 0.41640625 0.765234375 0.058984375 0.04140625
0 0.4734375 0.74375 0.067578125 0.058984375
0 0.662890625 0.802734375 0.045703125 0.073828125
0 0.646484375 0.8609375 0.046484375 0.066796875
0 0.609375 0.876171875 0.04375 0.057421875
0 0.62890625 0.8171875 0.041796875 0.074609375
0 0.605859375 0.82890625 0.038671875 0.0828125
0 0.575390625 0.7984375 0.04609375 0.065625
0 0.533203125 0.8125 0.066015625 0.07265625
0 0.571484375 0.840625 0.05625 0.050390625
0 0.5765625 0.8828125 0.048046875 0.06015625
0 0.543359375 0.885546875 0.0359375 0.07265625
0 0.494140625 0.85859375 0.051171875 0.05390625
0 0.525390625 0.859765625 0.0375 0.0578125
0 0.50703125 0.885546875 0.05546875 0.04453125
0 0.498828125 0.807421875 0.0546875 0.075390625
0 0.45859375 0.7921875 0.04765625 0.07265625
0 0.431640625 0.809765625 0.043359375 0.06875
0 0.46015625 0.836328125 0.041796875 0.05703125
0 0.4609375 0.88359375 0.051953125 0.065625
0 0.42578125 0.884765625 0.0390625 0.048828125
0 0.42265625 0.85 0.051171875 0.057421875
0 0.38515625 0.806640625 0.0609375 0.05625
0 0.3984375 0.866796875 0.04765625 0.0734375
0 0.36953125 0.859765625 0.044140625 0.08984375
0 0.3140625 0.86796875 0.084375 0.07421875
0 0.2734375 0.94140625 0.0640625 0.08125
0 0.2265625 0.850390625 0.075 0.070703125
0 0.244140625 0.780859375 0.054296875 0.08046875
0 0.1421875 0.8125 0.0625 0.100390625
0 0.0125 0.800390625 0.025 0.054296875
0 0.032421875 0.737109375 0.06484375 0.06484375
0 0.021484375 0.656640625 0.04296875 0.046484375
0 0.298828125 0.744140625 0.05625 0.078515625
0 0.393359375 0.459375 0.074609375 0.058984375
0 0.321484375 0.546484375 0.0609375 0.07890625
0 0.234375 0.51328125 0.0828125 0.045703125
0 0.24765625 0.448046875 0.073828125 0.08203125
0 0.14375 0.44765625 0.070703125 0.053515625
0 0.08203125 0.527734375 0.071875 0.06796875
0 0.02265625 0.551953125 0.044921875 0.052734375
0 0.26796875 0.557421875 0.051171875 0.06875
0 0.28671875 0.609765625 0.072265625 0.07265625
0 0.23203125 0.573828125 0.051171875 0.080078125