0 0.981640625 0.05625 0.03671875 0.065625
0 0.659375 0.066015625 0.078515625 0.07265625
0 0.733203125 0.066015625 0.06484375 0.0640625
0 0.705078125 0.20546875 0.069921875 0.075390625
0 0.755859375 0.290625 0.091796875 0.062890625
0 0.71640625 0.125390625 0.063671875 0.082421875
0 0.784765625 0.0796875 0.06484375 0.081640625
0 0.86953125 0.15234375 0.045703125 0.083203125
0 0.896875 0.111328125 0.07421875 0.075390625
0 0.886328125 0.040234375 0.05078125 0.08046875
0 0.83984375 0.06328125 0.053125 0.069921875
0 0.819921875 0.111328125 0.06328125 0.0953125
0 0.95625 0.09140625 0.052734375 0.07109375
0 0.967578125 0.125 0.06484375 0.056640625
0 0.43125 0.1828125 0.0703125 0.082421875
0 0.399609375 0.07109375 0.09140625 0.068359375
0 0.317578125 0.091015625 0.0890625 0.0625
0 0.231640625 0.13515625 0.07890625 0.086328125
0 0.37109375 0.134375 0.072265625 0.087109375
0 0.314453125 0.3421875 0.099609375 0.065625
0 0.558203125 0.5484375 0.058984375 0.087109375
0 0.5125 0.59375 0.112109375 0.073828125
0 0.6984375 0.6140625 0.078515625 0.0859375
0 0.5828125 0.66796875 0.076953125 0.076171875
0 0.3828125 0.77890625 0.087109375 0.07265625
0 0.41171875 0.795703125 0.07890625 0.068359375
0 0.61875 0.86953125 0.08671875 0.0796875
0 0.509375 0.87578125 0.0796875 0.080859375
0 0.45 0.873046875 0.054296875 0.080078125
0 0.373828125 0.894140625 0.078125 0.080078125
0 0.551953125 0.72421875 0.093359375 0.059375
0 0.094921875 0.869921875 0.080078125 0.03203125
0 0.041015625 0.835546875 0.08203125 0.07578125
0 0.019921875 0.783984375 0.03984375 0.06484375
0 0.01328125 0.387890625 0.026171875 0.059375
0 0.158203125 0.3015625 0.0703125 0.078515625
0 0.0890625 0.078515625 0.05703125 0.08828125
0 0.035546875 0.07265625 0.0640625 0.076171875
0 0.011328125 0.06328125 0.022265625 0.060546875
0 0.0265625 0.13515625 0.053125 0.06875
0 0.019921875 0.18515625 0.03984375 0.0578125
0 0.03203125 0.24375 0.063671875 0.066796875
0 0.969921875 0.643359375 0.06015625 0.08046875
0 0.6765625 0.1015625 0.055078125 0.083203125
0 0.92109375 0.078125 0.041796875 0.107421875