0 0.33515625 0.105078125 0.0609375 0.075390625
0 0.242578125 0.2578125 0.075 0.055859375
0 0.317578125 0.266796875 0.061328125 0.071875
0 0.4203125 0.2171875 0.05546875 0.0828125
0 0.400390625 0.41015625 0.087890625 0.062890625
0 0.267578125 0.39921875 0.087890625 0.051171875
0 0.071875 0.501953125 0.096875 0.073046875
0 0.20625 0.630078125 0.073828125 0.065234375
0 0.57421875 0.665234375 0.059375 0.07734375
0 0.52734375 0.743359375 0.0578125 0.078515625
0 0.387890625 0.748828125 0.07890625 0.07265625
0 0.42265625 0.788671875 0.085546875 0.060546875
0 0.03828125 0.84765625 0.0765625 0.0734375
0 0.10078125 0.866015625 0.051171875 0.041015625
0 0.578125 0.887890625 0.086328125 0.075390625
0 0.957421875 0.623828125 0.0765625 0.060546875