0 0.58046875 0.7328125 0.063671875 0.103515625
0 0.425390625 0.810546875 0.090625 0.059765625
0 0.343359375 0.875 0.067578125 0.08046875
0 0.403125 0.884765625 0.07109375 0.06015625
0 0.012109375 0.876953125 0.02421875 0.07265625
0 0.13671875 0.833984375 0.065625 0.0828125
0 0.22109375 0.364453125 0.074609375 0.09296875
0 0.081640625 0.103515625 0.082421875 0.0609375
0 0.2296875 0.112890625 0.0609375 0.069140625
0 0.403125 0.119921875 0.0734375 0.070703125
0 0.31796875 0.11953125 0.058203125 0.06953125
0 0.28671875 0.109375 0.063671875 0.0671875
0 0.2421875 0.16875 0.05625 0.086328125
0 0.353125 0.17265625 0.065234375 0.06484375
0 0.35859375 0.13359375 0.07109375 0.075
0 0.014453125 0.11875 0.02890625 0.0859375
0 0.048046875 0.12890625 0.07109375 0.07578125