0 0.53125 0.742578125 0.064453125 0.08515625
0 0.683203125 0.399609375 0.07265625 0.068359375
0 0.8796875 0.265234375 0.060546875 0.082421875
0 0.980859375 0.1546875 0.037890625 0.06875
0 0.98203125 0.085546875 0.0359375 0.058203125
0 0.96875 0.051953125 0.059375 0.051953125
0 0.94140625 0.0921875 0.056640625 0.054296875
0 0.9203125 0.1375 0.066796875 0.049609375
0 0.8921875 0.10625 0.052734375 0.088671875
0 0.910546875 0.045703125 0.0671875 0.0453125
0 0.870703125 0.075390625 0.041796875 0.09140625
0 0.82734375 0.06171875 0.060546875 0.07578125
0 0.80390625 0.17421875 0.059375 0.08125
0 0.754296875 0.089453125 0.041015625 0.077734375
0 0.741796875 0.13046875 0.053515625 0.06875
0 0.72890625 0.171875 0.046875 0.071484375
0 0.71484375 0.051171875 0.053125 0.05625
0 0.6640625 0.050390625 0.051171875 0.0484375
0 0.66875 0.18984375 0.0609375 0.07421875
0 0.680078125 0.140625 0.0578125 0.048046875
0 0.692578125 0.0984375 0.044140625 0.0484375
0 0.63359375 0.13046875 0.0421875 0.07421875
0 0.628515625 0.205078125 0.056640625 0.07734375
0 0.62265625 0.24375 0.06796875 0.053515625
0 0.61015625 0.290234375 0.0640625 0.052734375
0 0.569140625 0.31015625 0.049609375 0.079296875
0 0.516015625 0.30234375 0.055859375 0.0671875
0 0.5171875 0.241796875 0.05859375 0.065234375
0 0.565625 0.237890625 0.0453125 0.0734375
0 0.59765625 0.156640625 0.0390625 0.0859375
0 0.5515625 0.161328125 0.06171875 0.0734375
0 0.609375 0.093359375 0.041015625 0.054296875
0 0.653125 0.0921875 0.044140625 0.06796875
0 0.620703125 0.048828125 0.055859375 0.053515625
0 0.568359375 0.067578125 0.044921875 0.068359375
0 0.523046875 0.04453125 0.0703125 0.047265625
0 0.52265625 0.084375 0.056640625 0.046875
0 0.4765625 0.1140625 0.033203125 0.09609375
0 0.5203125 0.14609375 0.057421875 0.07734375
0 0.446484375 0.197265625 0.078125 0.062109375
0 0.44296875 0.15390625 0.0421875 0.0515625
0 0.443359375 0.110546875 0.041015625 0.05859375
0 0.47109375 0.05546875 0.047265625 0.0578125
0 0.4265625 0.055859375 0.046484375 0.0671875
0 0.3984375 0.06171875 0.0203125 0.0421875
0 0.374609375 0.078515625 0.0453125 0.044140625
0 0.356640625 0.13359375 0.055078125 0.065234375
0 0.3390625 0.19765625 0.0703125 0.08046875
0 0.340625 0.109375 0.042578125 0.078125
0 0.321875 0.055859375 0.06484375 0.0390625
0 0.3 0.1140625 0.037890625 0.076171875
0 0.263671875 0.109765625 0.048828125 0.06953125
0 0.27265625 0.053125 0.063671875 0.038671875
0 0.2140625 0.0484375 0.06015625 0.036328125
0 0.20703125 0.1375 0.094921875 0.07109375
0 0.225 0.08046875 0.0546875 0.048046875
0 0.180078125 0.06953125 0.0546875 0.06484375
0 0.140234375 0.065234375 0.046875 0.071875
0 0.082421875 0.045703125 0.066796875 0.039453125
0 0.12265625 0.203515625 0.0625 0.090625
0 0.085546875 0.18359375 0.040625 0.0859375
0 0.095703125 0.130859375 0.0578125 0.069921875
0 0.120703125 0.09765625 0.06328125 0.0703125
0 0.052734375 0.13125 0.0484375 0.074609375
0 0.037109375 0.197265625 0.06171875 0.06640625
0 0.0171875 0.2578125 0.034375 0.0671875
0 0.021875 0.059375 0.04375 0.053515625
0 0.018359375 0.143359375 0.03671875 0.06796875