0 0.90625 0.259765625 0.080078125 0.075
0 0.867578125 0.38984375 0.060546875 0.0765625
0 0.716015625 0.458203125 0.066796875 0.06796875
0 0.769921875 0.103125 0.0796875 0.065234375
0 0.471875 0.087109375 0.07109375 0.071484375
0 0.53203125 0.184375 0.062109375 0.0921875
0 0.01328125 0.2296875 0.0265625 0.0546875
0 0.074609375 0.480859375 0.0765625 0.0765625
0 0.22265625 0.483203125 0.055078125 0.08359375
0 0.1625 0.862890625 0.072265625 0.06796875
0 0.11015625 0.881640625 0.0453125 0.03046875
0 0.353515625 0.805078125 0.079296875 0.061328125
0 0.669140625 0.9109375 0.065234375 0.078515625
0 0.56015625 0.8140625 0.083203125 0.058984375
0 0.484375 0.883203125 0.078515625 0.062890625
0 0.533203125 0.88984375 0.06328125 0.087890625
0 0.571875 0.85703125 0.080078125 0.05546875
0 0.939453125 0.680078125 0.075390625 0.07890625
0 0.862890625 0.8875 0.055859375 0.024609375