0 0.01875 0.085546875 0.0375 0.06328125
0 0.082421875 0.08046875 0.0796875 0.073046875
0 0.2421875 0.084765625 0.08828125 0.073046875
0 0.356640625 0.133203125 0.067578125 0.08828125
0 0.443359375 0.10859375 0.085546875 0.071484375
0 0.3359375 0.2203125 0.08671875 0.083203125
0 0.86484375 0.789453125 0.105859375 0.084765625
0 0.53984375 0.8765625 0.08671875 0.069140625
0 0.494921875 0.8921875 0.0765625 0.065234375
0 0.895703125 0.15390625 0.08203125 0.078125
0 0.8984375 0.096484375 0.074609375 0.07265625
0 0.96328125 0.0703125 0.0734375 0.075