0 0.0921875 0.091796875 0.0609375 0.03671875
0 0.13359375 0.08359375 0.0421875 0.0375
0 0.166015625 0.083203125 0.03515625 0.04296875
0 0.196484375 0.07421875 0.04609375 0.04375
0 0.692578125 0.454296875 0.06328125 0.08671875
0 0.657421875 0.412109375 0.07109375 0.05859375
0 0.64453125 0.382421875 0.075 0.04609375
0 0.7734375 0.37890625 0.078125 0.0609375
0 0.7296875 0.358984375 0.078125 0.06328125
0 0.705078125 0.321484375 0.08203125 0.05859375
0 0.897265625 0.400390625 0.06484375 0.06953125
0 0.94296875 0.376953125 0.0515625 0.06484375
0 0.992578125 0.495703125 0.01484375 0.05703125
0 0.95703125 0.523046875 0.0515625 0.07734375
0 0.91171875 0.515234375 0.053125 0.07421875
0 0.88515625 0.55703125 0.0640625 0.0890625
0 0.84140625 0.600390625 0.0859375 0.05234375
0 0.790234375 0.562109375 0.06796875 0.08515625
0 0.676171875 0.71953125 0.09140625 0.0625
0 0.69921875 0.871484375 0.075 0.06484375
0 0.833984375 0.8265625 0.07109375 0.053125
0 0.897265625 0.8125 0.05390625 0.1
0 0.875 0.840625 0.0671875 0.0578125
0 0.84765625 0.874609375 0.065625 0.04609375
0 0.848828125 0.913671875 0.06640625 0.04296875
0 0.9015625 0.908203125 0.0578125 0.04921875
0 0.944140625 0.9125 0.05546875 0.06875
0 0.9796875 0.90703125 0.040625 0.0578125
0 0.988671875 0.8671875 0.02265625 0.0484375
0 0.973828125 0.84296875 0.04765625 0.0359375
0 0.95 0.867578125 0.05 0.05390625
0 0.902734375 0.88046875 0.04453125 0.0453125
0 0.949609375 0.803515625 0.06171875 0.05703125
0 0.963671875 0.772265625 0.07265625 0.03828125
0 0.99140625 0.810546875 0.0171875 0.04140625
0 0.49375 0.6984375 0.0734375 0.078125
0 0.95546875 0.313671875 0.0765625 0.04609375
0 0.97265625 0.275 0.0546875 0.078125
0 0.97578125 0.165625 0.0484375 0.0765625
0 0.976953125 0.108203125 0.04609375 0.04921875
0 0.97734375 0.08125 0.0453125 0.0359375
0 0.99375 0.05390625 0.0125 0.0328125
0 0.948046875 0.059375 0.05703125 0.0484375
0 0.93359375 0.13125 0.0640625 0.06875
0 0.89453125 0.074609375 0.0625 0.06015625
0 0.859765625 0.07265625 0.06484375 0.0578125
0 0.821484375 0.059375 0.04609375 0.0484375
0 0.83984375 0.167578125 0.0671875 0.05546875
0 0.8578125 0.22890625 0.08125 0.0625
0 0.87265625 0.264453125 0.06875 0.05234375
0 0.93046875 0.20703125 0.0640625 0.0890625
0 0.890625 0.17578125 0.053125 0.0671875
0 0.87578125 0.34296875 0.0734375 0.071875
0 0.837109375 0.323828125 0.06015625 0.08984375
0 0.790234375 0.28671875 0.05078125 0.0796875
0 0.7984375 0.217578125 0.08125 0.06328125
0 0.7484375 0.24375 0.0765625 0.059375
0 0.75078125 0.1859375 0.0625 0.0515625
0 0.788671875 0.13828125 0.04140625 0.071875
0 0.8125 0.108984375 0.0453125 0.06640625
0 0.74375 0.071484375 0.0609375 0.04921875
0 0.734765625 0.109765625 0.08671875 0.06640625
0 0.6953125 0.146484375 0.0578125 0.04453125
0 0.696875 0.1890625 0.065625 0.05
0 0.670703125 0.233984375 0.08984375 0.06953125
0 0.633203125 0.237109375 0.05703125 0.06015625
0 0.61796875 0.2875 0.0515625 0.0453125
0 0.608203125 0.332421875 0.08359375 0.05546875
0 0.57578125 0.3078125 0.065625 0.08125
0 0.5890625 0.244140625 0.075 0.05859375
0 0.538671875 0.3515625 0.07265625 0.075
0 0.5171875 0.3171875 0.053125 0.071875
0 0.47265625 0.414453125 0.0609375 0.05859375
0 0.43046875 0.524609375 0.0640625 0.06484375
0 0.3359375 0.601171875 0.071875 0.06015625
0 0.359375 0.50546875 0.0546875 0.0734375
0 0.39453125 0.38984375 0.071875 0.0734375
0 0.407421875 0.329296875 0.07734375 0.07109375
0 0.47421875 0.325390625 0.0515625 0.06953125
0 0.525 0.2390625 0.0515625 0.0609375
0 0.55625 0.187890625 0.065625 0.06328125
0 0.4109375 0.251953125 0.071875 0.06328125
0 0.526953125 0.1484375 0.06640625 0.0578125
0 0.630859375 0.132421875 0.08359375 0.05078125
0 0.646875 0.17421875 0.0796875 0.059375
0 0.607421875 0.19609375 0.07890625 0.0609375
0 0.3578125 0.894921875 0.0765625 0.05703125
0 0.29140625 0.88828125 0.06875 0.0875
0 0.223828125 0.8859375 0.06953125 0.075
0 0.287890625 0.73984375 0.07578125 0.05625
0 0.086328125 0.65859375 0.04296875 0.0421875
0 0.086328125 0.616796875 0.06328125 0.03984375
0 0.084375 0.57578125 0.0625 0.040625
0 0.091796875 0.54921875 0.06796875 0.05
0 0.095703125 0.5078125 0.07109375 0.040625
0 0.09921875 0.4765625 0.071875 0.0359375
0 0.094140625 0.4359375 0.06953125 0.0453125
0 0.086328125 0.3421875 0.05859375 0.0453125
0 0.19921875 0.341796875 0.0640625 0.05078125
0 0.2609375 0.331640625 0.078125 0.08515625
0 0.31328125 0.275390625 0.084375 0.05703125
0 0.3234375 0.371875 0.0859375 0.0546875
0 0.18984375 0.40859375 0.075 0.065625
0 0.28359375 0.21953125 0.084375 0.0484375
0 0.21796875 0.198828125 0.0578125 0.05546875
0 0.177734375 0.178125 0.06953125 0.0546875
0 0.098828125 0.1921875 0.07421875 0.040625
0 0.10078125 0.130859375 0.0609375 0.05234375
0 0.22734375 0.069140625 0.040625 0.04609375
0 0.257421875 0.06484375 0.04296875 0.040625
0 0.303125 0.05859375 0.0640625 0.0421875
0 0.253515625 0.08671875 0.05078125 0.0234375
0 0.26484375 0.11953125 0.0453125 0.0515625
0 0.230859375 0.1234375 0.04140625 0.0546875
0 0.200390625 0.124609375 0.05390625 0.05859375
0 0.152734375 0.117578125 0.05234375 0.04296875
0 0.67734375 0.05703125 0.0453125 0.0390625
0 0.660546875 0.103125 0.05390625 0.05
0 0.62890625 0.069921875 0.0546875 0.05390625
0 0.589453125 0.0734375 0.04609375 0.046875
0 0.548828125 0.09921875 0.05234375 0.040625
0 0.523046875 0.059375 0.06953125 0.0484375
0 0.474609375 0.06484375 0.04765625 0.0546875
0 0.487109375 0.106640625 0.10078125 0.04453125
0 0.491796875 0.24453125 0.06640625 0.071875
0 0.460546875 0.214453125 0.06484375 0.06328125
0 0.39765625 0.065625 0.040625 0.0546875
0 0.439453125 0.07578125 0.04921875 0.0859375
0 0.35 0.090234375 0.0546875 0.04609375
0 0.383203125 0.091015625 0.04609375 0.04609375
0 0.420703125 0.157421875 0.03984375 0.04609375
0 0.378125 0.158203125 0.0515625 0.04921875
0 0.37578125 0.214453125 0.0578125 0.04609375
0 0.228515625 0.2640625 0.05390625 0.053125
0 0.0765625 0.27265625 0.0453125 0.0453125
0 0.104296875 0.228515625 0.08984375 0.04296875
0 0.112890625 0.25234375 0.07265625 0.0421875
0 0.1203125 0.31015625 0.0453125 0.053125
0 0.161328125 0.466796875 0.04140625 0.05234375
0 0.22734375 0.441015625 0.05625 0.06953125
0 0.262109375 0.519921875 0.05390625 0.06484375
0 0.2015625 0.554296875 0.0828125 0.07734375
0 0.155859375 0.5109375 0.09296875 0.04375
0 0.170703125 0.58828125 0.04921875 0.0765625
0 0.29609375 0.68515625 0.0609375 0.05
0 0.219140625 0.790625 0.06328125 0.053125
0 0.109765625 0.8703125 0.03984375 0.044921875
0 0.103515625 0.830078125 0.03984375 0.03828125
0 0.108203125 0.790625 0.07265625 0.0390625
0 0.1 0.758984375 0.05625 0.04140625
0 0.098828125 0.7078125 0.05078125 0.0375
0 0.1640625 0.875390625 0.048828125 0.04765625
0 0.1765625 0.828125 0.048828125 0.044921875