0 0.9921875 0.129296875 0.015625 0.0578125
0 0.847265625 0.12578125 0.052734375 0.075390625
0 0.666796875 0.11875 0.0515625 0.0671875
0 0.62890625 0.161328125 0.065625 0.059765625
0 0.492578125 0.141015625 0.054296875 0.079296875
0 0.4296875 0.115625 0.05625 0.075390625
0 0.43671875 0.201953125 0.0515625 0.079296875
0 0.3109375 0.204296875 0.05546875 0.070703125
0 0.25234375 0.176171875 0.080859375 0.05390625
0 0.0984375 0.128515625 0.080859375 0.06328125
0 0.0140625 0.383984375 0.028125 0.0625
0 0.216796875 0.631640625 0.086328125 0.056640625
0 0.01640625 0.821484375 0.0328125 0.073828125
0 0.312890625 0.793359375 0.057421875 0.075390625
0 0.549609375 0.83828125 0.0515625 0.084765625
0 0.52734375 0.780859375 0.076953125 0.055078125
0 0.517578125 0.691796875 0.0609375 0.060546875
0 0.56953125 0.56640625 0.054296875 0.069140625