0 0.932421875 0.902734375 0.08359375 0.058984375
0 0.8765625 0.808203125 0.07421875 0.07890625
0 0.71953125 0.82265625 0.079296875 0.071484375
0 0.5640625 0.8828125 0.0671875 0.080078125
0 0.366796875 0.870703125 0.08125 0.086328125
0 0.421875 0.90234375 0.054296875 0.045703125
0 0.473828125 0.904296875 0.074609375 0.046875
0 0.64296875 0.376171875 0.076953125 0.053125
0 0.7859375 0.424609375 0.08359375 0.05625
0 0.953515625 0.132421875 0.056640625 0.088671875
0 0.884765625 0.14296875 0.0671875 0.078515625
0 0.8171875 0.18984375 0.06875 0.05859375
0 0.879296875 0.21484375 0.0671875 0.0828125
0 0.923828125 0.212890625 0.0515625 0.07265625
0 0.789453125 0.068359375 0.05390625 0.075390625
0 0.704296875 0.059765625 0.08203125 0.050390625
0 0.696484375 0.142578125 0.08125 0.06171875
0 0.71640625 0.102734375 0.05 0.06640625
0 0.764453125 0.09765625 0.05703125 0.059375
0 0.821484375 0.11875 0.067578125 0.078515625
0 0.50390625 0.1359375 0.069140625 0.07890625
0 0.49375 0.246484375 0.07734375 0.077734375
0 0.204296875 0.0828125 0.039453125 0.063671875
0 0.240625 0.0828125 0.06484375 0.0609375
0 0.20859375 0.140625 0.0640625 0.053515625
0 0.165625 0.198828125 0.071484375 0.062890625
0 0.258984375 0.2046875 0.071875 0.06953125
0 0.17421875 0.096875 0.033984375 0.062109375
0 0.155859375 0.11171875 0.04453125 0.073828125
0 0.133203125 0.21875 0.058203125 0.074609375
0 0.184765625 0.416796875 0.0984375 0.0703125
0 0.385546875 0.45078125 0.0609375 0.075390625
0 0.501171875 0.5453125 0.06796875 0.075
0 0.098046875 0.670703125 0.066015625 0.0734375
0 0.153125 0.75546875 0.070703125 0.05390625
0 0.203125 0.790234375 0.076953125 0.065234375
0 0.121875 0.815625 0.059375 0.042578125
0 0.126953125 0.84921875 0.060546875 0.041015625
0 0.153125 0.880078125 0.043359375 0.0484375
0 0.114453125 0.883203125 0.038671875 0.04765625
0 0.726171875 0.55390625 0.062890625 0.07578125
0 0.778515625 0.5328125 0.069921875 0.06484375