0 0.921875 0.8125 0.069921875 0.0609375
0 0.827734375 0.13515625 0.0625 0.067578125
0 0.568359375 0.148046875 0.064453125 0.08671875
0 0.603125 0.433984375 0.06015625 0.083203125
0 0.16015625 0.447265625 0.05859375 0.077734375
0 0.406640625 0.352734375 0.063671875 0.066796875
0 0.346484375 0.376171875 0.08359375 0.0515625
0 0.365234375 0.416015625 0.072265625 0.0609375
0 0.4171875 0.395703125 0.076171875 0.049609375
0 0.387109375 0.465234375 0.071484375 0.066796875
0 0.34609375 0.52890625 0.04921875 0.087109375
0 0.2828125 0.60703125 0.056640625 0.072265625
0 0.2296875 0.546875 0.0640625 0.055859375
0 0.0109375 0.50234375 0.021875 0.040625
0 0.036328125 0.459765625 0.054296875 0.08671875
0 0.06875 0.490625 0.064453125 0.05546875
0 0.0734375 0.59609375 0.083984375 0.06875
0 0.022265625 0.768359375 0.04453125 0.06953125
0 0.1828125 0.716796875 0.076171875 0.06484375