0 0.985546875 0.45703125 0.02890625 0.06875
0 0.94296875 0.3703125 0.087890625 0.060546875
0 0.86640625 0.4171875 0.071875 0.065625
0 0.976953125 0.840234375 0.04609375 0.08515625
0 0.623046875 0.747265625 0.074609375 0.053515625
0 0.475390625 0.872265625 0.064453125 0.05859375
0 0.56171875 0.82109375 0.079296875 0.065234375
0 0.612109375 0.791796875 0.071484375 0.052734375
0 0.649609375 0.819140625 0.052734375 0.074609375
0 0.75390625 0.812109375 0.0671875 0.096484375
0 0.7015625 0.822265625 0.049609375 0.063671875
0 0.730859375 0.86484375 0.072265625 0.059765625
0 0.525390625 0.864453125 0.055078125 0.076171875
0 0.198828125 0.79921875 0.0546875 0.0765625
0 0.162890625 0.725390625 0.05703125 0.08203125
0 0.2984375 0.6375 0.046484375 0.079296875
0 0.3375 0.65859375 0.0484375 0.068359375
0 0.272265625 0.7 0.0890625 0.057421875
0 0.296875 0.521484375 0.065625 0.080859375
0 0.42421875 0.524609375 0.069921875 0.068359375
0 0.349609375 0.40234375 0.0625 0.077734375
0 0.266796875 0.329296875 0.081640625 0.052734375
0 0.293359375 0.371484375 0.0828125 0.06484375
0 0.29296875 0.201171875 0.0625 0.084375
0 0.37421875 0.168359375 0.07734375 0.075
0 0.365234375 0.259375 0.057421875 0.077734375
0 0.16953125 0.220703125 0.0765625 0.059765625
0 0.1953125 0.11875 0.0828125 0.060546875
0 0.26015625 0.10546875 0.05703125 0.06640625
0 0.596484375 0.20859375 0.053125 0.0828125
0 0.61484375 0.146875 0.087890625 0.058984375
0 0.70859375 0.147265625 0.06953125 0.06484375
0 0.6640625 0.10703125 0.07421875 0.064453125
0 0.016015625 0.11484375 0.031640625 0.058984375
0 0.03828125 0.136328125 0.0765625 0.05
0 0.01796875 0.180078125 0.0359375 0.0703125
0 0.059375 0.179296875 0.056640625 0.0796875
0 0.11171875 0.20390625 0.0578125 0.0796875
0 0.11484375 0.27109375 0.06640625 0.062890625