0 0.103125 0.775390625 0.059765625 0.073828125
0 0.06640625 0.708984375 0.051171875 0.087890625
0 0.02109375 0.486328125 0.0421875 0.076953125
0 0.396875 0.595703125 0.05625 0.080078125
0 0.580078125 0.809375 0.077734375 0.0671875
0 0.553125 0.901171875 0.065234375 0.066015625
0 0.65 0.91015625 0.07890625 0.06015625
0 0.56484375 0.869921875 0.051953125 0.080859375
0 0.608984375 0.896484375 0.0609375 0.075390625
0 0.68984375 0.64375 0.08671875 0.06015625
0 0.75703125 0.74296875 0.081640625 0.079296875
0 0.885546875 0.639453125 0.0609375 0.067578125
0 0.965625 0.621484375 0.06875 0.08828125
0 0.851953125 0.467578125 0.084765625 0.0625
0 0.673046875 0.430859375 0.062890625 0.0890625
0 0.309765625 0.410546875 0.09921875 0.053125
0 0.116015625 0.340625 0.0828125 0.0625
0 0.030078125 0.25390625 0.06015625 0.090625
0 0.010546875 0.18359375 0.02109375 0.04375
0 0.0359375 0.10390625 0.0625 0.098046875
0 0.076171875 0.11328125 0.071875 0.10703125
0 0.151171875 0.125 0.0828125 0.0625
0 0.180078125 0.15625 0.071875 0.070703125
0 0.228515625 0.184375 0.058984375 0.09140625
0 0.2640625 0.128125 0.076171875 0.075
0 0.298046875 0.085546875 0.0671875 0.08125
0 0.342578125 0.159765625 0.05703125 0.094140625
0 0.43828125 0.184765625 0.0890625 0.06953125
0 0.487109375 0.1515625 0.076171875 0.06796875
0 0.565625 0.1796875 0.06328125 0.109375
0 0.541796875 0.096484375 0.058984375 0.0859375
0 0.598828125 0.121875 0.05546875 0.06640625
0 0.6578125 0.101171875 0.0609375 0.084765625
0 0.68046875 0.1328125 0.06484375 0.0796875
0 0.6953125 0.199609375 0.09296875 0.05390625
0 0.780859375 0.14296875 0.080859375 0.064453125
0 0.866796875 0.201953125 0.0625 0.075
0 0.65546875 0.337890625 0.076953125 0.05703125
0 0.962890625 0.14765625 0.07421875 0.0671875
0 0.9734375 0.105859375 0.053125 0.06796875