0 0.8140625 0.102734375 0.08203125 0.1078125
0 0.953125 0.108984375 0.08984375 0.07578125
0 0.8859375 0.28671875 0.0796875 0.1
0 0.833203125 0.20390625 0.0921875 0.066796875
0 0.7203125 0.087890625 0.054296875 0.089453125
0 0.684375 0.07421875 0.05390625 0.0640625
0 0.645703125 0.09765625 0.062890625 0.0859375
0 0.685546875 0.12890625 0.0640625 0.091796875
0 0.12578125 0.79609375 0.068359375 0.08515625
0 0.32890625 0.7875 0.07421875 0.07109375
0 0.1046875 0.536328125 0.080078125 0.10078125
0 0.450390625 0.593359375 0.0546875 0.08359375
0 0.499609375 0.598828125 0.05234375 0.088671875
0 0.423828125 0.45 0.08125 0.06171875
0 0.5515625 0.415625 0.06953125 0.076171875
0 0.45625 0.212890625 0.06953125 0.0703125
0 0.417578125 0.273046875 0.098828125 0.062890625
0 0.38359375 0.864453125 0.066796875 0.083203125
0 0.29921875 0.872265625 0.05 0.07890625
0 0.337109375 0.8546875 0.055859375 0.0796875
0 0.241015625 0.88046875 0.0515625 0.085546875
0 0.26328125 0.91015625 0.075390625 0.056640625
0 0.203125 0.898828125 0.0546875 0.0828125
0 0.158984375 0.903125 0.07421875 0.0625
0 0.03125 0.891015625 0.053515625 0.083984375
0 0.05390625 0.905078125 0.066796875 0.058984375
0 0.085546875 0.86796875 0.058203125 0.07734375
0 0.109375 0.89140625 0.073046875 0.077734375
0 0.3328125 0.908203125 0.078125 0.052734375