0 0.9765625 0.81953125 0.046875 0.071875
0 0.969140625 0.74921875 0.06171875 0.0546875
0 0.887890625 0.795703125 0.061328125 0.079296875
0 0.7078125 0.843359375 0.051171875 0.090625
0 0.582421875 0.798046875 0.07265625 0.069921875
0 0.648046875 0.826171875 0.0765625 0.05703125
0 0.83203125 0.865234375 0.07421875 0.06328125
0 0.896875 0.866796875 0.082421875 0.06015625
0 0.015234375 0.862109375 0.03046875 0.055859375
0 0.013671875 0.7171875 0.02734375 0.0546875
0 0.044921875 0.771484375 0.057421875 0.0796875
0 0.186328125 0.7859375 0.073828125 0.066015625
0 0.156640625 0.855078125 0.08125 0.081640625
0 0.384765625 0.808984375 0.057421875 0.0796875
0 0.351171875 0.646875 0.093359375 0.051171875
0 0.04609375 0.633984375 0.059765625 0.0734375
0 0.05703125 0.448046875 0.07421875 0.069921875
0 0.1875 0.4828125 0.095703125 0.0578125
0 0.3203125 0.30859375 0.065234375 0.084765625
0 0.21640625 0.149609375 0.063671875 0.100390625
0 0.165234375 0.140234375 0.053515625 0.088671875
0 0.1484375 0.19921875 0.075390625 0.06015625
0 0.546875 0.14765625 0.0765625 0.06875
0 0.66171875 0.107421875 0.0765625 0.05703125
0 0.731640625 0.12578125 0.08203125 0.06015625
0 0.531640625 0.29375 0.087890625 0.087890625
0 0.6609375 0.43125 0.089453125 0.075
0 0.712109375 0.5296875 0.05703125 0.075
0 0.9171875 0.490234375 0.0859375 0.05859375
0 0.890625 0.223828125 0.088671875 0.069140625