0 0.304296875 0.105859375 0.058203125 0.1
0 0.35234375 0.1265625 0.058203125 0.06796875
0 0.531640625 0.18359375 0.04921875 0.079296875
0 0.580078125 0.146875 0.075390625 0.051953125
0 0.878125 0.169921875 0.05703125 0.065625
0 0.918359375 0.169140625 0.046875 0.08046875
0 0.24609375 0.523828125 0.053515625 0.090625
0 0.465234375 0.623828125 0.060546875 0.0875
0 0.219140625 0.658984375 0.059375 0.064453125
0 0.053515625 0.754296875 0.06171875 0.076953125
0 0.28828125 0.84453125 0.058203125 0.07265625
0 0.515625 0.805859375 0.092578125 0.06328125
0 0.676953125 0.88828125 0.087109375 0.06328125
0 0.67109375 0.8546875 0.05703125 0.0734375
0 0.69609375 0.869140625 0.04453125 0.067578125
0 0.721484375 0.88984375 0.048828125 0.05234375
0 0.72265625 0.844140625 0.0609375 0.0625