0 0.1125 0.8640625 0.0390625 0.06953125
0 0.14453125 0.8671875 0.04453125 0.071484375
0 0.1734375 0.88671875 0.048828125 0.057421875
0 0.208984375 0.884765625 0.05 0.0703125
0 0.265625 0.889453125 0.069140625 0.062109375
0 0.32265625 0.896875 0.075 0.0609375
0 0.31953125 0.84921875 0.076171875 0.06796875
0 0.3921875 0.888671875 0.069921875 0.055859375
0 0.365625 0.838671875 0.048828125 0.07109375
0 0.40859375 0.83203125 0.070703125 0.067578125
0 0.441015625 0.84609375 0.059375 0.06953125
0 0.443359375 0.89609375 0.05546875 0.063671875
0 0.47734375 0.91015625 0.057421875 0.038671875
0 0.547265625 0.906640625 0.058984375 0.051171875
0 0.512890625 0.8734375 0.04453125 0.081640625
0 0.554296875 0.86328125 0.0765625 0.08046875
0 0.498046875 0.824609375 0.073046875 0.057421875
0 0.65703125 0.77265625 0.062109375 0.0828125
0 0.687890625 0.980078125 0.032421875 0.039453125
0 0.633203125 0.89296875 0.07109375 0.0625
0 0.6875 0.881640625 0.065234375 0.08828125
0 0.72890625 0.8953125 0.06796875 0.06640625
0 0.783203125 0.898046875 0.05234375 0.07578125
0 0.156640625 0.8125 0.065234375 0.066015625
0 0.200390625 0.8296875 0.0640625 0.058984375
0 0.237109375 0.846875 0.08671875 0.055078125
0 0.24453125 0.796484375 0.0921875 0.05
0 0.28671875 0.76875 0.071484375 0.07109375
0 0.35859375 0.780078125 0.1 0.0609375
0 0.46171875 0.756640625 0.059375 0.080859375
0 0.6484375 0.6578125 0.066796875 0.0890625
0 0.4890625 0.653515625 0.069921875 0.07421875
0 0.432421875 0.651171875 0.075 0.0734375
0 0.3796875 0.613671875 0.071875 0.0796875
0 0.42578125 0.583984375 0.05546875 0.061328125
0 0.471875 0.581640625 0.063671875 0.052734375
0 0.26875 0.611328125 0.0765625 0.0625
0 0.278125 0.66953125 0.076953125 0.0625
0 0.33203125 0.665625 0.088671875 0.058984375
0 0.35625 0.72578125 0.073046875 0.073828125
0 0.409765625 0.75 0.05546875 0.077734375
0 0.30703125 0.724609375 0.066796875 0.071484375
0 0.245703125 0.7125 0.082421875 0.056640625
0 0.10625 0.78046875 0.058203125 0.051171875
0 0.11015625 0.73671875 0.060546875 0.049609375
0 0.16640625 0.7515625 0.0640625 0.07578125
0 0.17421875 0.69765625 0.07109375 0.055859375
0 0.107421875 0.6953125 0.075 0.049609375
0 0.127734375 0.652734375 0.05625 0.06640625
0 0.17578125 0.64921875 0.0734375 0.0640625
0 0.19296875 0.6015625 0.073828125 0.072265625
0 0.1421875 0.591015625 0.0640625 0.07890625
0 0.220703125 0.517578125 0.073828125 0.06796875
0 0.509375 0.545703125 0.064453125 0.06875
0 0.55390625 0.534765625 0.06796875 0.0921875
0 0.606640625 0.490625 0.05703125 0.0765625
0 0.655859375 0.440625 0.0859375 0.063671875
0 0.72421875 0.471875 0.06875 0.079296875
0 0.660546875 0.490234375 0.0609375 0.070703125
0 0.70390625 0.5265625 0.0796875 0.0671875
0 0.5171875 0.429296875 0.0875 0.065234375
0 0.4453125 0.456640625 0.079296875 0.07578125
0 0.425 0.41015625 0.098828125 0.059375
0 0.421875 0.359765625 0.089453125 0.057421875
0 0.36640625 0.45 0.0640625 0.07734375
0 0.333203125 0.45703125 0.055859375 0.09296875
0 0.28828125 0.473828125 0.061328125 0.085546875
0 0.28984375 0.405078125 0.079296875 0.07734375
0 0.185546875 0.379296875 0.06328125 0.08515625
0 0.163671875 0.492578125 0.097265625 0.075
0 0.126953125 0.4921875 0.048046875 0.049609375
0 0.112890625 0.52890625 0.059765625 0.060546875
0 0.063671875 0.55 0.0765625 0.088671875
0 0.086328125 0.504296875 0.059375 0.07421875
0 0.09453125 0.44765625 0.087890625 0.06796875
0 0.083984375 0.408203125 0.08828125 0.055078125
0 0.102734375 0.371484375 0.073828125 0.051953125
0 0.1296875 0.09609375 0.05703125 0.049609375
0 0.17421875 0.093359375 0.055859375 0.06875
0 0.212109375 0.0796875 0.076953125 0.0515625
0 0.21171875 0.1234375 0.08125 0.0640625
0 0.10625 0.151953125 0.0546875 0.054296875
0 0.06640625 0.319921875 0.0921875 0.066015625
0 0.108984375 0.25234375 0.055078125 0.06875
0 0.138671875 0.225390625 0.073828125 0.059765625
0 0.226953125 0.287890625 0.076953125 0.096875
0 0.31953125 0.302734375 0.084375 0.071875
0 0.425 0.280078125 0.065234375 0.071875
0 0.468359375 0.287890625 0.0640625 0.085546875
0 0.604296875 0.342578125 0.073828125 0.0875
0 0.71640625 0.303125 0.058203125 0.07421875
0 0.76015625 0.3109375 0.06328125 0.085546875
0 0.621484375 0.244140625 0.084765625 0.066015625
0 0.68046875 0.185546875 0.063671875 0.1078125
0 0.5671875 0.28359375 0.09765625 0.053515625
0 0.5453125 0.23125 0.0953125 0.0671875
0 0.603125 0.173046875 0.086328125 0.09140625
0 0.719140625 0.089453125 0.076953125 0.066796875
0 0.6859375 0.053125 0.096875 0.06171875
0 0.48359375 0.187109375 0.05859375 0.1109375
0 0.4359375 0.159375 0.063671875 0.085546875
0 0.60625 0.078125 0.062109375 0.082421875
0 0.54140625 0.070703125 0.073046875 0.06640625
0 0.494921875 0.0890625 0.059765625 0.083984375
0 0.41484375 0.08359375 0.071875 0.073046875
0 0.330859375 0.168359375 0.06484375 0.090625
0 0.30625 0.0921875 0.084765625 0.06015625
0 0.973046875 0.871875 0.05390625 0.06875
0 0.94453125 0.67265625 0.055078125 0.080859375
0 0.779296875 0.62421875 0.077734375 0.05234375
0 0.789453125 0.833203125 0.06484375 0.066015625
0 0.82421875 0.867578125 0.055859375 0.06640625
0 0.8453125 0.908203125 0.049609375 0.06171875
0 0.880078125 0.896875 0.065625 0.070703125
0 0.918359375 0.8859375 0.060546875 0.078125
0 0.853515625 0.27890625 0.060546875 0.07734375
0 0.906640625 0.295703125 0.061328125 0.083203125
0 0.975 0.290234375 0.05 0.071484375
0 0.8140625 0.19453125 0.063671875 0.08359375
0 0.8625 0.128515625 0.076171875 0.078515625
0 0.95 0.2171875 0.1 0.073828125
0 0.966796875 0.18125 0.06640625 0.052734375
0 0.970703125 0.1359375 0.05859375 0.046875
0 0.97890625 0.0859375 0.0421875 0.0625
0 0.798046875 0.053515625 0.07890625 0.060546875
0 0.779296875 0.08671875 0.066796875 0.07421875