0 0.012890625 0.27109375 0.02578125 0.04375
0 0.11640625 0.251171875 0.07421875 0.046484375
0 0.01796875 0.41875 0.0359375 0.05
0 0.046875 0.614453125 0.0625 0.06015625
0 0.14765625 0.5890625 0.066796875 0.054296875
0 0.086328125 0.74453125 0.062890625 0.054296875
0 0.0671875 0.790234375 0.049609375 0.0765625
0 0.21953125 0.738671875 0.059375 0.05625
0 0.308203125 0.778515625 0.053125 0.053515625
0 0.32265625 0.703125 0.0484375 0.06328125
0 0.440234375 0.802734375 0.06875 0.050390625
0 0.3765625 0.85859375 0.0703125 0.060546875
0 0.401953125 0.8921875 0.060546875 0.053515625
0 0.443359375 0.88984375 0.0671875 0.049609375
0 0.494921875 0.878125 0.0640625 0.06171875
0 0.543359375 0.88984375 0.042578125 0.0796875
0 0.57734375 0.890625 0.05625 0.068359375
0 0.6234375 0.89453125 0.050390625 0.053125
0 0.673046875 0.8890625 0.050390625 0.0671875
0 0.709765625 0.873046875 0.045703125 0.077734375
0 0.896875 0.905078125 0.06484375 0.06796875
0 0.8359375 0.8359375 0.07578125 0.06015625
0 0.90078125 0.73125 0.06171875 0.068359375
0 0.978515625 0.752734375 0.042578125 0.0453125
0 0.8734375 0.639453125 0.051953125 0.071484375
0 0.905859375 0.542578125 0.065234375 0.0703125
0 0.837109375 0.59140625 0.058984375 0.054296875
0 0.73828125 0.641796875 0.05 0.07421875
0 0.628125 0.74140625 0.059375 0.055078125
0 0.638671875 0.685546875 0.051171875 0.07265625
0 0.687890625 0.5875 0.046875 0.07734375
0 0.59140625 0.59140625 0.054296875 0.060546875
0 0.609375 0.51015625 0.059375 0.0546875
0 0.648828125 0.455859375 0.065234375 0.046484375
0 0.7921875 0.30234375 0.0515625 0.0828125
0 0.626953125 0.2609375 0.0671875 0.0609375
0 0.4703125 0.321875 0.06484375 0.078125
0 0.391015625 0.35703125 0.060546875 0.048046875
0 0.419140625 0.456640625 0.053125 0.071875