0 0.014453125 0.52578125 0.02890625 0.048828125
0 0.01484375 0.4890625 0.029296875 0.04609375
0 0.075390625 0.520703125 0.0734375 0.0921875
0 0.2125 0.733203125 0.066015625 0.08515625
0 0.289453125 0.717578125 0.072265625 0.067578125
0 0.391796875 0.675 0.052734375 0.07421875
0 0.591796875 0.7171875 0.0703125 0.065234375
0 0.515234375 0.7078125 0.06875 0.0578125
0 0.404296875 0.809375 0.06171875 0.0828125
0 0.494921875 0.7921875 0.08203125 0.059765625
0 0.373046875 0.84453125 0.055859375 0.080859375
0 0.446484375 0.8875 0.073828125 0.059765625
0 0.5015625 0.89296875 0.067578125 0.06328125
0 0.696875 0.89609375 0.04453125 0.064453125
0 0.736328125 0.865234375 0.048828125 0.062109375