0 0.025 0.115625 0.049609375 0.081640625
0 0.058984375 0.103515625 0.073046875 0.104296875
0 0.489453125 0.13828125 0.08203125 0.058203125
0 0.52109375 0.16171875 0.07109375 0.076171875
0 0.200390625 0.2890625 0.059375 0.08359375
0 0.012109375 0.71953125 0.02421875 0.04375
0 0.0953125 0.792578125 0.09296875 0.076171875
0 0.105859375 0.889453125 0.05703125 0.051953125
0 0.3359375 0.87890625 0.08203125 0.078125
0 0.501171875 0.697265625 0.0515625 0.087890625
0 0.550390625 0.627734375 0.0578125 0.057421875
0 0.770703125 0.723828125 0.073828125 0.063671875
0 0.839453125 0.840234375 0.083984375 0.070703125
0 0.63359375 0.87890625 0.08828125 0.074609375
0 0.527734375 0.86953125 0.06328125 0.064453125
0 0.562890625 0.898046875 0.072265625 0.074609375