0 0.8875 0.88515625 0.062109375 0.049609375
0 0.865234375 0.826953125 0.0453125 0.073828125
0 0.803125 0.8765625 0.06953125 0.045703125
0 0.73125 0.8484375 0.062109375 0.074609375
0 0.712890625 0.925 0.059375 0.06796875
0 0.930859375 0.79765625 0.069921875 0.0421875
0 0.937109375 0.83359375 0.06015625 0.04140625
0 0.93046875 0.88046875 0.046484375 0.05703125
0 0.973046875 0.89140625 0.05390625 0.03828125
0 0.962890625 0.853515625 0.04765625 0.036328125
0 0.990625 0.8671875 0.01875 0.058203125
0 0.978125 0.8171875 0.04375 0.046484375
0 0.977734375 0.768359375 0.04453125 0.06015625
0 0.948046875 0.709375 0.042578125 0.06875
0 0.9078125 0.6984375 0.047265625 0.047265625
0 0.901953125 0.634375 0.06015625 0.051953125
0 0.955078125 0.62265625 0.05 0.0609375
0 0.815234375 0.609375 0.053515625 0.0640625
0 0.743359375 0.687890625 0.04921875 0.060546875
0 0.66484375 0.716015625 0.046875 0.06875
0 0.672265625 0.762109375 0.07109375 0.044140625
0 0.640625 0.8171875 0.0703125 0.04609375
0 0.538671875 0.806640625 0.06015625 0.0765625
0 0.450390625 0.88203125 0.082421875 0.059765625
0 0.508984375 0.73359375 0.063671875 0.0390625
0 0.43828125 0.72578125 0.0734375 0.05625
0 0.3953125 0.80625 0.053125 0.06640625
0 0.382421875 0.763671875 0.0546875 0.04609375
0 0.314453125 0.8640625 0.05859375 0.055078125
0 0.265234375 0.869921875 0.041015625 0.065234375
0 0.179296875 0.87109375 0.035546875 0.0375
0 0.237890625 0.8703125 0.04140625 0.0515625
0 0.16796875 0.8453125 0.041015625 0.048828125
0 0.21015625 0.8703125 0.044140625 0.044921875
0 0.18359375 0.80859375 0.066796875 0.02734375
0 0.206640625 0.8328125 0.0484375 0.040625
0 0.23359375 0.81328125 0.0390625 0.0484375
0 0.3046875 0.82265625 0.082421875 0.05625
0 0.251953125 0.8234375 0.052734375 0.034765625
0 0.235546875 0.78359375 0.022265625 0.000390625
0 0.29296875 0.771484375 0.0625 0.04296875
0 0.2515625 0.785546875 0.059375 0.0375
0 0.155078125 0.78671875 0.045703125 0.037109375
0 0.2 0.778515625 0.050390625 0.0359375
0 0.1671875 0.752734375 0.044140625 0.03671875
0 0.184375 0.734375 0.030859375 0.047265625
0 0.211328125 0.75078125 0.05703125 0.04140625
0 0.258984375 0.75625 0.05 0.04921875
0 0.27109375 0.72890625 0.05234375 0.045703125
0 0.22109375 0.728125 0.056640625 0.036328125
0 0.1625 0.71875 0.0546875 0.0375
0 0.157421875 0.67890625 0.04921875 0.044921875
0 0.2 0.7046875 0.060546875 0.035546875
0 0.362109375 0.7265625 0.0640625 0.038671875
0 0.313671875 0.730859375 0.06484375 0.034765625
0 0.27265625 0.701171875 0.05234375 0.0328125
0 0.2390625 0.69609375 0.05859375 0.0453125
0 0.33046875 0.699609375 0.06796875 0.037890625
0 0.30625 0.678125 0.046875 0.03984375
0 0.272265625 0.666796875 0.052734375 0.044921875
0 0.238671875 0.652734375 0.06640625 0.048828125
0 0.1859375 0.671875 0.06171875 0.0390625
0 0.1515625 0.64296875 0.04453125 0.042578125
0 0.180859375 0.640625 0.06015625 0.040625
0 0.410546875 0.6578125 0.047265625 0.0625
0 0.38046875 0.679296875 0.060546875 0.053125
0 0.3515625 0.665625 0.0671875 0.039453125
0 0.4703125 0.64765625 0.0671875 0.046875
0 0.504296875 0.62578125 0.06953125 0.051953125
0 0.41640625 0.60546875 0.06875 0.047265625
0 0.380859375 0.619140625 0.048046875 0.062109375
0 0.353515625 0.63359375 0.056640625 0.0453125
0 0.354296875 0.59765625 0.051953125 0.033984375
0 0.31640625 0.640625 0.055078125 0.041796875
0 0.30703125 0.619921875 0.059375 0.05390625
0 0.27578125 0.6296875 0.05 0.038671875
0 0.264453125 0.603515625 0.06875 0.05
0 0.221484375 0.601171875 0.04765625 0.06015625
0 0.186328125 0.605859375 0.063671875 0.037890625
0 0.144140625 0.604296875 0.04609375 0.0421875
0 0.446484375 0.588671875 0.069921875 0.0421875
0 0.4015625 0.5609375 0.06640625 0.049609375
0 0.35390625 0.558984375 0.066796875 0.054296875
0 0.30078125 0.587109375 0.056640625 0.040625
0 0.32109375 0.562109375 0.041796875 0.044921875
0 0.28984375 0.55390625 0.0609375 0.046484375
0 0.262890625 0.56484375 0.054296875 0.041796875
0 0.1484375 0.528515625 0.07578125 0.038671875
0 0.1625 0.566015625 0.06796875 0.047265625
0 0.2046875 0.53671875 0.0546875 0.041015625
0 0.22734375 0.555078125 0.066015625 0.051171875
0 0.46171875 0.54921875 0.06796875 0.044140625
0 0.47734375 0.510546875 0.053515625 0.046484375
0 0.43359375 0.52109375 0.0609375 0.04453125
0 0.3921875 0.515625 0.05546875 0.05390625
0 0.264453125 0.517578125 0.06015625 0.040625
0 0.348046875 0.520703125 0.046484375 0.04140625
0 0.31171875 0.512109375 0.05859375 0.053125
0 0.158203125 0.50546875 0.06640625 0.03984375
0 0.159375 0.4765625 0.06171875 0.030859375
0 0.205859375 0.49375 0.054296875 0.051171875
0 0.239453125 0.4875 0.04375 0.041015625
0 0.51875 0.49296875 0.054296875 0.046484375
0 0.494921875 0.4671875 0.04296875 0.0453125
0 0.5296875 0.434375 0.055859375 0.058984375
0 0.483984375 0.433203125 0.064453125 0.046875
0 0.444140625 0.44296875 0.0734375 0.047265625
0 0.4515625 0.39765625 0.049609375 0.05546875
0 0.454296875 0.484375 0.05546875 0.044140625
0 0.42578125 0.48515625 0.039453125 0.043359375
0 0.409765625 0.447265625 0.05 0.051171875
0 0.38984375 0.484375 0.0546875 0.040625
0 0.35078125 0.46484375 0.065234375 0.033203125
0 0.352734375 0.5015625 0.066015625 0.041796875
0 0.311328125 0.47734375 0.05234375 0.0390625
0 0.264453125 0.477734375 0.0515625 0.047265625
0 0.225 0.449609375 0.068359375 0.05
0 0.159375 0.45703125 0.076171875 0.037890625
0 0.153515625 0.42734375 0.08046875 0.037890625
0 0.16171875 0.40859375 0.08125 0.04609375
0 0.376171875 0.4265625 0.0609375 0.058203125
0 0.338671875 0.41484375 0.056640625 0.05234375
0 0.321875 0.444921875 0.066796875 0.044140625
0 0.271484375 0.434375 0.0546875 0.0515625
0 0.19296875 0.401953125 0.058203125 0.047265625
0 0.24375 0.405859375 0.070703125 0.048828125
0 0.288671875 0.406640625 0.061328125 0.041015625
0 0.3984375 0.3828125 0.050390625 0.05
0 0.337109375 0.375 0.063671875 0.044921875
0 0.30703125 0.376171875 0.04765625 0.0609375
0 0.2765625 0.373828125 0.050390625 0.03828125
0 0.13125 0.330078125 0.061328125 0.0578125
0 0.137890625 0.3640625 0.054296875 0.048046875
0 0.1828125 0.36328125 0.064453125 0.052734375
0 0.214453125 0.35546875 0.076171875 0.0453125
0 0.2453125 0.330078125 0.0578125 0.050390625
0 0.288671875 0.326171875 0.048046875 0.06328125
0 0.234765625 0.298046875 0.071875 0.053125
0 0.1859375 0.31328125 0.051171875 0.041015625
0 0.1625 0.26953125 0.06328125 0.065234375
0 0.128515625 0.248828125 0.05234375 0.069140625
0 0.2234375 0.2671875 0.06328125 0.05
0 0.185546875 0.229296875 0.04765625 0.04921875
0 0.15 0.214453125 0.040234375 0.05078125
0 0.194921875 0.18046875 0.07265625 0.0609375
0 0.178515625 0.154296875 0.088671875 0.055078125
0 0.17578125 0.112890625 0.06875 0.045703125
0 0.29921875 0.18359375 0.048828125 0.042578125
0 0.2265625 0.183984375 0.04765625 0.041796875
0 0.26328125 0.1984375 0.0515625 0.053515625
0 0.22109375 0.224609375 0.052734375 0.04765625
0 0.267578125 0.252734375 0.0609375 0.060546875
0 0.312890625 0.228515625 0.068359375 0.04453125
0 0.317578125 0.28828125 0.06953125 0.03671875
0 0.30390625 0.267578125 0.047265625 0.06015625
0 0.334375 0.3171875 0.0640625 0.055078125
0 0.34296875 0.258984375 0.043359375 0.057421875
0 0.380859375 0.273828125 0.061328125 0.047265625
0 0.36796875 0.230078125 0.0671875 0.045703125
0 0.352734375 0.179296875 0.067578125 0.06171875
0 0.33046875 0.1625 0.05703125 0.042578125
0 0.2953125 0.10546875 0.065234375 0.03984375
0 0.326171875 0.130859375 0.073046875 0.0375
0 0.33984375 0.09453125 0.047265625 0.0546875
0 0.38046875 0.11015625 0.053125 0.057421875
0 0.4171875 0.12421875 0.05234375 0.05390625
0 0.4109375 0.183203125 0.054296875 0.069921875
0 0.41796875 0.232421875 0.057421875 0.048046875
0 0.360546875 0.332421875 0.04765625 0.065625
0 0.423828125 0.355078125 0.030859375 0.055078125
0 0.393359375 0.34296875 0.040625 0.04921875
0 0.41484375 0.308203125 0.07265625 0.04375
0 0.494921875 0.367578125 0.0484375 0.06015625
0 0.45546875 0.346484375 0.053125 0.055859375
0 0.5296875 0.344921875 0.050390625 0.04375
0 0.46640625 0.29921875 0.05390625 0.037890625
0 0.507421875 0.303125 0.054296875 0.06640625
0 0.556640625 0.2875 0.04921875 0.068359375
0 0.42890625 0.275390625 0.055078125 0.0484375
0 0.478125 0.263671875 0.05703125 0.041796875
0 0.45546875 0.2265625 0.0640625 0.045703125
0 0.442578125 0.176953125 0.048828125 0.062890625
0 0.45546875 0.126171875 0.04453125 0.0453125
0 0.549609375 0.21875 0.056640625 0.054296875
0 0.54140625 0.251171875 0.048828125 0.0578125
0 0.50625 0.231640625 0.051171875 0.0703125
0 0.47265625 0.194921875 0.050390625 0.038671875
0 0.475390625 0.164453125 0.075390625 0.0578125
0 0.49765625 0.14296875 0.050390625 0.050390625
0 0.49140625 0.1046875 0.0671875 0.04375
0 0.54921875 0.1171875 0.06875 0.043359375
0 0.539453125 0.1515625 0.06171875 0.057421875
0 0.537890625 0.183984375 0.076953125 0.039453125
0 0.594921875 0.176171875 0.062890625 0.0421875
0 0.5921875 0.137890625 0.0609375 0.0390625
0 0.65 0.144140625 0.06875 0.045703125
0 0.694921875 0.1265625 0.043359375 0.0734375
0 0.658984375 0.098828125 0.067578125 0.04609375
0 0.608984375 0.0984375 0.059375 0.046484375
0 0.63984375 0.216796875 0.04765625 0.058984375
0 0.668359375 0.190625 0.055078125 0.0546875
0 0.72421875 0.098046875 0.045703125 0.06953125
0 0.763671875 0.106640625 0.048046875 0.070703125
0 0.8078125 0.105078125 0.0671875 0.050390625
0 0.86953125 0.09375 0.052734375 0.044140625
0 0.915625 0.085546875 0.066796875 0.05
0 0.984765625 0.089453125 0.03046875 0.04375
0 0.99453125 0.1265625 0.0109375 0.0328125
0 0.969140625 0.113671875 0.040625 0.055859375
0 0.93984375 0.125390625 0.042578125 0.066796875
0 0.98984375 0.196484375 0.019921875 0.06015625
0 0.98203125 0.240625 0.035546875 0.040625
0 0.981640625 0.2859375 0.03671875 0.0546875
0 0.983984375 0.3515625 0.03203125 0.046875
0 0.937890625 0.314453125 0.053125 0.06171875
0 0.9421875 0.245703125 0.042578125 0.057421875
0 0.953515625 0.196484375 0.0625 0.045703125
0 0.923828125 0.164453125 0.044921875 0.045703125
0 0.903515625 0.131640625 0.04921875 0.05703125
0 0.86953125 0.127734375 0.04921875 0.044140625
0 0.875390625 0.16640625 0.04375 0.055078125
0 0.896484375 0.19140625 0.057421875 0.053125
0 0.827734375 0.140234375 0.0421875 0.066796875
0 0.846484375 0.17109375 0.05 0.056640625
0 0.898046875 0.228515625 0.0578125 0.04375
0 0.91015625 0.26796875 0.041796875 0.059375
0 0.8765625 0.278125 0.044140625 0.062109375
0 0.872265625 0.2375 0.043359375 0.040625
0 0.839453125 0.263671875 0.048828125 0.05703125
0 0.82890625 0.308984375 0.0515625 0.071484375
0 0.79609375 0.2828125 0.042578125 0.059375
0 0.793359375 0.239453125 0.058984375 0.0390625
0 0.83984375 0.21171875 0.060546875 0.051171875
0 0.803125 0.1921875 0.065234375 0.04921875
0 0.794140625 0.148828125 0.0515625 0.058984375
0 0.746484375 0.14921875 0.05859375 0.0703125
0 0.72265625 0.18125 0.0625 0.048046875
0 0.759765625 0.236328125 0.05703125 0.064453125
0 0.772265625 0.211328125 0.0609375 0.042578125
0 0.7125 0.2125 0.0578125 0.04140625
0 0.72421875 0.283203125 0.060546875 0.03984375
0 0.71953125 0.246875 0.06640625 0.041796875
0 0.6796875 0.244140625 0.03515625 0.0578125
0 0.891015625 0.35078125 0.044921875 0.058984375
0 0.806640625 0.37890625 0.048046875 0.0640625
0 0.75 0.34140625 0.04609375 0.061328125
0 0.72109375 0.319921875 0.04609375 0.04453125
0 0.685546875 0.3015625 0.04453125 0.055859375
0 0.645703125 0.279296875 0.048828125 0.0609375
0 0.6078125 0.331640625 0.0421875 0.0625
0 0.65234375 0.312890625 0.05625 0.0546875
0 0.70625 0.354296875 0.062109375 0.04921875
0 0.760546875 0.387890625 0.047265625 0.063671875
0 0.71875 0.40234375 0.037890625 0.06015625
0 0.678515625 0.375 0.047265625 0.066015625
0 0.6421875 0.353125 0.04921875 0.0671875
0 0.68984375 0.42421875 0.0671875 0.049609375
0 0.70078125 0.4640625 0.058984375 0.048828125
0 0.658203125 0.45625 0.05 0.061328125
0 0.6546875 0.4890625 0.058984375 0.04453125
0 0.635546875 0.523828125 0.0625 0.04140625
0 0.582421875 0.453125 0.06796875 0.056640625
0 0.83125 0.491015625 0.04140625 0.065234375
0 0.95625 0.450390625 0.0609375 0.0609375
0 0.981640625 0.486328125 0.03671875 0.0453125
0 0.65625 0.573828125 0.057421875 0.055078125
0 0.99609375 0.533203125 0.007421875 0.034765625