0 0.759765625 0.384765625 0.078515625 0.059765625
0 0.798046875 0.399609375 0.076171875 0.060546875
0 0.837890625 0.46484375 0.06015625 0.073046875
0 0.98046875 0.400390625 0.0390625 0.06171875
0 0.7625 0.4578125 0.08828125 0.053515625
0 0.547265625 0.5984375 0.051953125 0.087109375
0 0.497265625 0.621875 0.048828125 0.06484375
0 0.30078125 0.666015625 0.079296875 0.071875
0 0.98359375 0.884765625 0.0328125 0.06796875
0 0.946484375 0.873828125 0.0671875 0.06328125
0 0.900390625 0.879296875 0.047265625 0.07890625
0 0.859375 0.880859375 0.048046875 0.06171875
0 0.8078125 0.88125 0.071875 0.058203125
0 0.734765625 0.891015625 0.07421875 0.06015625
0 0.694921875 0.900390625 0.04921875 0.053125
0 0.628125 0.82109375 0.076953125 0.067578125
0 0.6640625 0.858984375 0.05078125 0.06171875
0 0.55546875 0.862109375 0.051953125 0.08203125
0 0.584765625 0.8921875 0.043359375 0.081640625
0 0.6125 0.89375 0.040234375 0.07421875
0 0.649609375 0.895703125 0.046484375 0.073828125
0 0.413671875 0.896484375 0.0671875 0.08125
0 0.487109375 0.88828125 0.059765625 0.065625
0 0.12109375 0.483984375 0.08828125 0.087890625
0 0.2375 0.238671875 0.07421875 0.0625
0 0.23046875 0.2984375 0.059765625 0.078125