0 0.07421875 0.293359375 0.073046875 0.084765625
0 0.11640625 0.134375 0.07421875 0.065625
0 0.148828125 0.094921875 0.062109375 0.083984375
0 0.21875 0.11328125 0.089453125 0.059375
0 0.43828125 0.244921875 0.08125 0.05859375
0 0.5625 0.08046875 0.0578125 0.08203125
0 0.61953125 0.091796875 0.072265625 0.063671875
0 0.6625 0.08359375 0.062109375 0.065625
0 0.706640625 0.088671875 0.055078125 0.08984375
0 0.758984375 0.076953125 0.078125 0.06640625
0 0.843359375 0.1171875 0.0640625 0.08984375
0 0.888671875 0.074609375 0.05703125 0.071484375
0 0.926953125 0.087109375 0.069140625 0.080859375
0 0.9546875 0.10546875 0.052734375 0.080859375
0 0.982421875 0.068359375 0.03515625 0.053515625
0 0.983984375 0.112109375 0.03203125 0.06953125
0 0.2984375 0.474609375 0.06796875 0.06640625
0 0.59609375 0.509375 0.066015625 0.0796875
0 0.67890625 0.483984375 0.07109375 0.077734375
0 0.982421875 0.4046875 0.03515625 0.065625
0 0.93125 0.604296875 0.085546875 0.0796875
0 0.917578125 0.7265625 0.078125 0.101171875
0 0.973828125 0.823046875 0.05234375 0.09296875
0 0.846875 0.728125 0.08125 0.07578125
0 0.7140625 0.87265625 0.06796875 0.071484375
0 0.598828125 0.871875 0.069140625 0.070703125
0 0.584375 0.828125 0.069140625 0.06640625
0 0.526953125 0.863671875 0.082421875 0.054296875
0 0.287109375 0.88828125 0.05390625 0.084765625
0 0.24296875 0.890625 0.058984375 0.07578125
0 0.1890625 0.873046875 0.073046875 0.0828125
0 0.083984375 0.834765625 0.1046875 0.0796875
0 0.0484375 0.84453125 0.096484375 0.060546875
0 0.034765625 0.896484375 0.06953125 0.08046875
0 0.008203125 0.887109375 0.01640625 0.0765625