0 0.675 0.863671875 0.0734375 0.07578125
0 0.478125 0.698828125 0.096875 0.07421875
0 0.273828125 0.673046875 0.074609375 0.078125
0 0.3875 0.7828125 0.078515625 0.0640625
0 0.2921875 0.91171875 0.0640625 0.077734375
0 0.368359375 0.863671875 0.06875 0.09453125
0 0.44140625 0.828125 0.100390625 0.076171875
0 0.426953125 0.883984375 0.0609375 0.06171875
0 0.801953125 0.562890625 0.072265625 0.062890625
0 0.82578125 0.5921875 0.06328125 0.082421875
0 0.41875 0.4109375 0.0703125 0.08359375
0 0.6625 0.199609375 0.073046875 0.0984375
0 0.556640625 0.088671875 0.056640625 0.076171875
0 0.43359375 0.094921875 0.051953125 0.09765625
0 0.518359375 0.0875 0.04609375 0.0890625
0 0.476953125 0.0796875 0.057421875 0.068359375
0 0.046875 0.245703125 0.09375 0.073046875
0 0.033203125 0.061328125 0.04375 0.092578125
0 0.094921875 0.075 0.096875 0.06484375
0 0.1765625 0.090234375 0.06328125 0.084375
0 0.213671875 0.082421875 0.049609375 0.06484375
0 0.25234375 0.08046875 0.04296875 0.06953125
0 0.283203125 0.091015625 0.0484375 0.084765625
0 0.31640625 0.071875 0.05234375 0.058984375
0 0.316796875 0.12578125 0.06171875 0.090625
0 0.35390625 0.083984375 0.043359375 0.090625
0 0.3921875 0.08984375 0.048046875 0.09375
0 0.23671875 0.13046875 0.0640625 0.062890625
0 0.362890625 0.1640625 0.059375 0.076953125
0 0.445703125 0.208203125 0.0984375 0.069921875
0 0.076171875 0.11640625 0.0734375 0.076953125
0 0.0203125 0.11484375 0.040625 0.0890625
0 0.037109375 0.6890625 0.07421875 0.0640625
0 0.091015625 0.88046875 0.06953125 0.038671875
0 0.7375 0.301171875 0.084765625 0.058984375
0 0.94453125 0.126953125 0.06015625 0.092578125
0 0.82421875 0.0875 0.071484375 0.068359375
0 0.922265625 0.202734375 0.078125 0.06796875
0 0.89140625 0.094921875 0.054296875 0.069921875
0 0.848046875 0.111328125 0.05859375 0.093359375
0 0.773828125 0.083203125 0.090234375 0.05546875
0 0.786328125 0.1375 0.0609375 0.096484375
0 0.875390625 0.149609375 0.086328125 0.0640625
0 0.544140625 0.244921875 0.069140625 0.078515625
0 0.008984375 0.154296875 0.01796875 0.06171875