0 0.765625 0.071875 0.059375 0.0640625
0 0.786328125 0.31640625 0.05703125 0.0578125
0 0.705078125 0.474609375 0.05390625 0.05390625
0 0.9015625 0.660546875 0.0640625 0.06171875
0 0.982421875 0.66796875 0.03515625 0.0640625
0 0.983984375 0.815234375 0.03203125 0.05390625
0 0.965625 0.859375 0.06875 0.06875
0 0.647265625 0.842578125 0.06015625 0.05546875
0 0.478125 0.803125 0.0640625 0.05625
0 0.62578125 0.3890625 0.0390625 0.0859375
0 0.56484375 0.2390625 0.065625 0.05
0 0.5296875 0.2109375 0.0609375 0.04375
0 0.480859375 0.175 0.08359375 0.0453125
0 0.4875 0.11953125 0.0515625 0.071875
0 0.451953125 0.390625 0.07734375 0.0546875
0 0.4046875 0.455859375 0.059375 0.06328125
0 0.304296875 0.513671875 0.05703125 0.05859375
0 0.2328125 0.39765625 0.0609375 0.0515625
0 0.18203125 0.36640625 0.0796875 0.0375
0 0.26484375 0.261328125 0.078125 0.05703125
0 0.159375 0.321484375 0.0484375 0.05390625
0 0.143359375 0.258203125 0.05546875 0.07421875
0 0.026953125 0.27578125 0.05234375 0.05625
0 0.010546875 0.459375 0.01953125 0.0609375
0 0.128125 0.55 0.0515625 0.0703125
0 0.17890625 0.635546875 0.078125 0.05390625
0 0.023046875 0.683984375 0.04453125 0.04296875
0 0.0296875 0.81015625 0.05625 0.0421875
0 0.10078125 0.8125 0.0765625 0.04375
0 0.087890625 0.858203125 0.07109375 0.03984375
0 0.025 0.858984375 0.0484375 0.04296875
0 0.020703125 0.91484375 0.03828125 0.05
0 0.068359375 0.91796875 0.05546875 0.0671875
0 0.138671875 0.904296875 0.04765625 0.06796875
0 0.177734375 0.85390625 0.06484375 0.0609375
0 0.19140625 0.904296875 0.0515625 0.07265625
0 0.220703125 0.91640625 0.06796875 0.0484375
0 0.25 0.8546875 0.0515625 0.0703125
0 0.298828125 0.90078125 0.04765625 0.0640625
0 0.34375 0.8921875 0.0359375 0.075
0 0.38515625 0.828515625 0.0578125 0.05234375