0 0.016015625 0.108203125 0.03203125 0.07890625
0 0.194921875 0.16015625 0.055078125 0.078125
0 0.159375 0.114453125 0.052734375 0.07890625
0 0.178515625 0.07265625 0.058984375 0.082421875
0 0.137890625 0.0640625 0.042578125 0.075
0 0.096484375 0.093359375 0.076953125 0.057421875
0 0.085546875 0.051171875 0.0640625 0.049609375
0 0.259375 0.078125 0.0484375 0.09609375
0 0.29140625 0.08671875 0.05 0.08125
0 0.3296875 0.080078125 0.046484375 0.0796875
0 0.3640625 0.08515625 0.047265625 0.0734375
0 0.37578125 0.1328125 0.05234375 0.088671875
0 0.316015625 0.041796875 0.07734375 0.043359375
0 0.43671875 0.10703125 0.053125 0.080078125
0 0.457421875 0.0546875 0.052734375 0.067578125
0 0.5078125 0.06171875 0.053515625 0.083984375
0 0.558984375 0.0796875 0.0734375 0.064453125
0 0.605859375 0.10078125 0.062109375 0.058203125
0 0.59375 0.14375 0.05390625 0.075390625
0 0.61640625 0.20625 0.071484375 0.062109375
0 0.53359375 0.23125 0.078515625 0.065625
0 0.526171875 0.15078125 0.073828125 0.07421875
0 0.479296875 0.197265625 0.067578125 0.06953125
0 0.434765625 0.271875 0.053515625 0.076953125
0 0.01640625 0.253515625 0.0328125 0.06171875
0 0.37109375 0.3921875 0.055859375 0.089453125
0 0.321484375 0.48984375 0.0859375 0.063671875
0 0.06875 0.4421875 0.0765625 0.062109375
0 0.083984375 0.491796875 0.074609375 0.053515625
0 0.03671875 0.903125 0.0734375 0.075
0 0.10546875 0.896875 0.056640625 0.083203125
0 0.319921875 0.792578125 0.08046875 0.066796875
0 0.230078125 0.77109375 0.066796875 0.083203125
0 0.562109375 0.844140625 0.069921875 0.06171875
0 0.58984375 0.81484375 0.07109375 0.045703125
0 0.591015625 0.762109375 0.04765625 0.07578125
0 0.562890625 0.78046875 0.05546875 0.053125
0 0.515234375 0.776171875 0.066796875 0.072265625
0 0.734375 0.840234375 0.06171875 0.079296875
0 0.884765625 0.854296875 0.06015625 0.0859375
0 0.978515625 0.623046875 0.04296875 0.058203125
0 0.878125 0.566015625 0.070703125 0.05390625
0 0.736328125 0.420703125 0.05546875 0.08203125
0 0.78203125 0.529296875 0.072265625 0.06015625
0 0.809375 0.50234375 0.06171875 0.071484375
0 0.8453125 0.324609375 0.06484375 0.06640625
0 0.96640625 0.26640625 0.0671875 0.058984375
0 0.8328125 0.14765625 0.069140625 0.0796875
0 0.984375 0.155078125 0.03125 0.06171875
0 0.983984375 0.072265625 0.031640625 0.090625
0 0.934375 0.044140625 0.082421875 0.0765625
0 0.835546875 0.041796875 0.06953125 0.0828125
0 0.7859375 0.05390625 0.06328125 0.062109375
0 0.7671875 0.0828125 0.0484375 0.076171875
0 0.721875 0.069921875 0.05703125 0.075
0 0.66328125 0.109375 0.06796875 0.080859375
0 0.683203125 0.05546875 0.071484375 0.0625