0 0.14765625 0.21171875 0.04375 0.059375
0 0.1640625 0.169140625 0.059375 0.04140625
0 0.193359375 0.193359375 0.04765625 0.06796875
0 0.1828125 0.13984375 0.065625 0.0390625
0 0.167578125 0.1078125 0.04765625 0.0390625
0 0.205859375 0.109375 0.05703125 0.05625
0 0.240625 0.1078125 0.065625 0.0515625
0 0.29765625 0.099609375 0.0703125 0.04296875
0 0.246484375 0.16171875 0.04453125 0.065625
0 0.305078125 0.1328125 0.08984375 0.03125
0 0.28046875 0.168359375 0.0546875 0.05546875
0 0.31953125 0.17890625 0.05 0.059375
0 0.36171875 0.192578125 0.059375 0.06328125
0 0.23046875 0.214453125 0.071875 0.04765625
0 0.2875 0.21875 0.0625 0.0484375
0 0.341796875 0.242578125 0.06640625 0.06171875
0 0.28671875 0.2796875 0.0734375 0.05
0 0.265625 0.31015625 0.0671875 0.0828125
0 0.212109375 0.24296875 0.06015625 0.0546875
0 0.17421875 0.287109375 0.0375 0.06328125
0 0.21328125 0.291796875 0.0484375 0.05546875
0 0.2203125 0.332421875 0.078125 0.04765625
0 0.160546875 0.377734375 0.06015625 0.05859375
0 0.204296875 0.388671875 0.07578125 0.06015625
0 0.24140625 0.39375 0.071875 0.05625
0 0.227734375 0.421484375 0.06953125 0.05546875
0 0.155859375 0.4171875 0.05703125 0.04375
0 0.16171875 0.45546875 0.0578125 0.0375
0 0.21015625 0.4453125 0.0515625 0.046875
0 0.24921875 0.474609375 0.0609375 0.05859375
0 0.193359375 0.487890625 0.07265625 0.05234375
0 0.15546875 0.491796875 0.0609375 0.03828125
0 0.190625 0.509375 0.053125 0.0390625
0 0.1640625 0.529296875 0.071875 0.03671875
0 0.15703125 0.561328125 0.071875 0.04609375
0 0.151171875 0.599609375 0.06328125 0.06640625
0 0.198046875 0.61640625 0.06640625 0.0421875
0 0.28359375 0.641796875 0.0671875 0.04765625
0 0.2125 0.665625 0.078125 0.0453125
0 0.18515625 0.655078125 0.0703125 0.05078125
0 0.14296875 0.65625 0.053125 0.046875
0 0.162109375 0.695703125 0.06328125 0.03828125
0 0.228125 0.6953125 0.0703125 0.0453125
0 0.165625 0.734375 0.065625 0.0390625
0 0.2203125 0.758984375 0.0515625 0.06015625
0 0.265625 0.73515625 0.078125 0.0515625
0 0.3515625 0.6671875 0.071875 0.0421875
0 0.35703125 0.706640625 0.078125 0.04453125
0 0.171875 0.766796875 0.0765625 0.03984375
0 0.23203125 0.80625 0.065625 0.059375
0 0.18828125 0.812890625 0.034375 0.06640625
0 0.166796875 0.813671875 0.04296875 0.05703125
0 0.29140625 0.812890625 0.0546875 0.04921875
0 0.333203125 0.815234375 0.07265625 0.05234375
0 0.16875 0.844921875 0.04375 0.03515625
0 0.165625 0.868359375 0.053125 0.03671875
0 0.2078125 0.86171875 0.0359375 0.053125
0 0.244921875 0.851171875 0.05859375 0.05234375
0 0.265234375 0.868359375 0.04765625 0.05703125
0 0.298828125 0.865234375 0.04921875 0.05390625
0 0.348828125 0.87734375 0.05859375 0.0640625
0 0.37421875 0.8296875 0.0484375 0.0484375
0 0.291796875 0.90546875 0.05390625 0.034375
0 0.398828125 0.884375 0.04140625 0.0390625
0 0.405078125 0.841796875 0.05703125 0.04453125
0 0.43515625 0.86640625 0.040625 0.071875
0 0.457421875 0.826953125 0.05390625 0.05546875
0 0.50078125 0.80546875 0.071875 0.040625
0 0.470703125 0.87421875 0.04765625 0.0578125
0 0.508203125 0.84375 0.06640625 0.0453125
0 0.552734375 0.81875 0.05703125 0.0578125
0 0.509765625 0.878125 0.06796875 0.0359375
0 0.566796875 0.852734375 0.05703125 0.05859375
0 0.46015625 0.915625 0.05625 0.01875
0 0.5953125 0.912890625 0.046875 0.02578125
0 0.60546875 0.82734375 0.0453125 0.075
0 0.711328125 0.93046875 0.05234375 0.075
0 0.738671875 0.933203125 0.02421875 0.04609375
0 0.648046875 0.780859375 0.05859375 0.05234375
0 0.684765625 0.7875 0.06484375 0.053125
0 0.72109375 0.80703125 0.0703125 0.0484375
0 0.7734375 0.837109375 0.0609375 0.06015625
0 0.77265625 0.88046875 0.0515625 0.0484375
0 0.81328125 0.880078125 0.040625 0.06015625
0 0.6 0.74375 0.059375 0.0671875
0 0.689453125 0.73828125 0.07109375 0.0484375
0 0.733203125 0.760546875 0.06640625 0.04609375
0 0.81484375 0.783984375 0.0375 0.08828125
0 0.846875 0.79921875 0.0375 0.0828125
0 0.8578125 0.8734375 0.0609375 0.0578125
0 0.88046875 0.808984375 0.0453125 0.06796875
0 0.91171875 0.833984375 0.0640625 0.05703125
0 0.9140625 0.882421875 0.05 0.05078125
0 0.95859375 0.875 0.040625 0.06875
0 0.9046875 0.77109375 0.0625 0.046875
0 0.883984375 0.734765625 0.05859375 0.04453125
0 0.7796875 0.730078125 0.0484375 0.07265625
0 0.98671875 0.87109375 0.0265625 0.06875
0 0.977734375 0.825390625 0.04453125 0.04296875
0 0.97265625 0.783203125 0.0421875 0.06171875
0 0.993359375 0.743359375 0.01328125 0.03984375
0 0.93125 0.70859375 0.0578125 0.04375
0 0.87734375 0.695703125 0.0515625 0.05390625
0 0.923046875 0.662890625 0.04765625 0.05234375
0 0.84453125 0.652734375 0.0546875 0.04921875
0 0.79609375 0.638671875 0.05625 0.03046875
0 0.741796875 0.667578125 0.07265625 0.04609375
0 0.7265625 0.42109375 0.0625 0.0609375
0 0.94453125 0.090625 0.0625 0.0546875
0 0.88046875 0.11171875 0.04375 0.071875
0 0.9109375 0.147265625 0.0484375 0.07734375
0 0.886328125 0.18125 0.07421875 0.05
0 0.84375 0.14375 0.0453125 0.0734375
0 0.769921875 0.190234375 0.07578125 0.04765625
0 0.777734375 0.10625 0.04765625 0.0625
0 0.76640625 0.13828125 0.071875 0.0625
0 0.7171875 0.140625 0.046875 0.071875
0 0.670703125 0.150390625 0.06640625 0.05546875
0 0.612890625 0.195703125 0.07265625 0.05546875
0 0.6140625 0.137890625 0.0484375 0.07109375
0 0.451171875 0.11640625 0.08671875 0.065625
0 0.46171875 0.180859375 0.05625 0.05703125
0 0.48203125 0.23828125 0.0578125 0.0703125
0 0.5390625 0.232421875 0.0484375 0.06953125
0 0.583984375 0.286328125 0.08828125 0.06015625
0 0.401171875 0.791796875 0.06796875 0.04765625
0 0.391796875 0.745703125 0.08046875 0.04453125
0 0.4953125 0.75390625 0.05625 0.078125
0 0.460546875 0.785546875 0.04921875 0.04609375
0 0.45 0.74765625 0.05 0.0578125
0 0.5140625 0.659375 0.06875 0.046875
0 0.62265625 0.64296875 0.065625 0.040625
0 0.647265625 0.685546875 0.06796875 0.06328125
0 0.43515625 0.592578125 0.059375 0.05234375
0 0.507421875 0.553515625 0.05078125 0.06640625
0 0.490625 0.611328125 0.06875 0.04140625