0 0.055859375 0.110546875 0.053515625 0.078125
0 0.135546875 0.212109375 0.062890625 0.075
0 0.02421875 0.40625 0.0484375 0.06015625
0 0.02578125 0.47578125 0.051171875 0.063671875
0 0.020703125 0.544140625 0.04140625 0.06796875
0 0.09140625 0.5390625 0.071875 0.081640625
0 0.15859375 0.4796875 0.075 0.061328125
0 0.147265625 0.56328125 0.058984375 0.062890625
0 0.19921875 0.522265625 0.071484375 0.05390625
0 0.21953125 0.59140625 0.071875 0.0484375
0 0.01640625 0.61875 0.0328125 0.05859375
0 0.041015625 0.655859375 0.058203125 0.076953125
0 0.1484375 0.652734375 0.062109375 0.076953125
0 0.202734375 0.6875 0.0546875 0.076953125
0 0.2453125 0.75703125 0.064453125 0.06015625
0 0.01484375 0.78359375 0.029296875 0.05625
0 0.241015625 0.841796875 0.059765625 0.072265625
0 0.233984375 0.625 0.07421875 0.05390625
0 0.480859375 0.680859375 0.04765625 0.07265625
0 0.430078125 0.731640625 0.067578125 0.058984375
0 0.690234375 0.701171875 0.05234375 0.072265625