0 0.115625 0.089453125 0.053515625 0.0796875
0 0.237890625 0.171484375 0.075390625 0.07578125
0 0.18359375 0.277734375 0.045703125 0.064453125
0 0.073828125 0.468359375 0.06328125 0.066015625
0 0.52578125 0.41796875 0.044921875 0.084375
0 0.526171875 0.1890625 0.0453125 0.07265625
0 0.89375 0.269140625 0.05625 0.083203125
0 0.819921875 0.56171875 0.080859375 0.05859375
0 0.934765625 0.624609375 0.08203125 0.05859375
0 0.951953125 0.793359375 0.082421875 0.06171875
0 0.777734375 0.775390625 0.060546875 0.070703125
0 0.791796875 0.853125 0.05546875 0.0640625
0 0.683203125 0.574609375 0.051171875 0.0796875
0 0.546484375 0.603515625 0.071484375 0.06328125
0 0.558203125 0.723828125 0.085546875 0.050390625
0 0.505078125 0.751953125 0.069921875 0.04765625
0 0.49609375 0.806640625 0.0609375 0.066015625
0 0.4515625 0.84921875 0.0578125 0.0671875
0 0.47734375 0.894140625 0.069921875 0.053125
0 0.423828125 0.894140625 0.070703125 0.048046875
0 0.098046875 0.6515625 0.065234375 0.051171875
0 0.06484375 0.731640625 0.071875 0.073828125
0 0.014453125 0.75625 0.02890625 0.0515625
0 0.009765625 0.878515625 0.01953125 0.01953125
0 0.06640625 0.875 0.058984375 0.0328125
0 0.11484375 0.870703125 0.04296875 0.037109375
0 0.171875 0.874609375 0.04921875 0.02734375
0 0.1890625 0.857421875 0.070703125 0.065234375
0 0.304296875 0.93046875 0.03828125 0.066015625
0 0.10625 0.784765625 0.05859375 0.06953125