0 0.101171875 0.096875 0.06640625 0.05625
0 0.346484375 0.083203125 0.07734375 0.09609375
0 0.398828125 0.073828125 0.09453125 0.07734375
0 0.464453125 0.07265625 0.06640625 0.0734375
0 0.480859375 0.13125 0.06796875 0.0875
0 0.516796875 0.08203125 0.05234375 0.10625
0 0.55625 0.0765625 0.0625 0.078125
0 0.612109375 0.098828125 0.09140625 0.08046875
0 0.714453125 0.0796875 0.08203125 0.0640625
0 0.768359375 0.138671875 0.08359375 0.07109375
0 0.801953125 0.08515625 0.07734375 0.059375
0 0.83984375 0.126171875 0.0796875 0.06328125
0 0.88046875 0.17109375 0.09375 0.0609375
0 0.17109375 0.884765625 0.08125 0.05546875
0 0.18359375 0.87890625 0.0453125 0.0671875
0 0.226953125 0.89296875 0.07421875 0.046875
0 0.242578125 0.861328125 0.07265625 0.04609375
0 0.282421875 0.8875 0.05703125 0.0671875
0 0.33203125 0.896875 0.071875 0.0625
0 0.36171875 0.8625 0.084375 0.0640625
0 0.4375 0.846875 0.090625 0.0453125
0 0.51796875 0.8453125 0.0796875 0.0828125
0 0.414453125 0.91015625 0.08046875 0.040625
0 0.482421875 0.91328125 0.06015625 0.0375
0 0.451171875 0.88671875 0.06328125 0.0609375
0 0.496484375 0.88515625 0.03359375 0.0375
0 0.544921875 0.9 0.05703125 0.0609375
0 0.585546875 0.87890625 0.07890625 0.0578125
0 0.6140625 0.8953125 0.0453125 0.0671875
0 0.65703125 0.894921875 0.0515625 0.07421875
0 0.86171875 0.905859375 0.0796875 0.06015625
0 0.6921875 0.976171875 0.0390625 0.04765625
0 0.69296875 0.903515625 0.0609375 0.07890625
0 0.736328125 0.888671875 0.06328125 0.06328125
0 0.757421875 0.88125 0.07421875 0.065625
0 0.949609375 0.88125 0.07421875 0.0625
0 0.990625 0.896484375 0.01875 0.06796875