0 0.0078125 0.70390625 0.015625 0.05234375
0 0.23984375 0.852734375 0.091015625 0.067578125
0 0.458203125 0.76796875 0.078515625 0.06484375
0 0.46171875 0.8203125 0.0671875 0.050390625
0 0.5203125 0.825 0.069921875 0.044921875
0 0.523046875 0.796875 0.091796875 0.050390625
0 0.52734375 0.749609375 0.07578125 0.059765625
0 0.59921875 0.81171875 0.069140625 0.0828125
0 0.55234375 0.8390625 0.0484375 0.0578125
0 0.473828125 0.854296875 0.0640625 0.066015625
0 0.489453125 0.89375 0.076953125 0.055078125
0 0.5171875 0.868359375 0.06015625 0.0515625
0 0.548828125 0.89140625 0.041796875 0.059375
0 0.58515625 0.874609375 0.05 0.075390625
0 0.615234375 0.890234375 0.056640625 0.065625
0 0.647265625 0.882421875 0.046484375 0.082421875
0 0.67421875 0.878125 0.051953125 0.086328125
0 0.6890625 0.830078125 0.053125 0.083203125
0 0.9796875 0.88828125 0.040625 0.0640625
0 0.7890625 0.64921875 0.066796875 0.081640625
0 0.787109375 0.74453125 0.07421875 0.080078125
0 0.779296875 0.797265625 0.076171875 0.073828125
0 0.72890625 0.83515625 0.04375 0.084765625
0 0.71015625 0.887890625 0.044140625 0.069921875
0 0.745703125 0.887890625 0.0515625 0.073046875
0 0.787109375 0.89140625 0.05703125 0.068359375
0 0.761328125 0.844140625 0.044140625 0.072265625
0 0.8078125 0.862890625 0.058984375 0.0734375
0 0.825 0.809765625 0.05859375 0.078515625
0 0.8421875 0.852734375 0.052734375 0.072265625
0 0.862890625 0.88671875 0.062890625 0.065625
0 0.90703125 0.881640625 0.066015625 0.06328125
0 0.95 0.880859375 0.073828125 0.052734375
0 0.975390625 0.8390625 0.04921875 0.06484375
0 0.926953125 0.843359375 0.055859375 0.06171875
0 0.88984375 0.837109375 0.05234375 0.065625
0 0.879296875 0.800390625 0.07109375 0.0609375
0 0.919921875 0.7796875 0.080078125 0.065234375
0 0.966015625 0.78515625 0.06796875 0.0484375
0 0.941796875 0.7375 0.08828125 0.0703125
0 0.050390625 0.165625 0.100390625 0.059375
0 0.03203125 0.121875 0.0640625 0.05546875
0 0.017578125 0.069921875 0.03515625 0.05703125
0 0.0515625 0.09609375 0.066796875 0.05078125
0 0.0921875 0.138671875 0.065625 0.091015625
0 0.135546875 0.14609375 0.0671875 0.08359375
0 0.212109375 0.16796875 0.09296875 0.0671875
0 0.209765625 0.12421875 0.091796875 0.051953125
0 0.059375 0.05625 0.066796875 0.045703125
0 0.108984375 0.063671875 0.074609375 0.058203125
0 0.101953125 0.092578125 0.07109375 0.04453125
0 0.15078125 0.085546875 0.05234375 0.07578125
0 0.169921875 0.05234375 0.07265625 0.046875
0 0.230078125 0.050390625 0.078515625 0.047265625
0 0.1984375 0.08671875 0.05625 0.05078125
0 0.248828125 0.096484375 0.052734375 0.080078125
0 0.288671875 0.071484375 0.0546875 0.10390625
0 0.470703125 0.08046875 0.0640625 0.069921875
0 0.52265625 0.082421875 0.06484375 0.08203125
0 0.363671875 0.179296875 0.068359375 0.10546875
0 0.296484375 0.243359375 0.071875 0.06796875
0 0.400390625 0.25703125 0.0578125 0.078515625
0 0.653515625 0.13984375 0.07578125 0.088671875
0 0.659375 0.07890625 0.08828125 0.06640625
0 0.740625 0.065625 0.08828125 0.06171875
0 0.774609375 0.09609375 0.06484375 0.079296875
0 0.81796875 0.105859375 0.05703125 0.087109375
0 0.8265625 0.058984375 0.07578125 0.062890625
0 0.8875 0.067578125 0.077734375 0.06953125
0 0.9671875 0.050390625 0.065234375 0.055859375
0 0.973046875 0.09765625 0.053515625 0.073828125
0 0.934375 0.06640625 0.079296875 0.066796875
0 0.885546875 0.12578125 0.072265625 0.0734375
0 0.9328125 0.11953125 0.055078125 0.09765625
0 0.96875 0.147265625 0.0625 0.065625
0 0.968359375 0.191015625 0.062890625 0.055078125