0 0.04140625 0.19765625 0.06015625 0.073828125
0 0.087109375 0.179296875 0.065625 0.0703125
0 0.022265625 0.176953125 0.044140625 0.068359375
0 0.012890625 0.126953125 0.02578125 0.0625
0 0.0421875 0.12890625 0.07578125 0.07265625
0 0.010546875 0.052734375 0.02109375 0.06640625
0 0.027734375 0.091796875 0.05546875 0.03984375
0 0.040234375 0.0578125 0.077734375 0.06953125
0 0.11484375 0.0703125 0.05859375 0.093359375
0 0.151171875 0.05859375 0.06640625 0.058984375
0 0.17109375 0.112109375 0.08515625 0.07265625
0 0.203125 0.076953125 0.06640625 0.082421875
0 0.23984375 0.06640625 0.054296875 0.08046875
0 0.265625 0.104296875 0.062890625 0.090234375
0 0.3125 0.08125 0.04921875 0.09375
0 0.351953125 0.0765625 0.0484375 0.09765625
0 0.40859375 0.081640625 0.055859375 0.098828125
0 0.458203125 0.080078125 0.05625 0.091796875
0 0.486328125 0.109765625 0.05859375 0.082421875
0 0.51328125 0.13203125 0.070703125 0.056640625
0 0.50625 0.058203125 0.06015625 0.06328125
0 0.540234375 0.09453125 0.06484375 0.050390625
0 0.559375 0.053125 0.065625 0.0546875
0 0.5921875 0.062109375 0.05859375 0.0625
0 0.547265625 0.175390625 0.052734375 0.083984375
0 0.58671875 0.196875 0.05625 0.07265625
0 0.59375 0.261328125 0.077734375 0.066796875
0 0.598828125 0.161328125 0.06796875 0.065234375
0 0.5734375 0.115234375 0.062890625 0.0546875
0 0.62109375 0.13359375 0.06640625 0.0703125
0 0.634765625 0.064453125 0.04375 0.0703125
0 0.689453125 0.170703125 0.08203125 0.067578125
0 0.6703125 0.063671875 0.05625 0.07734375
0 0.67890625 0.103125 0.06484375 0.083203125
0 0.7078125 0.054296875 0.071484375 0.050390625
0 0.70546875 0.1109375 0.060546875 0.08046875
0 0.74609375 0.143359375 0.0578125 0.08671875
0 0.752734375 0.09140625 0.055859375 0.076953125
0 0.74765625 0.05 0.062109375 0.046875
0 0.799609375 0.0625 0.059375 0.067578125
0 0.795703125 0.10625 0.06015625 0.059765625
0 0.79140625 0.14609375 0.06015625 0.07265625
0 0.80859375 0.206640625 0.05703125 0.091796875
0 0.831640625 0.0609375 0.051953125 0.06875
0 0.8640625 0.08125 0.054296875 0.068359375
0 0.83203125 0.1015625 0.0484375 0.07890625
0 0.855859375 0.148828125 0.061328125 0.07734375
0 0.87890625 0.05390625 0.072265625 0.058203125
0 0.949609375 0.048046875 0.075 0.083203125
0 0.969140625 0.06953125 0.061328125 0.08046875
0 0.989453125 0.06484375 0.020703125 0.05390625
0 0.9734375 0.125390625 0.052734375 0.07265625
0 0.921875 0.15 0.060546875 0.07734375
0 0.98046875 0.178125 0.0390625 0.059375
0 0.425 0.2125 0.055859375 0.08671875
0 0.1625 0.18828125 0.072265625 0.09375
0 0.144140625 0.283203125 0.097265625 0.0609375
0 0.3046875 0.337890625 0.059375 0.091796875
0 0.41015625 0.357421875 0.084375 0.067578125
0 0.7859375 0.4234375 0.070703125 0.08125
0 0.982421875 0.434765625 0.03515625 0.05390625
0 0.98359375 0.518359375 0.0328125 0.0640625
0 0.77421875 0.533984375 0.069921875 0.0640625
0 0.54921875 0.53515625 0.064453125 0.081640625
0 0.480859375 0.594921875 0.08984375 0.0625
0 0.089453125 0.408203125 0.061328125 0.0875
0 0.081640625 0.587109375 0.080859375 0.073046875
0 0.043359375 0.7109375 0.08359375 0.081640625
0 0.241796875 0.73359375 0.06796875 0.098828125
0 0.38125 0.74296875 0.08515625 0.067578125
0 0.31796875 0.807421875 0.07265625 0.064453125
0 0.35859375 0.88359375 0.071484375 0.064453125
0 0.385546875 0.857421875 0.069921875 0.04765625
0 0.414453125 0.891015625 0.06484375 0.051171875
0 0.4703125 0.8890625 0.070703125 0.059765625
0 0.424609375 0.825390625 0.079296875 0.066796875
0 0.481640625 0.817578125 0.053515625 0.0796875
0 0.502734375 0.862109375 0.076953125 0.0609375
0 0.543359375 0.88828125 0.08125 0.058203125
0 0.567578125 0.849609375 0.06796875 0.081640625
0 0.66015625 0.87109375 0.075 0.075390625
0 0.85 0.740625 0.08984375 0.0625
0 0.955078125 0.686328125 0.07265625 0.07265625
0 0.958984375 0.758203125 0.08203125 0.07578125