0 0.0265625 0.243359375 0.051953125 0.067578125
0 0.1140625 0.378515625 0.08515625 0.078515625
0 0.312890625 0.33515625 0.073046875 0.089453125
0 0.33984375 0.446484375 0.074609375 0.0828125
0 0.068359375 0.909375 0.0703125 0.06328125
0 0.119140625 0.909765625 0.06015625 0.064453125
0 0.45390625 0.8765625 0.081640625 0.060546875
0 0.796484375 0.476953125 0.06875 0.0609375
0 0.925 0.82109375 0.0515625 0.109375
0 0.966796875 0.78515625 0.063671875 0.069140625
0 0.96875 0.2953125 0.051953125 0.09140625
0 0.99453125 0.3453125 0.010546875 0.032421875
0 0.380078125 0.0921875 0.063671875 0.0703125