0 0.9828125 0.869921875 0.034375 0.078125
0 0.954296875 0.878125 0.04609375 0.081640625
0 0.927734375 0.883984375 0.046875 0.06796875
0 0.886328125 0.875 0.078515625 0.058984375
0 0.8609375 0.894921875 0.0703125 0.04453125
0 0.81640625 0.8765625 0.050390625 0.08359375
0 0.77734375 0.8796875 0.062109375 0.064453125
0 0.74296875 0.845703125 0.0515625 0.070703125
0 0.709375 0.861328125 0.046875 0.082421875
0 0.73359375 0.9 0.061328125 0.045703125
0 0.675390625 0.876953125 0.044140625 0.087890625
0 0.637890625 0.877734375 0.043359375 0.062890625
0 0.603125 0.87578125 0.0515625 0.07890625
0 0.56953125 0.873828125 0.0453125 0.0890625
0 0.531640625 0.861328125 0.050390625 0.080859375
0 0.442578125 0.871484375 0.08046875 0.06640625
0 0.31328125 0.87734375 0.084765625 0.0796875
0 0.435546875 0.74609375 0.075 0.0609375
0 0.434375 0.78828125 0.073046875 0.058984375
0 0.55703125 0.749609375 0.0515625 0.084375
0 0.623046875 0.77109375 0.0515625 0.086328125
0 0.76640625 0.68515625 0.053125 0.076171875
0 0.842578125 0.766796875 0.073828125 0.084375
0 0.946875 0.80859375 0.083984375 0.0671875
0 0.98125 0.75 0.0375 0.0703125
0 0.984375 0.65859375 0.030859375 0.051953125
0 0.855859375 0.64140625 0.05859375 0.06796875
0 0.976171875 0.450390625 0.04765625 0.06953125
0 0.854296875 0.3015625 0.06328125 0.1015625
0 0.815625 0.339453125 0.090234375 0.063671875
0 0.972265625 0.18828125 0.05546875 0.0609375
0 0.323046875 0.75546875 0.08828125 0.06171875
0 0.24765625 0.73984375 0.055078125 0.075390625
0 0.040234375 0.587109375 0.08046875 0.084375
0 0.165234375 0.516015625 0.072265625 0.087890625
0 0.2859375 0.4234375 0.0578125 0.08515625
0 0.500390625 0.4703125 0.078515625 0.069140625
0 0.584765625 0.536328125 0.061328125 0.07265625
0 0.6484375 0.55703125 0.0640625 0.070703125
0 0.50625 0.576953125 0.054296875 0.0796875
0 0.5515625 0.6 0.053125 0.084375
0 0.115234375 0.17421875 0.06953125 0.10703125
0 0.03515625 0.059375 0.0703125 0.0546875
0 0.087890625 0.071484375 0.05703125 0.06171875
0 0.1390625 0.0578125 0.061328125 0.052734375
0 0.134765625 0.103515625 0.10390625 0.05546875
0 0.185546875 0.0734375 0.055078125 0.08515625
0 0.230078125 0.063671875 0.059375 0.0734375
0 0.284765625 0.04453125 0.060546875 0.0671875
0 0.280078125 0.101171875 0.053125 0.0546875
0 0.31640625 0.07421875 0.042578125 0.070703125
0 0.3609375 0.064453125 0.061328125 0.074609375
0 0.322265625 0.1359375 0.054296875 0.071875
0 0.36484375 0.109375 0.04609375 0.08359375
0 0.406640625 0.0953125 0.053125 0.075390625
0 0.418359375 0.058984375 0.075 0.0546875
0 0.470703125 0.072265625 0.05859375 0.070703125
0 0.474609375 0.11796875 0.0578125 0.075390625
0 0.43671875 0.17890625 0.05234375 0.0796875
0 0.534765625 0.12890625 0.0515625 0.111328125
0 0.515234375 0.080078125 0.0453125 0.087890625
0 0.550390625 0.073046875 0.037890625 0.0953125
0 0.5890625 0.080078125 0.055859375 0.084375
0 0.65625 0.059765625 0.08203125 0.0546875
0 0.69296875 0.085546875 0.043359375 0.09140625
0 0.72578125 0.1015625 0.0515625 0.082421875
0 0.64609375 0.11484375 0.059375 0.070703125
0 0.82109375 0.112109375 0.077734375 0.078125
0 0.967578125 0.08984375 0.060546875 0.080859375
0 0.598046875 0.1984375 0.06328125 0.075390625
0 0.666015625 0.1703125 0.0578125 0.07734375
0 0.722265625 0.201953125 0.08046875 0.058984375