0 0.01796875 0.166796875 0.035546875 0.08359375
0 0.044921875 0.152734375 0.05234375 0.075390625
0 0.077734375 0.17890625 0.08515625 0.05703125
0 0.01953125 0.096484375 0.0390625 0.055078125
0 0.053515625 0.115625 0.0453125 0.053515625
0 0.031640625 0.069140625 0.06328125 0.05625
0 0.080078125 0.069921875 0.046484375 0.063671875
0 0.096875 0.1203125 0.04453125 0.0734375
0 0.13125 0.149609375 0.052734375 0.056640625
0 0.1265625 0.08828125 0.05078125 0.063671875
0 0.144140625 0.192578125 0.076953125 0.064453125
0 0.16875 0.067578125 0.066796875 0.062890625
0 0.21953125 0.19140625 0.073046875 0.056640625
0 0.168359375 0.11875 0.041796875 0.0484375
0 0.18515625 0.15703125 0.052734375 0.046875
0 0.2015625 0.10859375 0.035546875 0.0484375
0 0.241796875 0.135546875 0.045703125 0.069921875
0 0.20078125 0.068359375 0.03515625 0.05
0 0.2546875 0.05859375 0.066796875 0.044140625
0 0.23671875 0.081640625 0.048828125 0.041796875
0 0.269921875 0.13359375 0.04140625 0.08046875
0 0.303515625 0.1046875 0.0453125 0.080859375
0 0.328125 0.082421875 0.048046875 0.098046875
0 0.371484375 0.071875 0.0546875 0.06640625
0 0.37734375 0.1046875 0.056640625 0.0671875
0 0.351953125 0.1734375 0.07578125 0.07421875
0 0.2984375 0.2234375 0.054296875 0.075
0 0.35546875 0.2453125 0.059375 0.06796875
0 0.380859375 0.196484375 0.07578125 0.05234375
0 0.431640625 0.19140625 0.04921875 0.087109375
0 0.473828125 0.1921875 0.05390625 0.0875
0 0.432421875 0.101953125 0.046484375 0.096875
0 0.4765625 0.116015625 0.059375 0.075
0 0.479296875 0.069921875 0.0578125 0.057421875
0 0.537109375 0.079296875 0.0453125 0.06328125
0 0.513671875 0.128125 0.0421875 0.06015625
0 0.57421875 0.11953125 0.0765625 0.052734375
0 0.58671875 0.086328125 0.06875 0.059765625
0 0.666015625 0.116015625 0.081640625 0.065625
0 0.625 0.15625 0.071875 0.06953125
0 0.557421875 0.17734375 0.060546875 0.06640625
0 0.583984375 0.205859375 0.05625 0.0765625
0 0.5390625 0.254296875 0.068359375 0.06328125
0 0.640234375 0.278515625 0.051171875 0.084765625
0 0.683203125 0.250390625 0.052734375 0.096875
0 0.738671875 0.2640625 0.068359375 0.0734375
0 0.93671875 0.0859375 0.08125 0.071484375
0 0.96796875 0.190625 0.0640625 0.0734375
0 0.91796875 0.178515625 0.067578125 0.0734375
0 0.851171875 0.15078125 0.07265625 0.077734375
0 0.823046875 0.175390625 0.07265625 0.068359375
0 0.772265625 0.17109375 0.06328125 0.08046875
0 0.794921875 0.343359375 0.06171875 0.087109375
0 0.70546875 0.349609375 0.058984375 0.08359375
0 0.594921875 0.44453125 0.075390625 0.089453125
0 0.90625 0.41875 0.08125 0.058203125
0 0.8921875 0.5296875 0.08125 0.053515625
0 0.869921875 0.633203125 0.0625 0.09375
0 0.5875 0.764453125 0.07265625 0.0765625
0 0.7890625 0.726171875 0.082421875 0.0625
0 0.86953125 0.74375 0.090234375 0.065625
0 0.97890625 0.81015625 0.0421875 0.0609375
0 0.98046875 0.862890625 0.0390625 0.045703125
0 0.98671875 0.91015625 0.0265625 0.054296875
0 0.955859375 0.904296875 0.060546875 0.06484375
0 0.94453125 0.84921875 0.06640625 0.05234375
0 0.936328125 0.802734375 0.066796875 0.0546875
0 0.8765625 0.794140625 0.05859375 0.06953125
0 0.88671875 0.84609375 0.065625 0.057421875
0 0.90234375 0.893359375 0.06640625 0.049609375
0 0.875 0.91171875 0.079296875 0.06328125
0 0.841015625 0.8140625 0.0546875 0.07890625
0 0.832421875 0.853125 0.061328125 0.0625
0 0.81015625 0.9078125 0.082421875 0.04921875
0 0.8 0.87578125 0.068359375 0.033203125
0 0.782421875 0.804296875 0.073046875 0.04453125
0 0.749609375 0.763671875 0.097265625 0.055859375
0 0.715234375 0.809375 0.08671875 0.059765625
0 0.73515625 0.83125 0.04765625 0.053125
0 0.74921875 0.894140625 0.05546875 0.074609375
0 0.724609375 0.89921875 0.0546875 0.06484375
0 0.6875 0.903125 0.055078125 0.069140625
0 0.679296875 0.84921875 0.07578125 0.05390625
0 0.64296875 0.89375 0.056640625 0.082421875
0 0.60859375 0.899609375 0.066796875 0.073046875
0 0.103125 0.891796875 0.079296875 0.071484375
0 0.03359375 0.398046875 0.0671875 0.07890625