0 0.042578125 0.108984375 0.08515625 0.05546875
0 0.0390625 0.170703125 0.078125 0.073828125
0 0.423046875 0.116015625 0.076953125 0.058203125
0 0.407421875 0.142578125 0.073046875 0.0609375
0 0.97265625 0.31953125 0.054296875 0.070703125
0 0.099609375 0.356640625 0.068359375 0.070703125
0 0.424609375 0.38671875 0.052734375 0.0765625
0 0.87109375 0.47265625 0.049609375 0.0765625
0 0.92890625 0.58671875 0.0625 0.082421875
0 0.986328125 0.873828125 0.026953125 0.07265625
0 0.93359375 0.745703125 0.07109375 0.06484375
0 0.87265625 0.777734375 0.076171875 0.069921875
0 0.769140625 0.825390625 0.076171875 0.058203125
0 0.811328125 0.70234375 0.053515625 0.08359375
0 0.78359375 0.617578125 0.083984375 0.050390625
0 0.34609375 0.48515625 0.065234375 0.07265625
0 0.11328125 0.60625 0.08984375 0.05703125
0 0.047265625 0.84296875 0.080859375 0.058203125
0 0.176953125 0.652734375 0.069140625 0.0796875
0 0.323046875 0.80546875 0.0546875 0.078515625
0 0.38515625 0.840625 0.0828125 0.062890625
0 0.4890625 0.6609375 0.06640625 0.058984375
0 0.51875 0.830859375 0.059375 0.0609375
0 0.622265625 0.85078125 0.061328125 0.062109375
0 0.6109375 0.77578125 0.052734375 0.054296875
0 0.745703125 0.745703125 0.06640625 0.070703125
0 0.708984375 0.76640625 0.049609375 0.066796875
0 0.66953125 0.751171875 0.068359375 0.05625
0 0.648828125 0.72734375 0.0859375 0.047265625
0 0.587890625 0.658203125 0.06328125 0.058984375
0 0.65 0.68046875 0.044921875 0.053125
0 0.65546875 0.65078125 0.069140625 0.054296875
0 0.68203125 0.609765625 0.052734375 0.073828125
0 0.615234375 0.588671875 0.065234375 0.066796875