0 0.0234375 0.192578125 0.046875 0.04765625
0 0.053515625 0.158984375 0.05078125 0.0609375
0 0.04609375 0.0859375 0.0484375 0.04609375
0 0.026953125 0.108984375 0.05390625 0.045703125
0 0.017578125 0.146484375 0.03515625 0.05078125
0 0.082421875 0.085546875 0.0515625 0.051953125
0 0.1078125 0.1421875 0.060546875 0.074609375
0 0.128515625 0.091796875 0.05078125 0.06328125
0 0.173046875 0.09296875 0.07578125 0.057421875
0 0.22578125 0.096484375 0.0546875 0.07109375
0 0.1875 0.129296875 0.05390625 0.059375
0 0.221875 0.144140625 0.052734375 0.034375
0 0.144921875 0.183984375 0.04453125 0.068359375
0 0.1890625 0.182421875 0.058203125 0.0546875
0 0.227734375 0.176953125 0.051953125 0.04921875
0 0.2640625 0.155859375 0.045703125 0.07734375
0 0.30234375 0.1515625 0.0453125 0.0703125
0 0.28671875 0.107421875 0.062890625 0.059765625
0 0.252734375 0.091796875 0.0375 0.0578125
0 0.1546875 0.228515625 0.05078125 0.083984375
0 0.20078125 0.24375 0.053125 0.080078125
0 0.237109375 0.221875 0.06484375 0.064453125
0 0.33125 0.114453125 0.05546875 0.076953125
0 0.4046875 0.1109375 0.078515625 0.057421875
0 0.2859375 0.29921875 0.0734375 0.058203125
0 0.379296875 0.31171875 0.075 0.052734375
0 0.3671875 0.371484375 0.06796875 0.06796875
0 0.43125 0.380859375 0.068359375 0.05859375
0 0.476171875 0.31484375 0.04453125 0.075390625
0 0.509375 0.375 0.083984375 0.0640625
0 0.44609375 0.50234375 0.05234375 0.08125
0 0.25078125 0.412890625 0.064453125 0.063671875
0 0.2125 0.5390625 0.05 0.08671875
0 0.26875 0.5265625 0.05703125 0.070703125
0 0.305859375 0.555859375 0.075 0.050390625
0 0.395703125 0.548828125 0.048046875 0.06796875
0 0.0578125 0.52265625 0.064453125 0.062890625
0 0.01484375 0.52265625 0.0296875 0.071875
0 0.026171875 0.422265625 0.05234375 0.07109375
0 0.035546875 0.312109375 0.058203125 0.0625
0 0.019921875 0.337890625 0.03984375 0.07109375
0 0.113671875 0.434765625 0.075390625 0.075390625
0 0.188671875 0.4109375 0.05703125 0.0765625
0 0.016015625 0.682421875 0.03203125 0.065625
0 0.202734375 0.645703125 0.0734375 0.06484375
0 0.125 0.67890625 0.069140625 0.07109375
0 0.07421875 0.76953125 0.075390625 0.0984375
0 0.1296875 0.733203125 0.08203125 0.046484375
0 0.1390625 0.7828125 0.053515625 0.067578125
0 0.94375 0.23125 0.05546875 0.084375
0 0.965234375 0.19375 0.06953125 0.0546875
0 0.96484375 0.11796875 0.061328125 0.0484375
0 0.92109375 0.14609375 0.073046875 0.0578125
0 0.9203125 0.10390625 0.05078125 0.051171875
0 0.884765625 0.125390625 0.03984375 0.069140625
0 0.84765625 0.123828125 0.048046875 0.075390625
0 0.843359375 0.18203125 0.069921875 0.102734375
0 0.8203125 0.131640625 0.042578125 0.076953125
0 0.782421875 0.11796875 0.046875 0.068359375
0 0.7734375 0.188671875 0.059765625 0.071875
0 0.676171875 0.140625 0.048046875 0.0734375
0 0.710546875 0.1109375 0.042578125 0.090625
0 0.746484375 0.1265625 0.0453125 0.078125
0 0.56328125 0.132421875 0.0703125 0.055859375
0 0.6203125 0.10390625 0.061328125 0.05390625
0 0.571875 0.094140625 0.068359375 0.05
0 0.463671875 0.173046875 0.076171875 0.062890625
0 0.558203125 0.49609375 0.07734375 0.048828125
0 0.653515625 0.525390625 0.062890625 0.0671875
0 0.701171875 0.62421875 0.058203125 0.0609375
0 0.617578125 0.78984375 0.05390625 0.078125
0 0.63515625 0.75859375 0.04296875 0.0515625
0 0.670703125 0.696875 0.048828125 0.071875
0 0.67265625 0.762109375 0.054296875 0.058203125
0 0.627734375 0.7046875 0.050390625 0.055078125
0 0.583203125 0.68125 0.065625 0.0453125
0 0.506640625 0.81875 0.072265625 0.0671875
0 0.5609375 0.785546875 0.051953125 0.078515625
0 0.697265625 0.8453125 0.0765625 0.055859375
0 0.59765625 0.86015625 0.073828125 0.0578125
0 0.48828125 0.84765625 0.05390625 0.07890625
0 0.407421875 0.844140625 0.05 0.088671875
0 0.353125 0.86640625 0.059375 0.060546875
0 0.356640625 0.782421875 0.084375 0.062109375
0 0.36484375 0.82890625 0.05234375 0.065234375
0 0.23203125 0.826953125 0.091796875 0.0546875
0 0.2984375 0.783203125 0.0515625 0.07421875
0 0.36015625 0.66875 0.083984375 0.04765625
0 0.23359375 0.777734375 0.05703125 0.07734375
0 0.301953125 0.734765625 0.080078125 0.055078125
0 0.264453125 0.7015625 0.06171875 0.080078125
0 0.18828125 0.783984375 0.04609375 0.07578125
0 0.21171875 0.7171875 0.04921875 0.056640625
0 0.18515625 0.689453125 0.08359375 0.052734375
0 0.515625 0.680078125 0.06953125 0.051953125
0 0.590234375 0.729296875 0.06953125 0.052734375
0 0.521875 0.722265625 0.06015625 0.051171875
0 0.39296875 0.713671875 0.051171875 0.059765625
0 0.44921875 0.69296875 0.066015625 0.0453125
0 0.45703125 0.742578125 0.040234375 0.062890625
0 0.493359375 0.74375 0.046484375 0.069921875
0 0.4625 0.599609375 0.082421875 0.052734375
0 0.35859375 0.617578125 0.09140625 0.05
0 0.710546875 0.733203125 0.073828125 0.04375
0 0.76484375 0.713671875 0.048046875 0.075
0 0.7515625 0.658984375 0.0640625 0.04921875
0 0.72109375 0.700390625 0.053515625 0.058203125
0 0.7703125 0.77578125 0.069921875 0.056640625
0 0.82109375 0.744140625 0.052734375 0.090234375
0 0.856640625 0.816796875 0.075390625 0.058203125
0 0.90625 0.79609375 0.059375 0.0859375
0 0.851171875 0.7546875 0.0578125 0.07265625
0 0.6765625 0.773046875 0.006640625 0.000390625
0 0.975390625 0.708203125 0.04921875 0.06171875
0 0.922265625 0.740625 0.062109375 0.05078125