0 0.12890625 0.099609375 0.071875 0.071875
0 0.192578125 0.104296875 0.064453125 0.06953125
0 0.2078125 0.153515625 0.083984375 0.060546875
0 0.355078125 0.11875 0.07109375 0.066796875
0 0.4390625 0.11875 0.057421875 0.079296875
0 0.091796875 0.458203125 0.09296875 0.059765625
0 0.2515625 0.44375 0.067578125 0.076171875
0 0.559375 0.58984375 0.07578125 0.06796875
0 0.672265625 0.548828125 0.070703125 0.059765625
0 0.856640625 0.3734375 0.0625 0.098046875
0 0.772265625 0.65625 0.064453125 0.098828125
0 0.742578125 0.7359375 0.059375 0.074609375
0 0.488671875 0.844921875 0.065234375 0.0703125
0 0.51953125 0.806640625 0.083203125 0.059765625
0 0.5296875 0.851953125 0.078125 0.053125
0 0.627734375 0.88515625 0.059375 0.094921875