0 0.028515625 0.0921875 0.05703125 0.05625
0 0.0421875 0.126953125 0.084375 0.03671875
0 0.019140625 0.158984375 0.03828125 0.07265625
0 0.059765625 0.159375 0.065625 0.050390625
0 0.04609375 0.184375 0.0578125 0.069921875
0 0.036328125 0.230859375 0.053515625 0.047265625
0 0.010546875 0.25546875 0.020703125 0.0671875
0 0.010546875 0.2109375 0.020703125 0.058203125
0 0.04140625 0.21484375 0.066796875 0.0578125
0 0.0296875 0.26953125 0.058203125 0.072265625
0 0.075390625 0.259765625 0.0859375 0.057421875
0 0.098046875 0.206640625 0.075390625 0.058984375
0 0.147265625 0.2109375 0.06015625 0.090625
0 0.173828125 0.230078125 0.077734375 0.066015625
0 0.019921875 0.428515625 0.03984375 0.05390625
0 0.137109375 0.40546875 0.090234375 0.058984375
0 0.208203125 0.20703125 0.076171875 0.066796875
0 0.33125 0.282421875 0.06015625 0.085546875
0 0.35234375 0.413671875 0.059765625 0.08515625
0 0.494921875 0.396484375 0.0625 0.08203125
0 0.536328125 0.30625 0.075 0.072265625
0 0.573046875 0.22734375 0.067578125 0.072265625
0 0.07421875 0.109765625 0.037890625 0.07734375
0 0.10546875 0.11796875 0.062109375 0.109375
0 0.128515625 0.097265625 0.052734375 0.040234375
0 0.174609375 0.1046875 0.050390625 0.046875
0 0.209765625 0.11171875 0.0546875 0.0671875
0 0.191015625 0.11328125 0.0484375 0.041796875
0 0.15078125 0.143359375 0.0484375 0.0671875
0 0.17109375 0.173828125 0.04296875 0.04765625
0 0.196484375 0.149609375 0.071875 0.057421875
0 0.25078125 0.174609375 0.080078125 0.073046875
0 0.252734375 0.11640625 0.0515625 0.067578125
0 0.28984375 0.158984375 0.0515625 0.069140625
0 0.280078125 0.103125 0.04609375 0.05625
0 0.31328125 0.119921875 0.05078125 0.0875
0 0.346484375 0.108984375 0.0703125 0.060546875
0 0.319140625 0.21171875 0.075390625 0.0578125
0 0.3828125 0.221484375 0.069140625 0.081640625
0 0.363671875 0.15859375 0.06015625 0.06953125
0 0.420703125 0.167578125 0.07421875 0.056640625
0 0.403125 0.109765625 0.05078125 0.07578125
0 0.45703125 0.136328125 0.06484375 0.06328125
0 0.442578125 0.1109375 0.055078125 0.066015625
0 0.905078125 0.482421875 0.08046875 0.056640625
0 0.622265625 0.508203125 0.074609375 0.0546875
0 0.97421875 0.558203125 0.0515625 0.06328125
0 0.84296875 0.383984375 0.07109375 0.071484375
0 0.7265625 0.377734375 0.0640625 0.069921875
0 0.51328125 0.18515625 0.0625 0.094921875
0 0.5109375 0.105078125 0.076171875 0.049609375
0 0.52265625 0.133203125 0.07421875 0.059765625
0 0.546875 0.164453125 0.05390625 0.07421875
0 0.569140625 0.109765625 0.0578125 0.062109375
0 0.594140625 0.116796875 0.052734375 0.063671875
0 0.5921875 0.1671875 0.0671875 0.058203125
0 0.645703125 0.1671875 0.06171875 0.063671875
0 0.62734375 0.109765625 0.051171875 0.071484375
0 0.65234375 0.11171875 0.06171875 0.0734375
0 0.69453125 0.14296875 0.04921875 0.066796875
0 0.655859375 0.204296875 0.060546875 0.0796875
0 0.689453125 0.224609375 0.0578125 0.08671875
0 0.834375 0.222265625 0.069921875 0.066796875
0 0.738671875 0.157421875 0.053125 0.072265625
0 0.7734375 0.130078125 0.045703125 0.068359375
0 0.738671875 0.09765625 0.058203125 0.061328125
0 0.796484375 0.11015625 0.0640625 0.06796875
0 0.840625 0.10546875 0.065234375 0.065234375
0 0.87421875 0.115234375 0.044140625 0.08515625
0 0.9015625 0.137109375 0.0546875 0.092578125
0 0.9328125 0.1546875 0.05546875 0.085546875
0 0.91875 0.1 0.046484375 0.049609375
0 0.966796875 0.140234375 0.058203125 0.079296875
0 0.983203125 0.12734375 0.03359375 0.071875
0 0.01015625 0.66953125 0.0203125 0.075390625
0 0.03984375 0.860546875 0.06484375 0.082421875
0 0.07421875 0.889453125 0.059765625 0.094921875
0 0.2328125 0.883203125 0.06015625 0.08828125
0 0.351171875 0.876953125 0.050390625 0.076171875
0 0.324609375 0.80390625 0.073828125 0.087109375
0 0.42109375 0.734765625 0.0546875 0.08671875
0 0.161328125 0.61328125 0.096484375 0.078515625
0 0.261328125 0.601953125 0.064453125 0.0796875
0 0.509375 0.64296875 0.085546875 0.05390625
0 0.71171875 0.858984375 0.088671875 0.055078125
0 0.696484375 0.894140625 0.067578125 0.04921875
0 0.69609375 0.81328125 0.074609375 0.0609375
0 0.6546875 0.836328125 0.048828125 0.076953125
0 0.6421875 0.89140625 0.063671875 0.051171875
0 0.597265625 0.889453125 0.04609375 0.05234375
0 0.619140625 0.865625 0.04453125 0.0625
0 0.60703125 0.81171875 0.055859375 0.083984375
0 0.578125 0.865625 0.046484375 0.074609375
0 0.539453125 0.88125 0.05 0.06796875
0 0.512109375 0.8890625 0.041796875 0.053515625
0 0.476953125 0.886328125 0.04296875 0.0578125
0 0.425390625 0.85625 0.071875 0.049609375
0 0.388671875 0.872265625 0.04921875 0.07734375
0 0.369921875 0.81015625 0.080078125 0.057421875
0 0.42890625 0.809765625 0.04921875 0.0828125
0 0.466796875 0.802734375 0.050390625 0.07578125
0 0.500390625 0.846875 0.055859375 0.048828125
0 0.557421875 0.8328125 0.05703125 0.073046875
0 0.50625 0.808203125 0.055078125 0.075
0 0.553125 0.809765625 0.06875 0.081640625