0 0.9734375 0.151953125 0.053125 0.073828125
0 0.9515625 0.0796875 0.07578125 0.071484375
0 0.762109375 0.065625 0.065625 0.085546875
0 0.70859375 0.104296875 0.066015625 0.0859375
0 0.674609375 0.071484375 0.06875 0.0640625
0 0.643359375 0.12734375 0.06328125 0.083203125
0 0.588671875 0.139453125 0.06015625 0.0671875
0 0.53515625 0.1640625 0.066015625 0.076171875
0 0.452734375 0.17109375 0.06640625 0.08125
0 0.387109375 0.191015625 0.057421875 0.0828125
0 0.29140625 0.20546875 0.073828125 0.069140625
0 0.271875 0.275 0.0890625 0.091015625
0 0.1234375 0.233984375 0.08359375 0.072265625
0 0.073046875 0.2921875 0.08671875 0.07109375
0 0.605078125 0.101171875 0.08046875 0.05859375
0 0.602734375 0.058984375 0.07734375 0.05546875
0 0.55078125 0.069140625 0.068359375 0.060546875
0 0.527734375 0.1109375 0.06953125 0.0671875
0 0.502734375 0.072265625 0.04765625 0.083203125
0 0.465234375 0.075 0.05859375 0.082421875
0 0.42421875 0.078515625 0.049609375 0.08359375
0 0.389453125 0.087109375 0.048046875 0.093359375
0 0.34921875 0.1203125 0.065625 0.0703125
0 0.313671875 0.11171875 0.051171875 0.062109375
0 0.345703125 0.069140625 0.0671875 0.07265625
0 0.31328125 0.066015625 0.055078125 0.059765625
0 0.2765625 0.062890625 0.04296875 0.073046875
0 0.2625 0.12265625 0.061328125 0.076953125
0 0.233984375 0.080859375 0.051171875 0.0875
0 0.14921875 0.1203125 0.08671875 0.066796875
0 0.188671875 0.055078125 0.071875 0.03671875
0 0.178125 0.076171875 0.076171875 0.06328125
0 0.144921875 0.068359375 0.08203125 0.075390625
0 0.081640625 0.058203125 0.05546875 0.10703125
0 0.0375 0.078515625 0.075 0.08828125
0 0.666796875 0.21171875 0.0671875 0.078125
0 0.50546875 0.23203125 0.094921875 0.0640625
0 0.4890625 0.289453125 0.08984375 0.069921875
0 0.599609375 0.34453125 0.06640625 0.082421875
0 0.5203125 0.345703125 0.087109375 0.0765625
0 0.378515625 0.30625 0.0890625 0.069921875
0 0.31484375 0.36796875 0.078125 0.05703125
0 0.06796875 0.461328125 0.115234375 0.0625
0 0.51796875 0.447265625 0.08203125 0.07578125
0 0.826171875 0.53125 0.084765625 0.068359375
0 0.526953125 0.512890625 0.061328125 0.0734375
0 0.2046875 0.653515625 0.09296875 0.06328125
0 0.284765625 0.626171875 0.06796875 0.0765625
0 0.3765625 0.63046875 0.073828125 0.086328125
0 0.56953125 0.694921875 0.086328125 0.069140625
0 0.55078125 0.88671875 0.065234375 0.08046875
0 0.50703125 0.8890625 0.057421875 0.075390625
0 0.158984375 0.851953125 0.06015625 0.077734375
0 0.078515625 0.876171875 0.080859375 0.03125
0 0.030078125 0.869921875 0.06015625 0.038671875
0 0.734375 0.782421875 0.05625 0.11015625
0 0.806640625 0.816796875 0.08203125 0.0796875
0 0.925390625 0.49765625 0.066796875 0.08359375
0 0.9796875 0.41953125 0.040625 0.0671875
0 0.0328125 0.18046875 0.065625 0.0546875
0 0.039453125 0.229296875 0.07890625 0.069140625
0 0.069921875 0.200390625 0.084765625 0.05546875