0 0.8640625 0.84375 0.062109375 0.078125
0 0.939453125 0.832421875 0.088671875 0.072265625
0 0.8609375 0.469921875 0.065625 0.057421875
0 0.84296875 0.57890625 0.071875 0.06640625
0 0.034765625 0.848828125 0.06953125 0.085546875
0 0.159375 0.84765625 0.0765625 0.076171875
0 0.220703125 0.81015625 0.064453125 0.083984375
0 0.278515625 0.8203125 0.065625 0.076171875
0 0.366796875 0.854296875 0.071484375 0.0703125
0 0.5078125 0.828125 0.06171875 0.065234375
0 0.472265625 0.88203125 0.0640625 0.067578125
0 0.50625 0.867578125 0.0765625 0.0484375
0 0.01484375 0.67734375 0.0296875 0.06875
0 0.109765625 0.683984375 0.069921875 0.074609375
0 0.513671875 0.70859375 0.074609375 0.061328125