0 0.01640625 0.09296875 0.03125 0.0625
0 0.053125 0.096484375 0.04375 0.09609375
0 0.213671875 0.122265625 0.06484375 0.06640625
0 0.359765625 0.08828125 0.04609375 0.075
0 0.440234375 0.203515625 0.06171875 0.05234375
0 0.518359375 0.1375 0.04921875 0.0703125
0 0.50546875 0.09453125 0.0625 0.053125
0 0.426953125 0.062109375 0.06640625 0.05390625
0 0.478515625 0.043359375 0.03671875 0.08046875
0 0.51328125 0.03984375 0.0625 0.0578125
0 0.556640625 0.055859375 0.06015625 0.04609375
0 0.569921875 0.08984375 0.04296875 0.06875
0 0.59765625 0.09296875 0.0296875 0.084375
0 0.635546875 0.09296875 0.06171875 0.059375
0 0.6359375 0.044140625 0.0703125 0.03984375
0 0.79453125 0.11796875 0.075 0.0578125
0 0.892578125 0.070703125 0.05703125 0.08046875
0 0.892578125 0.299609375 0.05234375 0.07109375
0 0.80703125 0.362109375 0.0765625 0.04765625
0 0.7015625 0.569921875 0.059375 0.04765625
0 0.028515625 0.899609375 0.05234375 0.04765625
0 0.060546875 0.902734375 0.06640625 0.04921875
0 0.134765625 0.84375 0.05234375 0.075
0 0.23984375 0.80625 0.0515625 0.0609375
0 0.41796875 0.85234375 0.0453125 0.0671875
0 0.49296875 0.88046875 0.0421875 0.06875
0 0.528515625 0.880859375 0.03984375 0.07109375
0 0.56328125 0.888671875 0.0375 0.06796875
0 0.59765625 0.88203125 0.0484375 0.0828125
0 0.86015625 0.87734375 0.053125 0.0765625
0 0.924609375 0.8921875 0.05703125 0.0734375