0 0.52265625 0.83046875 0.078125 0.06015625
0 0.337109375 0.830078125 0.0703125 0.0703125
0 0.285546875 0.849609375 0.06796875 0.048046875
0 0.229296875 0.83203125 0.05234375 0.064453125
0 0.28046875 0.803515625 0.066796875 0.046484375
0 0.175 0.8 0.071875 0.054296875
0 0.171484375 0.747265625 0.06484375 0.062109375
0 0.162109375 0.773828125 0.047265625 0.0234375
0 0.138671875 0.745703125 0.0578125 0.037890625
0 0.16875 0.8515625 0.03515625 0.049609375
0 0.19921875 0.839453125 0.0359375 0.042578125
0 0.202734375 0.865625 0.041796875 0.04140625
0 0.18125 0.8765625 0.033984375 0.025
0 0.34453125 0.6859375 0.067578125 0.06484375
0 0.940625 0.090234375 0.062890625 0.04921875
0 0.98125 0.105859375 0.0375 0.04609375
0 0.990234375 0.079296875 0.01953125 0.02890625
0 0.949609375 0.12265625 0.043359375 0.06640625
0 0.9765625 0.162890625 0.03046875 0.05859375
0 0.983984375 0.144921875 0.03203125 0.0328125
0 0.949609375 0.187890625 0.05078125 0.04609375
0 0.9546875 0.1671875 0.0359375 0.03828125
0 0.897265625 0.276171875 0.067578125 0.05078125
0 0.968359375 0.291796875 0.06328125 0.05078125
0 0.8796875 0.183203125 0.0390625 0.08203125
0 0.914453125 0.2 0.041796875 0.072265625
0 0.5625 0.2859375 0.053515625 0.0640625
0 0.61953125 0.271875 0.04453125 0.0640625
0 0.81640625 0.096875 0.034375 0.05859375
0 0.844921875 0.0953125 0.044140625 0.04921875
0 0.830859375 0.14921875 0.047265625 0.05390625
0 0.690625 0.241015625 0.05859375 0.06640625
0 0.73359375 0.25625 0.04921875 0.045703125
0 0.81484375 0.28203125 0.056640625 0.080859375
0 0.81484375 0.214453125 0.045703125 0.058203125
0 0.837109375 0.240625 0.054296875 0.04140625
0 0.8375 0.18671875 0.04609375 0.047265625
0 0.918359375 0.08359375 0.0453125 0.042578125
0 0.925390625 0.131640625 0.043359375 0.05703125
0 0.878125 0.086328125 0.042578125 0.04140625
0 0.863671875 0.1203125 0.051953125 0.05546875
0 0.894921875 0.116796875 0.041015625 0.048828125
0 0.74765625 0.184375 0.043359375 0.049609375
0 0.7203125 0.217578125 0.044140625 0.041796875
0 0.79453125 0.1984375 0.050390625 0.046484375
0 0.7828125 0.093359375 0.033984375 0.04296875
0 0.733203125 0.091796875 0.059765625 0.041015625
0 0.761328125 0.121875 0.0359375 0.05859375
0 0.798046875 0.1328125 0.03515625 0.075
0 0.78125 0.16171875 0.03515625 0.040234375
0 0.741796875 0.15625 0.03828125 0.048828125
0 0.703125 0.182421875 0.042578125 0.051953125
0 0.726953125 0.123828125 0.04140625 0.040234375
0 0.698046875 0.14921875 0.048828125 0.034765625
0 0.6765625 0.1203125 0.05078125 0.061328125
0 0.687890625 0.091796875 0.039453125 0.03203125
0 0.64609375 0.0921875 0.048046875 0.04765625
0 0.615625 0.087890625 0.0375 0.0296875
0 0.673046875 0.165234375 0.055078125 0.04375
0 0.648828125 0.179296875 0.064453125 0.034765625
0 0.660546875 0.17890625 0.0421875 0.0328125
0 0.66328125 0.252734375 0.054296875 0.08828125
0 0.66171875 0.2109375 0.0359375 0.037109375
0 0.625 0.221484375 0.0375 0.055859375
0 0.5703125 0.22109375 0.06953125 0.0546875
0 0.609375 0.200390625 0.04140625 0.08125
0 0.558984375 0.1765625 0.040625 0.048828125
0 0.587890625 0.1703125 0.032421875 0.04375
0 0.4625 0.09921875 0.06171875 0.053515625
0 0.4671875 0.167578125 0.080859375 0.03984375
0 0.47421875 0.144140625 0.0703125 0.024609375
0 0.4578125 0.215234375 0.067578125 0.050390625
0 0.516015625 0.25703125 0.05546875 0.067578125
0 0.52890625 0.18046875 0.041796875 0.06484375
0 0.59609375 0.134375 0.0640625 0.055859375
0 0.534765625 0.10625 0.0421875 0.0640625
0 0.50546875 0.09375 0.0359375 0.041796875
0 0.519921875 0.13828125 0.059765625 0.0515625
0 0.565234375 0.125 0.044140625 0.046484375
0 0.574609375 0.09140625 0.053125 0.028515625
0 0.760546875 0.220703125 0.059375 0.04375
0 0.42421875 0.11796875 0.04765625 0.062890625
0 0.398046875 0.1671875 0.05546875 0.060546875
0 0.3890625 0.1 0.061328125 0.054296875
0 0.363671875 0.107421875 0.052734375 0.0609375
0 0.32265625 0.101171875 0.04609375 0.06328125
0 0.353515625 0.151953125 0.0515625 0.059765625
0 0.27734375 0.104296875 0.046484375 0.057421875
0 0.291796875 0.126171875 0.0421875 0.03359375
0 0.223046875 0.134375 0.066796875 0.059375
0 0.226171875 0.1 0.0640625 0.0421875
0 0.16875 0.105859375 0.05625 0.0359375
0 0.23359375 0.203515625 0.05 0.05234375
0 0.259765625 0.163671875 0.049609375 0.05859375
0 0.305078125 0.1671875 0.058203125 0.055859375
0 0.356640625 0.204296875 0.06328125 0.0484375
0 0.40078125 0.22578125 0.04765625 0.05859375
0 0.348828125 0.21953125 0.04453125 0.059765625
0 0.35234375 0.26484375 0.073046875 0.04296875
0 0.4078125 0.272265625 0.053125 0.058203125
0 0.44921875 0.315625 0.061328125 0.05078125
0 0.1953125 0.255859375 0.048046875 0.056640625
0 0.4546875 0.373828125 0.053125 0.06484375
0 0.427734375 0.351953125 0.04921875 0.07421875
0 0.387109375 0.335546875 0.061328125 0.063671875
0 0.3640625 0.309375 0.053125 0.066796875
0 0.328125 0.326171875 0.068359375 0.05078125
0 0.15 0.140234375 0.03515625 0.056640625
0 0.156640625 0.178125 0.043359375 0.041015625
0 0.18125 0.140234375 0.03203125 0.043359375
0 0.207421875 0.14921875 0.044921875 0.05234375
0 0.2796875 0.762890625 0.075 0.05859375
0 0.230859375 0.7578125 0.049609375 0.049609375
0 0.43359375 0.52265625 0.073046875 0.040625
0 0.301953125 0.58671875 0.049609375 0.0453125
0 0.379296875 0.57265625 0.053125 0.0609375
0 0.2390625 0.6109375 0.06796875 0.0359375
0 0.24609375 0.63515625 0.05234375 0.03359375
0 0.2328125 0.691015625 0.043359375 0.053125
0 0.3015625 0.6515625 0.07109375 0.042578125
0 0.282421875 0.625 0.06796875 0.033984375
0 0.30859375 0.7 0.055078125 0.053515625
0 0.274609375 0.6921875 0.04296875 0.059765625
0 0.1234375 0.6078125 0.04765625 0.047265625
0 0.174609375 0.604296875 0.06171875 0.040234375
0 0.196484375 0.632421875 0.05078125 0.068359375
0 0.14765625 0.640625 0.06171875 0.05234375
0 0.130078125 0.65625 0.055078125 0.04921875
0 0.14140625 0.697265625 0.064453125 0.044140625
0 0.215625 0.713671875 0.055078125 0.05703125
0 0.184765625 0.678125 0.0546875 0.04453125
0 0.378125 0.474609375 0.0484375 0.064453125
0 0.29609375 0.44140625 0.063671875 0.042578125
0 0.26328125 0.4609375 0.058203125 0.05625
0 0.344921875 0.500390625 0.06875 0.028515625
0 0.364453125 0.540625 0.05703125 0.056640625
0 0.3203125 0.535546875 0.04296875 0.054296875
0 0.269921875 0.558984375 0.063671875 0.038671875
0 0.28515625 0.525390625 0.035546875 0.063671875
0 0.2265625 0.52578125 0.0515625 0.05625
0 0.248828125 0.5109375 0.05 0.058203125
0 0.18125 0.51015625 0.0546875 0.0421875
0 0.194921875 0.537109375 0.03515625 0.068359375
0 0.216796875 0.569921875 0.05625 0.048828125
0 0.176171875 0.571484375 0.04921875 0.034375
0 0.14453125 0.573828125 0.035546875 0.03359375
0 0.15078125 0.5453125 0.055859375 0.03828125
0 0.144921875 0.512890625 0.03828125 0.048046875
0 0.130859375 0.48515625 0.035546875 0.023828125
0 0.169140625 0.47578125 0.062109375 0.027734375
0 0.221875 0.4625 0.046484375 0.053515625
0 0.163671875 0.44765625 0.06484375 0.034765625
0 0.156640625 0.375390625 0.0546875 0.04921875
0 0.153125 0.363671875 0.048046875 0.049609375
0 0.200390625 0.377734375 0.04921875 0.03046875
0 0.2453125 0.39453125 0.051171875 0.05625
0 0.2015625 0.4171875 0.077734375 0.0390625
0 0.151171875 0.41640625 0.0484375 0.033984375
0 0.487890625 0.436328125 0.0640625 0.080078125
0 0.4234375 0.42421875 0.063671875 0.067578125
0 0.33046875 0.403515625 0.064453125 0.044140625
0 0.298046875 0.412109375 0.0578125 0.0359375
0 0.371875 0.42265625 0.06953125 0.04609375
0 0.348046875 0.3625 0.0625 0.04453125
0 0.2828125 0.375 0.06015625 0.04765625
0 0.24453125 0.355859375 0.03828125 0.053125
0 0.27578125 0.333203125 0.066796875 0.03828125
0 0.22265625 0.335546875 0.044921875 0.04375
0 0.286328125 0.308984375 0.05625 0.036328125
0 0.174609375 0.321875 0.044921875 0.058984375
0 0.13828125 0.312109375 0.03828125 0.05859375
0 0.148046875 0.246875 0.03203125 0.054296875
0 0.155859375 0.273046875 0.044140625 0.037109375
0 0.19296875 0.221875 0.063671875 0.034375
0 0.15234375 0.208203125 0.042578125 0.028515625
0 0.18515625 0.18828125 0.055859375 0.033203125
0 0.222265625 0.2828125 0.03359375 0.0625
0 0.252734375 0.294921875 0.043359375 0.038671875
0 0.183984375 0.295703125 0.0546875 0.041015625
0 0.315234375 0.2859375 0.0546875 0.05234375
0 0.26953125 0.225 0.034765625 0.0703125
0 0.31171875 0.233984375 0.054296875 0.055078125
0 0.27265625 0.26171875 0.03515625 0.058203125
0 0.245703125 0.25234375 0.041015625 0.059375
0 0.308203125 0.194140625 0.065234375 0.036328125
0 0.3734375 0.390234375 0.054296875 0.041796875
0 0.330078125 0.468359375 0.06171875 0.064453125
0 0.233203125 0.659765625 0.044921875 0.028125
0 0.6921875 0.656640625 0.05234375 0.0796875
0 0.616015625 0.590625 0.066796875 0.041015625
0 0.6546875 0.6296875 0.0453125 0.074609375
0 0.617578125 0.63984375 0.05 0.071875
0 0.59921875 0.41875 0.058203125 0.067578125
0 0.554296875 0.473046875 0.066015625 0.053125
0 0.66328125 0.472265625 0.056640625 0.063671875
0 0.674609375 0.535546875 0.046875 0.07109375
0 0.981640625 0.84921875 0.036328125 0.0578125
0 0.80390625 0.78828125 0.070703125 0.063671875
0 0.8375 0.833984375 0.064453125 0.070703125
0 0.89453125 0.855859375 0.040234375 0.073046875
0 0.87109375 0.883203125 0.063671875 0.04609375
0 0.928125 0.873046875 0.039453125 0.06015625
0 0.96015625 0.87421875 0.045703125 0.067578125
0 0.990234375 0.8890625 0.019140625 0.038671875
0 0.8171875 0.608984375 0.069140625 0.061328125
0 0.940234375 0.664453125 0.07265625 0.05390625
0 0.783984375 0.471875 0.051171875 0.08828125
0 0.353515625 0.619140625 0.037890625 0.044921875
0 0.3375 0.61953125 0.04140625 0.07265625