0 0.983203125 0.12109375 0.03359375 0.07109375
0 0.982421875 0.205078125 0.03515625 0.08125
0 0.94140625 0.1703125 0.0828125 0.05390625
0 0.878125 0.175 0.055078125 0.08046875
0 0.762109375 0.12265625 0.062109375 0.078515625
0 0.7234375 0.137109375 0.04375 0.08671875
0 0.6875 0.10390625 0.07109375 0.061328125
0 0.691015625 0.151953125 0.052734375 0.071875
0 0.19296875 0.120703125 0.041015625 0.0734375
0 0.215234375 0.15234375 0.0515625 0.073828125
0 0.224609375 0.226171875 0.0703125 0.068359375
0 0.259765625 0.153125 0.055859375 0.08359375
0 0.22890625 0.103515625 0.058203125 0.0515625
0 0.31484375 0.148046875 0.055078125 0.06640625
0 0.2875 0.1140625 0.0390625 0.073046875
0 0.322265625 0.107421875 0.05390625 0.06796875
0 0.36328125 0.118359375 0.05234375 0.066015625
0 0.408984375 0.1453125 0.059375 0.080859375
0 0.44921875 0.11640625 0.05703125 0.07734375
0 0.408203125 0.10078125 0.053125 0.06171875
0 0.596875 0.171484375 0.055859375 0.08046875
0 0.786328125 0.21875 0.057421875 0.06953125
0 0.5921875 0.2546875 0.0734375 0.067578125
0 0.52734375 0.234765625 0.0875 0.052734375
0 0.485546875 0.1828125 0.046875 0.08203125
0 0.537109375 0.195703125 0.06640625 0.053125
0 0.40625 0.323046875 0.055078125 0.064453125
0 0.586328125 0.310546875 0.060546875 0.0421875
0 0.669140625 0.339453125 0.079296875 0.055859375
0 0.608203125 0.354296875 0.083984375 0.059765625
0 0.626171875 0.38515625 0.08984375 0.05
0 0.665625 0.40234375 0.063671875 0.066015625
0 0.871875 0.68359375 0.062109375 0.0453125
0 0.60234375 0.454296875 0.053515625 0.07890625
0 0.2140625 0.471484375 0.0703125 0.074609375
0 0.294921875 0.4609375 0.0734375 0.076171875
0 0.46015625 0.540234375 0.065234375 0.075
0 0.45390625 0.603125 0.046484375 0.073828125
0 0.3140625 0.611328125 0.06953125 0.06328125
0 0.312890625 0.653125 0.078515625 0.0484375
0 0.725 0.81796875 0.05546875 0.05546875
0 0.53359375 0.699609375 0.082421875 0.06015625
0 0.41953125 0.66875 0.044921875 0.0828125
0 0.370703125 0.674609375 0.048046875 0.088671875
0 0.322265625 0.760546875 0.0796875 0.0546875
0 0.434375 0.74375 0.0546875 0.077734375
0 0.2546875 0.86953125 0.08671875 0.06640625
0 0.34921875 0.8859375 0.088671875 0.074609375
0 0.477734375 0.851171875 0.073046875 0.05546875
0 0.635546875 0.8109375 0.04609375 0.078515625
0 0.535546875 0.777734375 0.071484375 0.055078125
0 0.550390625 0.807421875 0.0828125 0.040234375
0 0.5703125 0.829296875 0.068359375 0.04296875
0 0.727734375 0.87109375 0.055078125 0.056640625
0 0.691015625 0.88046875 0.041796875 0.069921875
0 0.658203125 0.873046875 0.04296875 0.07890625
0 0.6296875 0.86328125 0.048828125 0.060546875
0 0.611328125 0.891796875 0.053515625 0.078125
0 0.576171875 0.88515625 0.04375 0.060546875
0 0.5546875 0.901953125 0.040625 0.050390625
0 0.516796875 0.89140625 0.059765625 0.0625
0 0.062109375 0.762109375 0.071484375 0.06796875
0 0.14140625 0.730859375 0.05859375 0.056640625
0 0.166796875 0.770703125 0.07265625 0.05
0 0.1328125 0.8328125 0.083203125 0.069921875
0 0.066796875 0.46484375 0.079296875 0.0640625
0 0.08046875 0.521484375 0.083984375 0.053125
0 0.0328125 0.298046875 0.065625 0.07421875
0 0.071484375 0.246875 0.0765625 0.059765625
0 0.15078125 0.183984375 0.064453125 0.059375
0 0.09609375 0.17265625 0.046484375 0.06796875
0 0.144140625 0.141796875 0.061328125 0.05
0 0.06484375 0.173046875 0.04375 0.07265625
0 0.0125 0.18359375 0.025 0.059375
0 0.016796875 0.15234375 0.033203125 0.062890625
0 0.015625 0.1046875 0.030859375 0.05078125
0 0.037890625 0.09765625 0.046875 0.0328125
0 0.0484375 0.1359375 0.064453125 0.046875
0 0.1046875 0.119140625 0.055078125 0.046484375
0 0.0859375 0.0984375 0.053515625 0.0421875
0 0.1421875 0.101171875 0.0609375 0.039453125