0 0.919921875 0.107421875 0.076953125 0.09375
0 0.966796875 0.116015625 0.06640625 0.08203125
0 0.781640625 0.7328125 0.0640625 0.080859375
0 0.734375 0.815625 0.078515625 0.06015625
0 0.746875 0.8890625 0.05078125 0.075
0 0.68828125 0.88125 0.07421875 0.055859375
0 0.80703125 0.927734375 0.058984375 0.036328125
0 0.331640625 0.748828125 0.075 0.073828125
0 0.47421875 0.730078125 0.081640625 0.073828125
0 0.507421875 0.55234375 0.068359375 0.070703125
0 0.21015625 0.62421875 0.08515625 0.1203125