0 0.48359375 0.914453125 0.061328125 0.03203125
0 0.442578125 0.879296875 0.05390625 0.041015625
0 0.52265625 0.8765625 0.053515625 0.066015625
0 0.465625 0.832421875 0.055859375 0.060546875
0 0.414453125 0.843359375 0.055859375 0.06484375
0 0.38515625 0.873046875 0.06640625 0.048046875
0 0.29140625 0.865234375 0.071484375 0.039453125
0 0.248828125 0.876171875 0.075 0.040234375
0 0.2125 0.862109375 0.05078125 0.0375
0 0.216796875 0.881640625 0.044140625 0.03046875
0 0.176953125 0.84921875 0.046875 0.043359375
0 0.174609375 0.874609375 0.060546875 0.026171875
0 0.265625 0.83671875 0.075390625 0.048828125
0 0.289453125 0.8015625 0.0578125 0.0484375
0 0.249609375 0.794921875 0.0484375 0.06171875
0 0.25859375 0.728515625 0.0734375 0.076953125
0 0.17109375 0.728515625 0.063671875 0.047265625
0 0.503515625 0.7421875 0.058984375 0.056640625
0 0.525 0.6875 0.0671875 0.060546875
0 0.5953125 0.85703125 0.066015625 0.0515625
0 0.518359375 0.82109375 0.060546875 0.047265625
0 0.15625 0.674609375 0.058984375 0.055859375
0 0.1828125 0.6625 0.07421875 0.0453125
0 0.203125 0.621875 0.05703125 0.054296875
0 0.20625 0.58203125 0.073046875 0.051171875
0 0.158984375 0.6265625 0.06640625 0.0484375
0 0.151171875 0.5640625 0.053125 0.04765625
0 0.1515625 0.530078125 0.06015625 0.046875
0 0.191015625 0.528125 0.08203125 0.061328125
0 0.280078125 0.513671875 0.070703125 0.0484375
0 0.351171875 0.49609375 0.0609375 0.046875
0 0.571875 0.432421875 0.05625 0.065234375
0 0.484375 0.43828125 0.0609375 0.04921875
0 0.441015625 0.423046875 0.084375 0.045703125
0 0.434765625 0.458984375 0.053125 0.05390625
0 0.394921875 0.4828125 0.0546875 0.0453125
0 0.3078125 0.42421875 0.08046875 0.0765625
0 0.371875 0.405078125 0.08359375 0.053515625
0 0.233984375 0.442578125 0.0484375 0.0734375
0 0.204296875 0.47109375 0.064453125 0.058203125
0 0.160546875 0.4875 0.061328125 0.0453125
0 0.1765625 0.134765625 0.044921875 0.059375
0 0.230078125 0.15234375 0.05078125 0.079296875
0 0.221484375 0.10390625 0.0625 0.039453125
0 0.258984375 0.134765625 0.06328125 0.063671875
0 0.29765625 0.116796875 0.065625 0.067578125
0 0.334375 0.108984375 0.033984375 0.066796875
0 0.361328125 0.119921875 0.05 0.06953125
0 0.408984375 0.140234375 0.06875 0.06875
0 0.417578125 0.1171875 0.080078125 0.0546875
0 0.3640625 0.18125 0.055859375 0.05625
0 0.398046875 0.19375 0.035546875 0.053125
0 0.4328125 0.193359375 0.062109375 0.06640625
0 0.3484375 0.211328125 0.067578125 0.04609375
0 0.302734375 0.18125 0.05625 0.065625
0 0.178515625 0.191796875 0.067578125 0.045703125
0 0.182421875 0.226953125 0.06640625 0.038671875
0 0.288671875 0.274609375 0.073828125 0.0484375
0 0.309375 0.355078125 0.07578125 0.05078125
0 0.230078125 0.38515625 0.080078125 0.05390625
0 0.205859375 0.366796875 0.048828125 0.063671875
0 0.1625 0.272265625 0.059765625 0.06640625
0 0.19921875 0.31015625 0.061328125 0.052734375
0 0.162109375 0.316015625 0.047265625 0.048046875
0 0.1640625 0.3640625 0.052734375 0.057421875
0 0.153125 0.38984375 0.04921875 0.058984375
0 0.366796875 0.36484375 0.058203125 0.04765625
0 0.40390625 0.347265625 0.06484375 0.05
0 0.36875 0.320703125 0.048828125 0.049609375
0 0.39140625 0.28984375 0.062890625 0.05546875
0 0.426953125 0.25859375 0.0515625 0.07265625
0 0.465625 0.245703125 0.04453125 0.066015625
0 0.46328125 0.304296875 0.058984375 0.059375
0 0.49453125 0.279296875 0.044140625 0.066796875
0 0.53515625 0.296875 0.055078125 0.06796875
0 0.56953125 0.274609375 0.040234375 0.057421875
0 0.52578125 0.244921875 0.0625 0.066015625
0 0.49375 0.209375 0.073046875 0.04609375
0 0.483984375 0.1671875 0.0625 0.069140625
0 0.498828125 0.101953125 0.049609375 0.061328125
0 0.547265625 0.1015625 0.06171875 0.039453125
0 0.525 0.1453125 0.0390625 0.06953125
0 0.566015625 0.135546875 0.046875 0.06015625
0 0.561328125 0.184765625 0.057421875 0.06015625
0 0.586328125 0.219921875 0.042578125 0.069921875
0 0.623046875 0.22265625 0.04453125 0.066015625
0 0.745703125 0.0984375 0.065625 0.047265625
0 0.643359375 0.1328125 0.05234375 0.063671875
0 0.96640625 0.165625 0.066796875 0.051171875
0 0.947265625 0.1359375 0.05625 0.069140625
0 0.907421875 0.1578125 0.061328125 0.054296875
0 0.856640625 0.173828125 0.073828125 0.05078125
0 0.933984375 0.219140625 0.057421875 0.08828125
0 0.947265625 0.268359375 0.059375 0.057421875
0 0.9625 0.3578125 0.071875 0.0875
0 0.853125 0.396875 0.0640625 0.0625
0 0.73203125 0.28828125 0.05625 0.079296875
0 0.67890625 0.26171875 0.0625 0.048828125
0 0.760546875 0.154296875 0.051171875 0.0515625
0 0.805078125 0.15625 0.05546875 0.075
0 0.7890625 0.271875 0.06640625 0.05
0 0.880078125 0.275390625 0.061328125 0.05859375
0 0.837109375 0.259375 0.050390625 0.058984375
0 0.81484375 0.22421875 0.046875 0.0625
0 0.867578125 0.21953125 0.06875 0.05859375
0 0.73203125 0.467578125 0.06796875 0.05390625
0 0.800390625 0.46875 0.055859375 0.065234375
0 0.7640625 0.516796875 0.056640625 0.055859375
0 0.9390625 0.523046875 0.06484375 0.048828125
0 0.978125 0.5828125 0.043359375 0.06484375
0 0.6609375 0.701953125 0.0578125 0.09375
0 0.6890625 0.735546875 0.0703125 0.05546875
0 0.687890625 0.690625 0.000390625 0.002734375
0 0.6625 0.81953125 0.044140625 0.06640625
0 0.719921875 0.96796875 0.0296875 0.0640625
0 0.840234375 0.8796875 0.0421875 0.053515625
0 0.8 0.8828125 0.045703125 0.044921875
0 0.775390625 0.879296875 0.04453125 0.045703125
0 0.7203125 0.884375 0.07578125 0.040625
0 0.70703125 0.909375 0.068359375 0.03828125
0 0.737109375 0.838671875 0.06171875 0.04140625
0 0.662890625 0.187109375 0.06875 0.069140625