0 0.80625 0.189453125 0.046484375 0.078515625
0 0.821875 0.18515625 0.04375 0.065234375
0 0.791015625 0.1375 0.05625 0.075390625
0 0.846484375 0.158203125 0.053515625 0.06484375
0 0.845703125 0.21015625 0.054296875 0.061328125
0 0.384375 0.22578125 0.065234375 0.053515625
0 0.449609375 0.405859375 0.090625 0.0484375
0 0.591015625 0.38359375 0.059765625 0.06328125
0 0.215625 0.540625 0.08984375 0.04765625
0 0.17734375 0.500390625 0.065234375 0.084765625
0 0.010546875 0.553515625 0.02109375 0.0625
0 0.008984375 0.7609375 0.01796875 0.0734375
0 0.18828125 0.9203125 0.058984375 0.071875
0 0.1375 0.87421875 0.087890625 0.071875
0 0.107421875 0.832421875 0.074609375 0.0671875
0 0.105859375 0.754296875 0.076171875 0.05546875
0 0.145703125 0.7171875 0.087109375 0.05390625
0 0.175 0.680859375 0.062109375 0.0875
0 0.29296875 0.7328125 0.058984375 0.07734375
0 0.3359375 0.703515625 0.085546875 0.0578125
0 0.347265625 0.79921875 0.069921875 0.06328125
0 0.4296875 0.83203125 0.062109375 0.07890625
0 0.5265625 0.852734375 0.074609375 0.0625
0 0.559765625 0.7984375 0.073828125 0.06953125
0 0.5890625 0.73828125 0.062890625 0.0671875
0 0.756640625 0.815234375 0.080859375 0.0578125
0 0.9875 0.874609375 0.025 0.06875
0 0.951953125 0.86796875 0.087890625 0.05546875
0 0.95546875 0.821875 0.0890625 0.05625
0 0.952734375 0.687109375 0.075390625 0.058203125
0 0.971875 0.499609375 0.05625 0.05078125