0 0.023046875 0.10234375 0.03828125 0.0875
0 0.06015625 0.10234375 0.053125 0.0578125
0 0.091015625 0.09140625 0.06953125 0.059375
0 0.27578125 0.09375 0.065625 0.0578125
0 0.501171875 0.107421875 0.05546875 0.05703125
0 0.54921875 0.11171875 0.040625 0.078125
0 0.584765625 0.101171875 0.03359375 0.05546875
0 0.617578125 0.10703125 0.04609375 0.04375
0 0.597265625 0.155859375 0.05234375 0.05390625
0 0.72578125 0.11484375 0.078125 0.05
0 0.69921875 0.19296875 0.05625 0.0546875
0 0.772265625 0.21640625 0.08984375 0.0390625
0 0.773046875 0.279296875 0.04921875 0.06171875
0 0.14453125 0.28984375 0.0734375 0.0421875
0 0.133984375 0.448046875 0.06015625 0.07265625
0 0.3125 0.646875 0.0828125 0.0421875
0 0.275 0.69453125 0.0609375 0.0640625
0 0.1859375 0.765234375 0.071875 0.05546875
0 0.327734375 0.821484375 0.05546875 0.07890625
0 0.458984375 0.887109375 0.06484375 0.05390625
0 0.64140625 0.844140625 0.0578125 0.05390625
0 0.734765625 0.825390625 0.06640625 0.04765625
0 0.79453125 0.820703125 0.0578125 0.07109375
0 0.802734375 0.885546875 0.06328125 0.05703125
0 0.758203125 0.863671875 0.08359375 0.04296875
0 0.7671875 0.949609375 0.0484375 0.06953125
0 0.819921875 0.966015625 0.06953125 0.06796875
0 0.870703125 0.96875 0.05234375 0.0546875