0 0.0140625 0.08359375 0.028125 0.046875
0 0.015625 0.128125 0.03125 0.0640625
0 0.024609375 0.18203125 0.04921875 0.055078125
0 0.025390625 0.22734375 0.05078125 0.0640625
0 0.050390625 0.214453125 0.06796875 0.05859375
0 0.053125 0.133984375 0.05625 0.066015625
0 0.040625 0.089453125 0.044921875 0.057421875
0 0.082421875 0.095703125 0.0546875 0.074609375
0 0.115234375 0.091796875 0.046875 0.073046875
0 0.146484375 0.10625 0.065234375 0.099609375
0 0.1234375 0.14921875 0.059375 0.085546875
0 0.09765625 0.171875 0.086328125 0.050390625
0 0.1984375 0.140625 0.0640625 0.065625
0 0.171875 0.08828125 0.052734375 0.055859375
0 0.221875 0.0875 0.055859375 0.05
0 0.248046875 0.1265625 0.053125 0.074609375
0 0.280859375 0.183203125 0.055859375 0.105078125
0 0.221484375 0.21171875 0.065234375 0.076171875
0 0.28828125 0.25078125 0.081640625 0.049609375
0 0.20234375 0.23828125 0.058984375 0.067578125
0 0.1484375 0.23125 0.073828125 0.051171875
0 0.111328125 0.210546875 0.064453125 0.0515625
0 0.085546875 0.2625 0.084375 0.068359375
0 0.140625 0.274609375 0.069921875 0.073828125
0 0.190234375 0.28046875 0.0796875 0.055078125
0 0.03984375 0.30390625 0.0796875 0.071875
0 0.1546875 0.365234375 0.09140625 0.08515625
0 0.2265625 0.388671875 0.0609375 0.075390625
0 0.255078125 0.45546875 0.052734375 0.076953125
0 0.16953125 0.434375 0.069921875 0.05859375
0 0.076953125 0.5125 0.066796875 0.06796875
0 0.10703125 0.55703125 0.0578125 0.0546875
0 0.05703125 0.601953125 0.071484375 0.0515625
0 0.17890625 0.564453125 0.05546875 0.055078125
0 0.13125 0.6171875 0.078515625 0.054296875
0 0.10234375 0.650390625 0.065234375 0.065234375
0 0.260546875 0.665234375 0.0578125 0.07890625
0 0.12890625 0.719921875 0.081640625 0.06484375
0 0.0171875 0.729296875 0.034375 0.056640625
0 0.02265625 0.776171875 0.0453125 0.08046875
0 0.013671875 0.867578125 0.02734375 0.05546875
0 0.11015625 0.81640625 0.058203125 0.07734375
0 0.18671875 0.778515625 0.083984375 0.055859375
0 0.214453125 0.824609375 0.059765625 0.087109375
0 0.39765625 0.715234375 0.053515625 0.0859375
0 0.44921875 0.68515625 0.064453125 0.06640625
0 0.625390625 0.865625 0.049609375 0.091015625
0 0.662890625 0.87265625 0.046875 0.079296875
0 0.594140625 0.874609375 0.0421875 0.07890625
0 0.56171875 0.8875 0.064453125 0.059375
0 0.530078125 0.868359375 0.043359375 0.071875
0 0.55234375 0.830078125 0.05625 0.070703125
0 0.574609375 0.810546875 0.05859375 0.065234375
0 0.505859375 0.8265625 0.050390625 0.071484375
0 0.47109375 0.83359375 0.0484375 0.07265625
0 0.4890625 0.883984375 0.06796875 0.04453125
0 0.44765625 0.8859375 0.05546875 0.067578125
0 0.41640625 0.869921875 0.040625 0.067578125
0 0.4375 0.839453125 0.04296875 0.06953125
0 0.4578125 0.808203125 0.061328125 0.051953125
0 0.374609375 0.870703125 0.057421875 0.074609375
0 0.34296875 0.84921875 0.05390625 0.072265625
0 0.644921875 0.68984375 0.0734375 0.082421875
0 0.516796875 0.578125 0.083203125 0.062890625
0 0.430078125 0.5359375 0.048046875 0.08515625
0 0.381640625 0.533203125 0.055078125 0.07578125
0 0.60078125 0.511328125 0.07890625 0.055859375
0 0.4921875 0.4921875 0.05234375 0.0796875
0 0.363671875 0.449609375 0.089453125 0.0515625
0 0.56328125 0.37265625 0.05234375 0.08828125
0 0.503125 0.31015625 0.0734375 0.060546875
0 0.4546875 0.2875 0.077734375 0.047265625
0 0.440625 0.337109375 0.0765625 0.0453125
0 0.374609375 0.339453125 0.05859375 0.071875
0 0.36640625 0.396484375 0.078515625 0.05390625
0 0.478125 0.222265625 0.066015625 0.069140625
0 0.43359375 0.207421875 0.06328125 0.0578125
0 0.381640625 0.216796875 0.062109375 0.06953125
0 0.324609375 0.158984375 0.062109375 0.055859375
0 0.532421875 0.125390625 0.04921875 0.07265625
0 0.512109375 0.104296875 0.045703125 0.082421875
0 0.48203125 0.12421875 0.05234375 0.071484375
0 0.446484375 0.151171875 0.07265625 0.06328125
0 0.4484375 0.108203125 0.06015625 0.06171875
0 0.396484375 0.113671875 0.045703125 0.077734375
0 0.36640625 0.132421875 0.05078125 0.08125
0 0.362109375 0.091015625 0.041796875 0.042578125
0 0.33046875 0.10703125 0.036328125 0.0734375
0 0.301953125 0.096484375 0.049609375 0.075
0 0.285546875 0.1265625 0.047265625 0.066015625
0 0.26796875 0.092578125 0.058984375 0.048046875
0 0.973828125 0.103125 0.05234375 0.0453125
0 0.992578125 0.125 0.01484375 0.037109375
0 0.99296875 0.19140625 0.013671875 0.062890625
0 0.977734375 0.1453125 0.04375 0.047265625
0 0.934765625 0.092578125 0.053125 0.033984375
0 0.9421875 0.130859375 0.05625 0.06640625
0 0.88515625 0.101953125 0.062890625 0.065234375
0 0.928125 0.15 0.0609375 0.03515625
0 0.92734375 0.175 0.06796875 0.056640625
0 0.905078125 0.25234375 0.06328125 0.06640625
0 0.899609375 0.18515625 0.0546875 0.066015625
0 0.85390625 0.190234375 0.055859375 0.065625
0 0.81875 0.21640625 0.0671875 0.0734375
0 0.865625 0.146875 0.0609375 0.04609375
0 0.850390625 0.0984375 0.05078125 0.071484375
0 0.817578125 0.09921875 0.050390625 0.069921875
0 0.808984375 0.158203125 0.069140625 0.079296875
0 0.78515625 0.097265625 0.037109375 0.05625
0 0.780859375 0.1375 0.051953125 0.053125
0 0.751953125 0.098828125 0.053125 0.0609375
0 0.751953125 0.18203125 0.065234375 0.059375
0 0.731640625 0.199609375 0.05546875 0.06875
0 0.731640625 0.257421875 0.084375 0.063671875
0 0.63828125 0.270703125 0.071875 0.056640625
0 0.654296875 0.2125 0.057421875 0.057421875
0 0.683984375 0.173046875 0.0546875 0.0640625
0 0.73828125 0.1328125 0.0609375 0.04296875
0 0.6984375 0.1296875 0.033984375 0.04921875
0 0.71484375 0.093359375 0.050390625 0.04140625
0 0.6859375 0.101171875 0.047265625 0.0640625
0 0.65546875 0.10625 0.059765625 0.061328125
0 0.610546875 0.089453125 0.051171875 0.032421875
0 0.6078125 0.1015625 0.045703125 0.038671875
0 0.604296875 0.137109375 0.044140625 0.053515625
0 0.647265625 0.159765625 0.0421875 0.04921875
0 0.64296875 0.1296875 0.051953125 0.0328125
0 0.597265625 0.184375 0.065625 0.062890625
0 0.567578125 0.1640625 0.052734375 0.06953125
0 0.66875 0.3921875 0.062890625 0.061328125
0 0.965234375 0.42421875 0.06953125 0.0484375
0 0.8 0.666796875 0.06015625 0.066796875
0 0.912109375 0.54296875 0.075 0.045703125
0 0.958203125 0.632421875 0.077734375 0.075
0 0.81171875 0.751953125 0.075 0.06484375
0 0.98203125 0.863671875 0.0359375 0.05390625
0 0.912109375 0.88984375 0.06640625 0.086328125
0 0.840625 0.8359375 0.0640625 0.068359375
0 0.78984375 0.8359375 0.04921875 0.069921875
0 0.780859375 0.884375 0.0671875 0.073828125
0 0.718359375 0.85625 0.049609375 0.080859375
0 0.686328125 0.931640625 0.0453125 0.066015625
0 0.676171875 0.8328125 0.049609375 0.069921875