0 0.492578125 0.86328125 0.0578125 0.0640625
0 0.570703125 0.8265625 0.055078125 0.090625
0 0.6671875 0.80390625 0.04921875 0.060546875
0 0.61796875 0.89453125 0.07265625 0.048046875
0 0.62578125 0.846875 0.068359375 0.06484375
0 0.66640625 0.878515625 0.04609375 0.082421875
0 0.700390625 0.884375 0.040234375 0.065625
0 0.734375 0.8671875 0.041796875 0.081640625
0 0.7625 0.86953125 0.04609375 0.074609375
0 0.7921875 0.884375 0.056640625 0.070703125
0 0.83125 0.890625 0.06015625 0.071484375
0 0.879296875 0.86328125 0.054296875 0.073828125
0 0.874609375 0.893359375 0.0609375 0.048828125
0 0.914453125 0.874609375 0.041015625 0.083203125
0 0.95390625 0.888671875 0.0609375 0.06484375
0 0.982421875 0.8015625 0.034765625 0.057421875
0 0.98203125 0.737890625 0.0359375 0.07109375
0 0.930859375 0.609765625 0.06015625 0.073046875
0 0.98828125 0.508984375 0.023046875 0.05546875
0 0.776171875 0.680859375 0.071875 0.058203125
0 0.853515625 0.6734375 0.067578125 0.06796875
0 0.464453125 0.521484375 0.05859375 0.08046875
0 0.272265625 0.5359375 0.080078125 0.05390625
0 0.988671875 0.312890625 0.022265625 0.04375
0 0.884375 0.316796875 0.0625 0.07578125
0 0.06796875 0.219921875 0.064453125 0.082421875
0 0.112109375 0.273046875 0.05859375 0.071484375
0 0.31796875 0.2640625 0.0625 0.085546875
0 0.329296875 0.14375 0.06015625 0.08046875
0 0.5828125 0.152734375 0.09453125 0.11640625
0 0.722265625 0.065625 0.092578125 0.06484375
0 0.7578125 0.112890625 0.056640625 0.083984375
0 0.804296875 0.118359375 0.052734375 0.073046875