0 0.132421875 0.880078125 0.061328125 0.050390625
0 0.109765625 0.866796875 0.037890625 0.06171875
0 0.22265625 0.88359375 0.069140625 0.06640625
0 0.224609375 0.818359375 0.0796875 0.055859375
0 0.23515625 0.771484375 0.067578125 0.04140625
0 0.423046875 0.835546875 0.043359375 0.08046875
0 0.398046875 0.90546875 0.066015625 0.0484375
0 0.427734375 0.911328125 0.04140625 0.033984375
0 0.473828125 0.899609375 0.06484375 0.05859375
0 0.51015625 0.896484375 0.075 0.0578125
0 0.625390625 0.815234375 0.06484375 0.079296875
0 0.51640625 0.749609375 0.073828125 0.070703125
0 0.4640625 0.814453125 0.064453125 0.07578125
0 0.379296875 0.6953125 0.05078125 0.076171875
0 0.280859375 0.655859375 0.064453125 0.06953125
0 0.155859375 0.71953125 0.06171875 0.0453125
0 0.1296875 0.810546875 0.07578125 0.08125
0 0.1 0.8 0.034375 0.05703125
0 0.098828125 0.766796875 0.071875 0.0375
0 0.090625 0.73984375 0.069921875 0.041796875
0 0.091796875 0.70703125 0.072265625 0.045703125
0 0.12734375 0.6984375 0.06640625 0.045703125
0 0.16953125 0.668359375 0.06171875 0.073046875
0 0.091015625 0.6734375 0.043359375 0.030859375
0 0.119921875 0.659375 0.0515625 0.041796875
0 0.22578125 0.633203125 0.056640625 0.06953125
0 0.253125 0.589453125 0.079296875 0.06015625
0 0.175390625 0.612890625 0.0625 0.04140625
0 0.147265625 0.6390625 0.0484375 0.0390625
0 0.124609375 0.626171875 0.045703125 0.0453125
0 0.13125 0.608984375 0.049609375 0.057421875
0 0.0953125 0.601953125 0.05234375 0.04453125
0 0.083203125 0.640625 0.045703125 0.041015625
0 0.0765625 0.598828125 0.05234375 0.04609375
0 0.0796875 0.565625 0.0515625 0.040234375
0 0.13125 0.560546875 0.0703125 0.05234375
0 0.096875 0.53671875 0.054296875 0.0421875
0 0.068359375 0.5171875 0.057421875 0.037890625
0 0.15625 0.509375 0.0734375 0.057421875
0 0.6140625 0.559375 0.051953125 0.071484375
0 0.685546875 0.588671875 0.062109375 0.06796875
0 0.603125 0.436328125 0.071484375 0.052734375
0 0.53671875 0.4296875 0.069140625 0.086328125
0 0.465625 0.32578125 0.06875 0.05
0 0.538671875 0.3171875 0.06015625 0.076171875
0 0.6125 0.308984375 0.072265625 0.046875
0 0.630859375 0.282421875 0.059765625 0.05703125
0 0.713671875 0.21953125 0.046875 0.0703125
0 0.675 0.1890625 0.05234375 0.06953125
0 0.621484375 0.225390625 0.0484375 0.0640625
0 0.47734375 0.200390625 0.05 0.055859375
0 0.5453125 0.179296875 0.06953125 0.063671875
0 0.58203125 0.153515625 0.063671875 0.063671875
0 0.31328125 0.278515625 0.059375 0.069921875
0 0.2578125 0.255078125 0.0625 0.069140625
0 0.224609375 0.287890625 0.056640625 0.065625
0 0.28515625 0.3671875 0.06953125 0.0703125
0 0.271484375 0.4234375 0.0734375 0.0609375
0 0.218359375 0.414453125 0.051953125 0.059765625
0 0.1546875 0.394140625 0.071875 0.05390625
0 0.18671875 0.452734375 0.0671875 0.048046875
0 0.150390625 0.467578125 0.059765625 0.044140625
0 0.087109375 0.483203125 0.071484375 0.053515625
0 0.04609375 0.479296875 0.0453125 0.0421875
0 0.06484375 0.451171875 0.0625 0.044921875
0 0.099609375 0.4265625 0.05078125 0.0453125
0 0.098046875 0.391796875 0.0515625 0.051171875
0 0.06171875 0.39609375 0.04921875 0.050390625
0 0.1046875 0.327734375 0.058984375 0.062890625
0 0.073828125 0.309375 0.048828125 0.041015625
0 0.1359375 0.31171875 0.050390625 0.051171875
0 0.171875 0.329296875 0.049609375 0.040625
0 0.163671875 0.293359375 0.0828125 0.047265625
0 0.34140625 0.221484375 0.055859375 0.050390625
0 0.338671875 0.173046875 0.062890625 0.071875
0 0.1828125 0.189453125 0.087890625 0.07265625
0 0.09296875 0.176171875 0.059765625 0.05390625
0 0.093359375 0.278515625 0.06953125 0.0390625
0 0.098046875 0.223046875 0.046875 0.049609375
0 0.0921875 0.25 0.04765625 0.03984375
0 0.163671875 0.246875 0.074609375 0.05859375
0 0.137890625 0.20703125 0.072265625 0.065234375
0 0.658203125 0.06484375 0.060546875 0.064453125
0 0.65625 0.130859375 0.0546875 0.065625
0 0.698828125 0.155078125 0.050390625 0.078125
0 0.621484375 0.08125 0.0421875 0.068359375
0 0.583984375 0.094140625 0.05859375 0.07578125
0 0.549609375 0.1 0.057421875 0.06796875
0 0.593359375 0.05703125 0.062890625 0.039453125
0 0.53828125 0.055078125 0.05390625 0.044921875
0 0.509375 0.076171875 0.05546875 0.07109375
0 0.466796875 0.07109375 0.05859375 0.062890625
0 0.449609375 0.11171875 0.06640625 0.062890625
0 0.438671875 0.143359375 0.052734375 0.06953125
0 0.3734375 0.148046875 0.080078125 0.059765625
0 0.427734375 0.05625 0.057421875 0.05390625
0 0.3546875 0.100390625 0.07109375 0.066015625
0 0.40625 0.08984375 0.0578125 0.071875
0 0.381640625 0.053515625 0.04765625 0.0484375
0 0.341015625 0.082421875 0.05625 0.0921875
0 0.30703125 0.103125 0.0390625 0.075390625
0 0.326171875 0.0609375 0.06015625 0.0453125
0 0.254296875 0.062109375 0.08359375 0.06484375
0 0.24453125 0.135546875 0.090625 0.05078125
0 0.233984375 0.09609375 0.089453125 0.04765625
0 0.201171875 0.05859375 0.04921875 0.06328125
0 0.175 0.116015625 0.053515625 0.083203125
0 0.148046875 0.1046875 0.03828125 0.070703125
0 0.11328125 0.0875 0.054296875 0.04140625
0 0.12109375 0.128515625 0.046875 0.059765625
0 0.0984375 0.1234375 0.0296875 0.048828125
0 0.987890625 0.401953125 0.023828125 0.0453125
0 0.70078125 0.42109375 0.065234375 0.075390625
0 0.7046875 0.06171875 0.06484375 0.053515625
0 0.730859375 0.13671875 0.05703125 0.064453125
0 0.76328125 0.162109375 0.062109375 0.07265625
0 0.7765625 0.22578125 0.076171875 0.066796875
0 0.855078125 0.267578125 0.06875 0.05
0 0.854296875 0.219921875 0.062109375 0.059765625
0 0.965625 0.208984375 0.06875 0.06796875
0 0.912890625 0.162890625 0.059375 0.06328125
0 0.94296875 0.1421875 0.071875 0.0453125
0 0.88203125 0.189453125 0.044921875 0.08515625
0 0.8453125 0.156640625 0.062890625 0.04921875
0 0.80078125 0.1390625 0.073046875 0.05625
0 0.805078125 0.084375 0.044140625 0.072265625
0 0.73359375 0.091796875 0.0515625 0.072265625
0 0.838671875 0.069921875 0.05234375 0.0703125
0 0.929296875 0.10546875 0.07265625 0.0546875
0 0.899609375 0.07109375 0.067578125 0.053515625
0 0.818359375 0.590625 0.07890625 0.05234375
0 0.746875 0.7015625 0.05546875 0.0921875
0 0.781640625 0.7296875 0.07421875 0.055859375
0 0.83125 0.758203125 0.0671875 0.057421875