0 0.988671875 0.124609375 0.022265625 0.059375
0 0.95703125 0.101953125 0.085546875 0.059375
0 0.93359375 0.270703125 0.062890625 0.07734375
0 0.881640625 0.130859375 0.07890625 0.059765625
0 0.875390625 0.096484375 0.0578125 0.066015625
0 0.835546875 0.10625 0.05234375 0.07109375
0 0.798828125 0.11328125 0.054296875 0.08203125
0 0.76015625 0.11015625 0.0484375 0.07890625
0 0.724609375 0.112109375 0.0625 0.05078125
0 0.691015625 0.101953125 0.055859375 0.07421875
0 0.644140625 0.11015625 0.047265625 0.06015625
0 0.605078125 0.101171875 0.0453125 0.070703125
0 0.7125 0.153125 0.072265625 0.0609375
0 0.719140625 0.203515625 0.0546875 0.0796875
0 0.646484375 0.178515625 0.053125 0.08359375
0 0.62265625 0.158203125 0.04296875 0.070703125
0 0.5796875 0.17109375 0.04453125 0.0734375
0 0.537890625 0.155078125 0.04453125 0.075
0 0.569921875 0.11328125 0.070703125 0.06015625
0 0.52109375 0.102734375 0.06171875 0.060546875
0 0.77109375 0.190625 0.052734375 0.064453125
0 0.789453125 0.243359375 0.0625 0.064453125
0 0.791015625 0.3125 0.05234375 0.0828125
0 0.761328125 0.3421875 0.067578125 0.070703125
0 0.7296875 0.27734375 0.086328125 0.051171875
0 0.523828125 0.250390625 0.065234375 0.060546875
0 0.15546875 0.112109375 0.084375 0.057421875
0 0.275390625 0.093359375 0.070703125 0.076953125
0 0.321484375 0.139453125 0.057421875 0.06171875
0 0.3515625 0.200390625 0.075390625 0.048828125
0 0.445703125 0.2703125 0.0828125 0.06171875
0 0.502734375 0.31796875 0.069921875 0.071875
0 0.2125 0.319921875 0.066796875 0.0859375
0 0.27890625 0.4 0.06171875 0.079296875
0 0.99140625 0.751953125 0.0171875 0.04453125
0 0.915625 0.843359375 0.062890625 0.075390625
0 0.775390625 0.79453125 0.05625 0.10078125
0 0.6765625 0.75390625 0.05859375 0.06953125
0 0.85 0.91484375 0.055078125 0.0359375
0 0.652734375 0.86953125 0.0671875 0.076953125
0 0.6453125 0.80703125 0.053515625 0.064453125
0 0.580078125 0.798046875 0.048828125 0.061328125
0 0.592578125 0.8375 0.05625 0.055078125
0 0.606640625 0.88359375 0.051171875 0.0453125
0 0.55078125 0.8765625 0.06171875 0.044921875
0 0.528125 0.85234375 0.03515625 0.069921875
0 0.58984375 0.834375 0.06171875 0.05234375
0 0.54765625 0.825390625 0.040625 0.069140625
0 0.48984375 0.815625 0.05859375 0.061328125
0 0.496875 0.860546875 0.04609375 0.074609375
0 0.4640625 0.858203125 0.044140625 0.078125
0 0.440625 0.8765625 0.05 0.04296875
0 0.392578125 0.86796875 0.0625 0.0640625
0 0.426171875 0.84296875 0.062890625 0.053125
0 0.363671875 0.69765625 0.050390625 0.0859375
0 0.604296875 0.65390625 0.051953125 0.0796875
0 0.658984375 0.653515625 0.06875 0.076953125
0 0.47734375 0.499609375 0.075 0.06796875
0 0.06484375 0.55078125 0.075 0.07890625
0 0.17109375 0.712109375 0.08515625 0.06796875
0 0.294140625 0.7171875 0.058984375 0.08984375
0 0.070703125 0.86328125 0.09140625 0.093359375