0 0.31328125 0.7671875 0.07734375 0.083203125
0 0.43671875 0.808203125 0.07265625 0.0578125
0 0.631640625 0.785546875 0.06953125 0.095703125
0 0.16484375 0.6359375 0.062109375 0.087109375
0 0.07109375 0.7875 0.07421875 0.066015625
0 0.043359375 0.815625 0.0578125 0.078125
0 0.103515625 0.8609375 0.084765625 0.068359375
0 0.277734375 0.876171875 0.0578125 0.098828125
0 0.02265625 0.616796875 0.0453125 0.089453125
0 0.064453125 0.612890625 0.05390625 0.07578125
0 0.358984375 0.565234375 0.05703125 0.080078125
0 0.274609375 0.62265625 0.075390625 0.05859375
0 0.273828125 0.676171875 0.085546875 0.055859375
0 0.5765625 0.657421875 0.0625 0.062109375
0 0.0140625 0.482421875 0.027734375 0.075390625
0 0.140625 0.4671875 0.0609375 0.084375
0 0.287109375 0.381640625 0.081640625 0.055859375
0 0.383984375 0.47421875 0.0796875 0.05390625
0 0.053515625 0.506640625 0.04609375 0.077734375