0 0.1171875 0.1203125 0.068359375 0.070703125
0 0.079296875 0.184375 0.06875 0.076171875
0 0.2140625 0.156640625 0.069921875 0.0859375
0 0.223828125 0.203125 0.062109375 0.090625
0 0.137109375 0.204296875 0.070703125 0.071875
0 0.212109375 0.753515625 0.067578125 0.0734375
0 0.47578125 0.776953125 0.05859375 0.091015625
0 0.669140625 0.854296875 0.06328125 0.0890625
0 0.6203125 0.22421875 0.074609375 0.0578125
0 0.922265625 0.1203125 0.05234375 0.080078125
0 0.796484375 0.094921875 0.0609375 0.074609375
0 0.840625 0.121875 0.053515625 0.09609375
0 0.789453125 0.1484375 0.075 0.059375
0 0.87734375 0.112890625 0.051953125 0.08984375