0 0.030078125 0.281640625 0.06015625 0.0671875
0 0.039453125 0.391796875 0.07890625 0.10234375
0 0.499609375 0.231640625 0.055859375 0.081640625
0 0.690234375 0.098828125 0.081640625 0.0796875
0 0.809765625 0.116015625 0.06875 0.066015625
0 0.9515625 0.11875 0.066796875 0.071484375
0 0.977734375 0.271484375 0.04453125 0.065234375
0 0.5453125 0.496484375 0.0703125 0.065625
0 0.48359375 0.49609375 0.05234375 0.093359375
0 0.112890625 0.82109375 0.080859375 0.05859375
0 0.324609375 0.87734375 0.060546875 0.1
0 0.469921875 0.780078125 0.05 0.078515625
0 0.763671875 0.805859375 0.081640625 0.063671875
0 0.9859375 0.859375 0.028125 0.0515625