0 0.112890625 0.1703125 0.05234375 0.09609375
0 0.025 0.3828125 0.049609375 0.08125
0 0.077734375 0.388671875 0.084375 0.053125
0 0.016796875 0.457421875 0.03359375 0.0609375
0 0.190625 0.18046875 0.056640625 0.07421875
0 0.2 0.25 0.066796875 0.078515625
0 0.455078125 0.270703125 0.065625 0.0765625
0 0.580078125 0.15703125 0.058984375 0.073046875
0 0.522265625 0.10078125 0.08046875 0.04453125
0 0.523046875 0.136328125 0.066015625 0.05234375
0 0.491015625 0.156640625 0.066796875 0.064453125
0 0.4578125 0.11796875 0.06328125 0.066015625
0 0.412890625 0.116015625 0.058984375 0.062109375
0 0.379296875 0.1484375 0.053125 0.069140625
0 0.34453125 0.114453125 0.07578125 0.05859375
0 0.021484375 0.808984375 0.04296875 0.071875
0 0.088671875 0.828125 0.058203125 0.076953125
0 0.14140625 0.811328125 0.05703125 0.078125
0 0.1515625 0.7734375 0.05703125 0.071484375
0 0.195703125 0.76875 0.063671875 0.080078125
0 0.26328125 0.762109375 0.0546875 0.078125
0 0.3625 0.7984375 0.0703125 0.05703125
0 0.304296875 0.823828125 0.08125 0.053125
0 0.401953125 0.835546875 0.08046875 0.058984375
0 0.397265625 0.89765625 0.07421875 0.0578125
0 0.4625 0.772265625 0.07890625 0.06796875
0 0.580859375 0.8265625 0.065625 0.055859375
0 0.709375 0.850390625 0.05078125 0.08203125
0 0.886328125 0.634375 0.062890625 0.071875