0 0.121484375 0.28671875 0.05546875 0.087109375
0 0.080078125 0.409375 0.065234375 0.084765625
0 0.425 0.41171875 0.067578125 0.072265625
0 0.609375 0.299609375 0.0703125 0.061328125
0 0.607421875 0.3640625 0.081640625 0.055078125
0 0.651171875 0.384375 0.06171875 0.08203125
0 0.788671875 0.260546875 0.083203125 0.05234375
0 0.892578125 0.437890625 0.07109375 0.084765625
0 0.61796875 0.631640625 0.07734375 0.061328125
0 0.50390625 0.623046875 0.08671875 0.061328125
0 0.509765625 0.7015625 0.052734375 0.08125
0 0.565234375 0.853125 0.071875 0.059375
0 0.012890625 0.841015625 0.02578125 0.05859375
0 0.051953125 0.90234375 0.060546875 0.06640625
0 0.104296875 0.896875 0.0625 0.077734375
0 0.1578125 0.90859375 0.051953125 0.059375
0 0.204296875 0.878515625 0.06328125 0.0828125
0 0.238671875 0.9140625 0.0625 0.086328125
0 0.291796875 0.853515625 0.05625 0.072265625
0 0.30625 0.91484375 0.0625 0.059375
0 0.34453125 0.901171875 0.058984375 0.06015625
0 0.398828125 0.908203125 0.07734375 0.069140625
0 0.45546875 0.884765625 0.088671875 0.06015625