0 0.225 0.316796875 0.076171875 0.07578125
0 0.842578125 0.58515625 0.090234375 0.07421875
0 0.90390625 0.656640625 0.073828125 0.08515625
0 0.87109375 0.86875 0.071875 0.088671875
0 0.915234375 0.793359375 0.064453125 0.062109375
0 0.923046875 0.74140625 0.0828125 0.05625
0 0.96875 0.48671875 0.062109375 0.06015625
0 0.902734375 0.55234375 0.081640625 0.06953125
0 0.77421875 0.40625 0.073046875 0.069921875
0 0.85859375 0.29140625 0.068359375 0.06015625
0 0.884375 0.256640625 0.0640625 0.05625
0 0.81484375 0.241015625 0.080859375 0.059375
0 0.557421875 0.268359375 0.0765625 0.059375
0 0.50625 0.27734375 0.058984375 0.051171875
0 0.463671875 0.26484375 0.0640625 0.05546875
0 0.379296875 0.19609375 0.059375 0.05
0 0.389453125 0.276171875 0.06640625 0.05390625
0 0.319140625 0.24609375 0.083984375 0.06484375
0 0.1609375 0.373046875 0.07734375 0.055078125
0 0.10390625 0.41953125 0.0609375 0.072265625
0 0.162109375 0.46328125 0.076171875 0.059765625
0 0.365234375 0.38515625 0.080859375 0.059765625
0 0.41328125 0.34453125 0.05234375 0.066015625
0 0.483203125 0.365625 0.06171875 0.0625
0 0.4421875 0.419921875 0.0578125 0.066015625
0 0.385546875 0.49921875 0.069140625 0.0609375
0 0.39296875 0.439453125 0.07265625 0.055859375
0 0.4828125 0.4984375 0.060546875 0.049609375
0 0.561328125 0.446484375 0.05546875 0.075
0 0.622265625 0.4671875 0.0765625 0.05234375
0 0.673828125 0.462109375 0.062890625 0.059765625
0 0.6484375 0.39765625 0.06640625 0.0453125
0 0.697265625 0.416015625 0.08046875 0.050390625
0 0.625390625 0.32265625 0.06875 0.0546875
0 0.58671875 0.35546875 0.06484375 0.04921875
0 0.545703125 0.37265625 0.066015625 0.06640625
0 0.52109375 0.548046875 0.069140625 0.062890625
0 0.475 0.601171875 0.0828125 0.05234375
0 0.412109375 0.61640625 0.086328125 0.053515625
0 0.42421875 0.5484375 0.059375 0.066796875
0 0.333984375 0.471484375 0.05234375 0.058984375
0 0.249609375 0.580078125 0.050390625 0.07109375
0 0.287890625 0.553125 0.07109375 0.073046875
0 0.33515625 0.53984375 0.067578125 0.07109375
0 0.228515625 0.514453125 0.078125 0.05703125
0 0.19609375 0.55390625 0.064453125 0.048046875
0 0.10625 0.573046875 0.068359375 0.066796875
0 0.138671875 0.526953125 0.06484375 0.052734375
0 0.07265625 0.5234375 0.07421875 0.059765625
0 0.0859375 0.4796875 0.079296875 0.045703125
0 0.15625 0.602734375 0.0828125 0.0703125
0 0.2046875 0.671484375 0.071875 0.06328125
0 0.209375 0.63046875 0.0765625 0.054296875
0 0.127734375 0.665234375 0.06171875 0.073046875
0 0.291796875 0.772265625 0.066015625 0.071875
0 0.248828125 0.7953125 0.060546875 0.064453125
0 0.2171875 0.736328125 0.0796875 0.041796875
0 0.17578125 0.79296875 0.06640625 0.056640625
0 0.178125 0.754296875 0.08515625 0.048046875
0 0.170703125 0.859375 0.0640625 0.069921875
0 0.097265625 0.7703125 0.03828125 0.065234375
0 0.1265625 0.799609375 0.046875 0.082421875