0 0.021484375 0.093359375 0.03203125 0.03984375
0 0.0234375 0.138671875 0.0453125 0.05234375
0 0.046875 0.096875 0.0390625 0.05
0 0.082421875 0.11171875 0.04609375 0.05625
0 0.117578125 0.10234375 0.04140625 0.046875
0 0.155078125 0.11640625 0.03515625 0.05625
0 0.182421875 0.11875 0.02578125 0.0640625
0 0.2203125 0.105859375 0.0609375 0.04453125
0 0.283203125 0.118359375 0.04921875 0.07890625
0 0.433203125 0.11484375 0.05859375 0.05
0 0.201171875 0.190625 0.06796875 0.0546875
0 0.23125 0.251171875 0.0546875 0.07109375
0 0.166796875 0.269921875 0.05234375 0.07421875
0 0.081640625 0.15859375 0.08515625 0.065625
0 0.034765625 0.2625 0.06796875 0.05
0 0.049609375 0.384765625 0.05078125 0.06328125
0 0.14453125 0.458984375 0.065625 0.06171875
0 0.201953125 0.450390625 0.05703125 0.03671875
0 0.201953125 0.40234375 0.06640625 0.053125
0 0.23515625 0.373046875 0.0671875 0.06015625
0 0.1640625 0.38359375 0.05625 0.065625
0 0.152734375 0.698828125 0.08671875 0.06015625
0 0.05625 0.796484375 0.053125 0.07109375
0 0.037890625 0.898828125 0.06484375 0.06796875
0 0.159375 0.88359375 0.0625 0.0640625
0 0.203125 0.85859375 0.0671875 0.0625
0 0.266015625 0.941796875 0.05234375 0.09609375
0 0.294921875 0.95546875 0.04296875 0.075
0 0.333984375 0.891796875 0.06328125 0.05859375
0 0.368359375 0.865234375 0.04921875 0.05703125
0 0.3984375 0.9015625 0.05625 0.0390625
0 0.412109375 0.8671875 0.05234375 0.065625
0 0.46015625 0.848828125 0.05625 0.04609375
0 0.49921875 0.8703125 0.0578125 0.0609375
0 0.55859375 0.8703125 0.04375 0.065625
0 0.6296875 0.9015625 0.0703125 0.05625
0 0.64453125 0.8671875 0.046875 0.059375
0 0.672265625 0.89296875 0.05234375 0.0796875
0 0.70234375 0.878125 0.0359375 0.0671875
0 0.733984375 0.88359375 0.03984375 0.0640625
0 0.558984375 0.469140625 0.07734375 0.04453125
0 0.42109375 0.23828125 0.0640625 0.046875
0 0.477734375 0.24140625 0.05390625 0.0578125
0 0.45078125 0.203515625 0.078125 0.04609375
0 0.4671875 0.170703125 0.08125 0.04140625
0 0.512109375 0.203125 0.04921875 0.059375
0 0.62578125 0.136328125 0.0609375 0.06953125
0 0.700390625 0.176953125 0.06640625 0.05078125
0 0.66640625 0.2234375 0.071875 0.053125
0 0.73984375 0.0984375 0.0640625 0.0578125
0 0.87734375 0.098828125 0.0734375 0.05234375
0 0.98359375 0.120703125 0.0328125 0.06015625
0 0.473828125 0.1078125 0.03359375 0.0703125
0 0.498046875 0.116796875 0.04140625 0.05859375
0 0.53515625 0.108984375 0.05 0.06015625