0 0.419921875 0.300390625 0.080078125 0.05390625
0 0.303125 0.263671875 0.055078125 0.075390625
0 0.341796875 0.426171875 0.0875 0.105078125
0 0.112109375 0.311328125 0.059765625 0.08359375
0 0.567578125 0.55 0.057421875 0.08046875
0 0.46484375 0.535546875 0.076171875 0.0703125
0 0.082421875 0.7453125 0.075390625 0.095703125
0 0.9265625 0.85234375 0.05078125 0.07890625
0 0.763671875 0.69765625 0.063671875 0.08359375
0 0.8828125 0.69921875 0.072265625 0.070703125
0 0.96484375 0.571484375 0.069921875 0.06796875
0 0.891796875 0.5671875 0.06484375 0.079296875
0 0.596875 0.659375 0.080078125 0.051171875
0 0.536328125 0.67734375 0.050390625 0.07265625
0 0.664453125 0.7515625 0.080078125 0.080859375
0 0.785546875 0.869921875 0.065234375 0.071484375
0 0.7 0.8796875 0.08203125 0.062890625
0 0.695703125 0.806640625 0.085546875 0.067578125
0 0.6609375 0.3109375 0.079296875 0.05546875
0 0.665234375 0.353125 0.080859375 0.0515625