0 0.362890625 0.875390625 0.0546875 0.0765625
0 0.40546875 0.878515625 0.055078125 0.08984375
0 0.612890625 0.44453125 0.067578125 0.06328125
0 0.594921875 0.496484375 0.07734375 0.05625
0 0.01640625 0.140625 0.032421875 0.07421875
0 0.05234375 0.145703125 0.053125 0.093359375
0 0.912890625 0.21953125 0.06015625 0.080078125
0 0.87890625 0.16328125 0.04765625 0.091796875
0 0.844140625 0.127734375 0.060546875 0.065625
0 0.83359375 0.185546875 0.07421875 0.0734375
0 0.5890625 0.174609375 0.08046875 0.073046875
0 0.725390625 0.12734375 0.07109375 0.080078125
0 0.637890625 0.155078125 0.059375 0.048046875
0 0.669921875 0.1859375 0.08515625 0.05703125
0 0.594140625 0.091796875 0.08125 0.0640625
0 0.638671875 0.112109375 0.06875 0.043359375
0 0.684375 0.07734375 0.08671875 0.05
0 0.673828125 0.121875 0.0578125 0.068359375