0 0.959375 0.671484375 0.072265625 0.098046875
0 0.9625 0.54140625 0.075 0.059375
0 0.85390625 0.528125 0.0890625 0.06875
0 0.759375 0.570703125 0.061328125 0.096875
0 0.58046875 0.6078125 0.06484375 0.0953125
0 0.643359375 0.641015625 0.0640625 0.09140625
0 0.8984375 0.58203125 0.08203125 0.071484375
0 0.812890625 0.70078125 0.077734375 0.06875
0 0.723828125 0.831640625 0.094140625 0.091015625
0 0.612890625 0.819921875 0.08125 0.0828125
0 0.47890625 0.819140625 0.08359375 0.084375
0 0.40703125 0.8109375 0.07734375 0.0765625
0 0.545703125 0.865625 0.092578125 0.073828125
0 0.40859375 0.866015625 0.085546875 0.0625
0 0.33515625 0.6953125 0.066796875 0.090234375
0 0.418359375 0.7359375 0.066796875 0.080078125
0 0.458984375 0.60703125 0.065234375 0.093359375
0 0.208203125 0.620703125 0.0984375 0.064453125
0 0.212890625 0.709375 0.07734375 0.102734375
0 0.2640625 0.750390625 0.059765625 0.092578125
0 0.31171875 0.74765625 0.060546875 0.090234375
0 0.362890625 0.74765625 0.050390625 0.08125
0 0.027734375 0.86796875 0.05546875 0.06953125
0 0.10234375 0.815625 0.096875 0.09453125
0 0.15859375 0.8640625 0.100390625 0.06796875
0 0.303515625 0.831640625 0.10859375 0.0765625
0 0.297265625 0.918359375 0.0703125 0.097265625
0 0.02421875 0.799609375 0.0484375 0.068359375
0 0.033984375 0.732421875 0.06796875 0.07265625
0 0.028515625 0.60703125 0.05703125 0.0796875
0 0.057421875 0.6546875 0.08984375 0.094921875
0 0.010546875 0.672265625 0.02109375 0.052734375
0 0.134375 0.695703125 0.07421875 0.091796875
0 0.0203125 0.477734375 0.040625 0.06171875
0 0.52265625 0.50390625 0.075390625 0.07578125
0 0.262109375 0.329296875 0.080078125 0.086328125
0 0.09375 0.3109375 0.09453125 0.090234375
0 0.026953125 0.085546875 0.05390625 0.09140625
0 0.02421875 0.1703125 0.0484375 0.075
0 0.051171875 0.13515625 0.0640625 0.071875
0 0.105859375 0.16328125 0.06796875 0.083203125
0 0.07109375 0.089453125 0.0640625 0.071484375
0 0.098828125 0.06171875 0.069921875 0.0453125
0 0.1515625 0.06953125 0.05625 0.07890625
0 0.1234375 0.11328125 0.045703125 0.076953125
0 0.16015625 0.139453125 0.0453125 0.090625
0 0.194921875 0.121875 0.045703125 0.0890625
0 0.188671875 0.059765625 0.059375 0.06484375
0 0.2359375 0.065625 0.05859375 0.050390625
0 0.23828125 0.109765625 0.04453125 0.069140625
0 0.2796875 0.068359375 0.04375 0.0578125
0 0.2921875 0.0875 0.05625 0.068359375
0 0.334375 0.059765625 0.062890625 0.080859375
0 0.377734375 0.075390625 0.047265625 0.093359375
0 0.278125 0.146875 0.061328125 0.063671875
0 0.23046875 0.164453125 0.04296875 0.086328125
0 0.33828125 0.11640625 0.0578125 0.063671875
0 0.33828125 0.16015625 0.074609375 0.076171875
0 0.41640625 0.0828125 0.05859375 0.083984375
0 0.391796875 0.17890625 0.06015625 0.08671875
0 0.278515625 0.186328125 0.060546875 0.080078125
0 0.18125 0.18515625 0.066015625 0.103125
0 0.068359375 0.216796875 0.06015625 0.07578125
0 0.126171875 0.239453125 0.09375 0.06796875
0 0.24609375 0.243359375 0.091015625 0.06953125
0 0.33359375 0.2265625 0.06328125 0.073046875
0 0.31796875 0.3046875 0.083984375 0.06953125
0 0.4453125 0.088671875 0.049609375 0.0796875
0 0.41953125 0.15234375 0.04375 0.076953125
0 0.459765625 0.145703125 0.04765625 0.08359375
0 0.481640625 0.06796875 0.053125 0.07421875
0 0.497265625 0.128125 0.0453125 0.083984375
0 0.53828125 0.13046875 0.04765625 0.089453125
0 0.520703125 0.06640625 0.047265625 0.06875
0 0.565234375 0.070703125 0.065234375 0.060546875
0 0.5703125 0.118359375 0.052734375 0.083203125
0 0.6078125 0.069921875 0.065234375 0.05078125
0 0.6140625 0.125 0.051171875 0.075390625
0 0.64453125 0.1 0.04375 0.084765625
0 0.678125 0.078515625 0.048828125 0.081640625
0 0.673046875 0.144140625 0.069140625 0.070703125
0 0.975390625 0.08046875 0.048828125 0.06953125
0 0.926953125 0.0796875 0.06171875 0.05234375
0 0.809765625 0.1 0.07109375 0.1234375
0 0.741015625 0.1328125 0.075 0.061328125
0 0.72109375 0.083984375 0.05703125 0.06953125
0 0.781640625 0.074609375 0.069921875 0.056640625
0 0.893359375 0.087109375 0.049609375 0.06640625
0 0.86015625 0.09375 0.04296875 0.041796875
0 0.894140625 0.1484375 0.073828125 0.085546875
0 0.857421875 0.158203125 0.055078125 0.08125
0 0.9484375 0.12578125 0.073046875 0.060546875
0 0.988671875 0.12421875 0.02265625 0.040625
0 0.50859375 0.201171875 0.077734375 0.084375
0 0.646484375 0.231640625 0.073046875 0.0828125
0 0.03203125 0.262890625 0.0640625 0.07109375