0 0.810546875 0.79375 0.04296875 0.066015625
0 0.73125 0.85625 0.05625 0.065625
0 0.584375 0.86875 0.063671875 0.07265625
0 0.647265625 0.6375 0.06171875 0.056640625
0 0.741796875 0.54921875 0.069140625 0.048046875
0 0.6734375 0.28828125 0.062890625 0.06875
0 0.59609375 0.2234375 0.05 0.06796875
0 0.69609375 0.4234375 0.063671875 0.06640625
0 0.53046875 0.265234375 0.06328125 0.05
0 0.49921875 0.177734375 0.066796875 0.048046875
0 0.650390625 0.197265625 0.080078125 0.054296875
0 0.678515625 0.172265625 0.058203125 0.06015625
0 0.8171875 0.093359375 0.0734375 0.045703125
0 0.805078125 0.127734375 0.041015625 0.043359375
0 0.841015625 0.14765625 0.04921875 0.0484375
0 0.80625 0.162890625 0.050390625 0.055078125
0 0.8640625 0.2203125 0.066796875 0.063671875
0 0.7703125 0.1359375 0.0453125 0.0625
0 0.64921875 0.08828125 0.043359375 0.0421875
0 0.6859375 0.08203125 0.049609375 0.03828125
0 0.7453125 0.126171875 0.035546875 0.0734375
0 0.646484375 0.153125 0.04453125 0.059375
0 0.4359375 0.09609375 0.062890625 0.041015625
0 0.487890625 0.133984375 0.050390625 0.03828125
0 0.4828125 0.100390625 0.05234375 0.04453125
0 0.5203125 0.122265625 0.0484375 0.07109375
0 0.4109375 0.14609375 0.0640625 0.080078125
0 0.37734375 0.18046875 0.067578125 0.052734375
0 0.456640625 0.36875 0.078125 0.045703125
0 0.3703125 0.346484375 0.076953125 0.042578125
0 0.33359375 0.387109375 0.069140625 0.0484375
0 0.427734375 0.471484375 0.073046875 0.053125
0 0.6109375 0.55078125 0.05625 0.0671875
0 0.521484375 0.558984375 0.066015625 0.046875
0 0.4578125 0.652734375 0.075 0.054296875
0 0.39453125 0.5828125 0.065625 0.04140625
0 0.39765625 0.62734375 0.05546875 0.0625
0 0.343359375 0.43359375 0.053125 0.073828125
0 0.361328125 0.301171875 0.064453125 0.047265625
0 0.328515625 0.2671875 0.06953125 0.053515625
0 0.2203125 0.35078125 0.059765625 0.055859375
0 0.137890625 0.316796875 0.06015625 0.037890625
0 0.2234375 0.21328125 0.083203125 0.06015625
0 0.339453125 0.108984375 0.0609375 0.049609375
0 0.330078125 0.14296875 0.069140625 0.06328125
0 0.15234375 0.1578125 0.0609375 0.048828125
0 0.142578125 0.2328125 0.03203125 0.05625
0 0.152734375 0.19140625 0.044140625 0.036328125
0 0.173828125 0.22109375 0.05546875 0.04609375
0 0.14609375 0.271875 0.03671875 0.051953125
0 0.24375 0.276171875 0.052734375 0.0609375
0 0.248046875 0.32265625 0.068359375 0.0453125
0 0.184375 0.255078125 0.048828125 0.04453125
0 0.17109375 0.291015625 0.0515625 0.035546875
0 0.201171875 0.305078125 0.044140625 0.065234375
0 0.150390625 0.36484375 0.06484375 0.041796875
0 0.15390625 0.338671875 0.0640625 0.03828125
0 0.1625 0.116015625 0.040625 0.055078125
0 0.15 0.416015625 0.05859375 0.037890625
0 0.150390625 0.391796875 0.059765625 0.031640625
0 0.1609375 0.446484375 0.06953125 0.039453125
0 0.136328125 0.48125 0.080078125 0.046484375
0 0.2859375 0.46796875 0.058984375 0.0390625
0 0.14296875 0.51875 0.077734375 0.047265625
0 0.187109375 0.53828125 0.069921875 0.04921875
0 0.19609375 0.567578125 0.064453125 0.046875
0 0.305078125 0.658984375 0.05625 0.073046875
0 0.144921875 0.686328125 0.059375 0.061328125
0 0.159765625 0.657421875 0.051953125 0.047265625
0 0.24296875 0.854296875 0.059765625 0.05859375
0 0.240234375 0.57578125 0.054296875 0.06328125
0 0.25546875 0.62421875 0.061328125 0.0609375
0 0.218359375 0.6328125 0.05 0.052734375
0 0.196875 0.662109375 0.050390625 0.06796875
0 0.23828125 0.675390625 0.058984375 0.0515625
0 0.221484375 0.707421875 0.089453125 0.047265625
0 0.15703125 0.744921875 0.087109375 0.04609375
0 0.16875 0.716015625 0.059765625 0.039453125
0 0.2203125 0.81796875 0.0546875 0.055078125
0 0.17421875 0.7625 0.054296875 0.051953125
0 0.196875 0.77890625 0.0484375 0.050390625
0 0.162109375 0.807421875 0.033984375 0.053515625
0 0.181640625 0.813671875 0.0359375 0.030859375
0 0.166796875 0.84609375 0.07109375 0.03984375
0 0.15390625 0.86875 0.037109375 0.053125
0 0.18984375 0.875 0.065234375 0.0421875
0 0.22109375 0.8640625 0.0421875 0.05703125
0 0.20234375 0.454296875 0.06875 0.035546875
0 0.2015625 0.429296875 0.062109375 0.05078125
0 0.231640625 0.405078125 0.04921875 0.05
0 0.26328125 0.43515625 0.069140625 0.067578125
0 0.24296875 0.4921875 0.053515625 0.06875
0 0.218359375 0.261328125 0.03984375 0.058203125
0 0.19921875 0.098828125 0.054296875 0.0546875
0 0.215234375 0.155859375 0.054296875 0.0625
0 0.279296875 0.1828125 0.075 0.06640625
0 0.275390625 0.103125 0.05703125 0.06640625
0 0.2875 0.148828125 0.06796875 0.05234375
0 0.531640625 0.0859375 0.040625 0.027734375
0 0.9359375 0.099609375 0.056640625 0.05859375
0 0.98359375 0.096484375 0.032421875 0.0546875
0 0.940234375 0.165625 0.042578125 0.0578125
0 0.88828125 0.097265625 0.067578125 0.0421875
0 0.88984375 0.13203125 0.044140625 0.058203125
0 0.866015625 0.11015625 0.03828125 0.059765625
0 0.72109375 0.08984375 0.051171875 0.035546875
0 0.669140625 0.11796875 0.0640625 0.048046875
0 0.707421875 0.10625 0.031640625 0.041015625
0 0.72265625 0.1296875 0.034375 0.05234375
0 0.561328125 0.116015625 0.051171875 0.0875
0 0.586328125 0.08984375 0.0515625 0.037890625
0 0.602734375 0.125 0.043359375 0.071875
0 0.975 0.16171875 0.05 0.0484375
0 0.89296875 0.169921875 0.066015625 0.04921875
0 0.962109375 0.205078125 0.054296875 0.0671875