0 0.875390625 0.259765625 0.084375 0.06875
0 0.779296875 0.1046875 0.068359375 0.082421875
0 0.86015625 0.172265625 0.088671875 0.08125
0 0.538671875 0.34296875 0.061328125 0.09453125
0 0.3625 0.11328125 0.055078125 0.07109375
0 0.0125 0.10078125 0.025 0.061328125
0 0.18515625 0.0984375 0.073828125 0.069921875
0 0.074609375 0.191015625 0.082421875 0.075390625
0 0.18203125 0.171875 0.069921875 0.073046875
0 0.131640625 0.17421875 0.055078125 0.087109375
0 0.544140625 0.103515625 0.06328125 0.07109375