0 0.266796875 0.355859375 0.0484375 0.0765625
0 0.25234375 0.47265625 0.076953125 0.045703125
0 0.28359375 0.42265625 0.07109375 0.045703125
0 0.241015625 0.524609375 0.05625 0.06953125
0 0.705859375 0.857421875 0.04609375 0.073046875
0 0.504296875 0.729296875 0.066015625 0.05234375
0 0.730859375 0.67109375 0.0515625 0.065625
0 0.7796875 0.64140625 0.062890625 0.071875
0 0.4421875 0.55234375 0.08203125 0.050390625
0 0.080859375 0.5640625 0.073046875 0.059375
0 0.027734375 0.570703125 0.05546875 0.059765625
0 0.92265625 0.8859375 0.047265625 0.022265625