0 0.939453125 0.649609375 0.083984375 0.066796875
0 0.658203125 0.64375 0.0703125 0.055078125
0 0.561328125 0.67421875 0.0640625 0.078125
0 0.0109375 0.764453125 0.021875 0.044140625
0 0.02109375 0.849609375 0.0421875 0.05625
0 0.012109375 0.90078125 0.02421875 0.0546875
0 0.033984375 0.901953125 0.0453125 0.07578125
0 0.058984375 0.877734375 0.068359375 0.078125
0 0.4046875 0.85625 0.069140625 0.058203125
0 0.51171875 0.846875 0.050390625 0.08046875
0 0.4625 0.89609375 0.057421875 0.0703125
0 0.520703125 0.904296875 0.07890625 0.047265625
0 0.643359375 0.78984375 0.062109375 0.075390625