0 0.90703125 0.259375 0.075390625 0.066015625
0 0.733203125 0.2421875 0.06015625 0.084765625
0 0.853125 0.297265625 0.088671875 0.0625
0 0.652734375 0.220703125 0.07734375 0.059375
0 0.94921875 0.8 0.06328125 0.0703125
0 0.48046875 0.88515625 0.051171875 0.071875
0 0.4171875 0.85390625 0.0609375 0.080859375
0 0.36484375 0.80078125 0.0515625 0.0671875
0 0.31484375 0.801171875 0.067578125 0.045703125
0 0.317578125 0.869140625 0.0734375 0.0546875
0 0.343359375 0.830078125 0.0640625 0.044921875
0 0.12578125 0.82109375 0.0640625 0.073828125
0 0.160546875 0.84296875 0.074609375 0.05859375
0 0.187890625 0.887890625 0.075390625 0.05625
0 0.0375 0.338671875 0.071875 0.079296875
0 0.287890625 0.253125 0.059375 0.083203125
0 0.155078125 0.105859375 0.05234375 0.05234375