0 0.88515625 0.098828125 0.074609375 0.09296875
0 0.8484375 0.669921875 0.0640625 0.091796875
0 0.9484375 0.750390625 0.103125 0.06171875
0 0.756640625 0.76640625 0.09140625 0.062109375
0 0.5640625 0.423046875 0.054296875 0.087109375
0 0.606640625 0.465625 0.06484375 0.071484375
0 0.444921875 0.3703125 0.081640625 0.059765625
0 0.637109375 0.835546875 0.062890625 0.07265625
0 0.767578125 0.878125 0.0578125 0.09453125
0 0.851953125 0.8453125 0.074609375 0.079296875
0 0.70078125 0.866015625 0.06640625 0.093359375
0 0.653125 0.892578125 0.09375 0.063671875
0 0.447265625 0.869921875 0.055078125 0.083203125
0 0.240625 0.866015625 0.073828125 0.094140625
0 0.334765625 0.8890625 0.06015625 0.083984375
0 0.31875 0.801953125 0.0578125 0.083203125
0 0.233203125 0.7328125 0.049609375 0.083984375
0 0.277734375 0.741015625 0.04765625 0.06875
0 0.09921875 0.56015625 0.06640625 0.075
0 0.040625 0.681640625 0.08125 0.090625