0 0.81171875 0.518359375 0.08046875 0.08359375
0 0.804296875 0.596875 0.0609375 0.096484375
0 0.748828125 0.77734375 0.081640625 0.066015625
0 0.618359375 0.783984375 0.05703125 0.07265625
0 0.656640625 0.8109375 0.06640625 0.0953125
0 0.468359375 0.862890625 0.065234375 0.085546875
0 0.435546875 0.8828125 0.05859375 0.085546875
0 0.31015625 0.857421875 0.07265625 0.078515625
0 0.24375 0.644140625 0.0640625 0.089453125
0 0.03203125 0.7484375 0.0640625 0.08125
0 0.02578125 0.473046875 0.0515625 0.07265625
0 0.123046875 0.5234375 0.07734375 0.06328125
0 0.017578125 0.21640625 0.03515625 0.096875
0 0.153125 0.162890625 0.08515625 0.097265625
0 0.230078125 0.2984375 0.067578125 0.08359375
0 0.451171875 0.340625 0.080078125 0.07578125
0 0.575390625 0.361328125 0.07421875 0.081640625
0 0.441796875 0.101953125 0.08671875 0.087109375