0 0.061328125 0.091015625 0.07109375 0.08984375
0 0.13203125 0.128125 0.096875 0.0765625
0 0.19296875 0.09375 0.0578125 0.0859375
0 0.105078125 0.34609375 0.05234375 0.0890625
0 0.0265625 0.433984375 0.05 0.07578125
0 0.0140625 0.666015625 0.0265625 0.06328125
0 0.520703125 0.077734375 0.08671875 0.07265625
0 0.485546875 0.095703125 0.10390625 0.05859375
0 0.48046875 0.12890625 0.05 0.071875
0 0.521875 0.149609375 0.0578125 0.07421875
0 0.487890625 0.194140625 0.06171875 0.08046875
0 0.426953125 0.165625 0.05078125 0.0796875
0 0.41875 0.20390625 0.06875 0.071875
0 0.74140625 0.18828125 0.0671875 0.0875
0 0.58828125 0.2484375 0.115625 0.0734375
0 0.327734375 0.2796875 0.07109375 0.0828125
0 0.37109375 0.44609375 0.0828125 0.065625
0 0.495703125 0.43984375 0.06953125 0.08125
0 0.790234375 0.321875 0.07890625 0.059375
0 0.85546875 0.412890625 0.053125 0.07734375
0 0.847265625 0.4609375 0.08046875 0.06875
0 0.7765625 0.533203125 0.0875 0.05703125
0 0.52265625 0.613671875 0.065625 0.06953125
0 0.230078125 0.684375 0.08671875 0.05
0 0.22734375 0.733984375 0.0765625 0.06015625
0 0.2203125 0.813671875 0.053125 0.07578125
0 0.33125 0.612109375 0.0515625 0.07265625
0 0.486328125 0.751171875 0.08359375 0.06171875
0 0.4 0.8453125 0.065625 0.08125
0 0.503515625 0.88046875 0.05546875 0.075
0 0.510546875 0.819140625 0.06328125 0.06328125
0 0.579296875 0.75 0.06796875 0.053125
0 0.6125 0.820703125 0.0703125 0.06015625
0 0.65 0.900390625 0.0828125 0.06796875
0 0.873046875 0.90625 0.06953125 0.0796875
0 0.921484375 0.898828125 0.04921875 0.10703125
0 0.97578125 0.905078125 0.0484375 0.07265625
0 0.983984375 0.873046875 0.03203125 0.06640625
0 0.979296875 0.749609375 0.04140625 0.07578125
0 0.985546875 0.694140625 0.02890625 0.07734375
0 0.846484375 0.724609375 0.06796875 0.07578125
0 0.78671875 0.703125 0.0671875 0.0859375
0 0.67578125 0.7296875 0.06875 0.0734375
0 0.65234375 0.65859375 0.075 0.05