0 0.97265625 0.154296875 0.0546875 0.089453125
0 0.870703125 0.083984375 0.081640625 0.054296875
0 0.7828125 0.069140625 0.061328125 0.074609375
0 0.761328125 0.15078125 0.070703125 0.0640625
0 0.721875 0.093359375 0.069921875 0.0640625
0 0.724609375 0.05703125 0.07890625 0.05546875
0 0.591015625 0.06328125 0.053515625 0.084765625
0 0.58125 0.14296875 0.08203125 0.06640625
0 0.51953125 0.155078125 0.08828125 0.068359375
0 0.357421875 0.322265625 0.055859375 0.078125
0 0.7296875 0.553125 0.061328125 0.089453125
0 0.9703125 0.621875 0.059375 0.069140625
0 0.940234375 0.55 0.07578125 0.072265625
0 0.88984375 0.472265625 0.071484375 0.05703125
0 0.668359375 0.3734375 0.070703125 0.052734375
0 0.523828125 0.341015625 0.074609375 0.054296875
0 0.203125 0.29609375 0.075 0.06484375
0 0.3953125 0.051953125 0.07265625 0.10390625
0 0.24375 0.183984375 0.070703125 0.09765625
0 0.198828125 0.212109375 0.066796875 0.08828125
0 0.174609375 0.04765625 0.06484375 0.0953125
0 0.23046875 0.072265625 0.06640625 0.069921875
0 0.0765625 0.0671875 0.09140625 0.073046875
0 0.059375 0.121875 0.065234375 0.092578125
0 0.015234375 0.1375 0.03046875 0.070703125
0 0.014453125 0.075 0.02890625 0.0609375
0 0.961328125 0.81953125 0.07734375 0.0625
0 0.933203125 0.8828125 0.05703125 0.064453125
0 0.8953125 0.88515625 0.0515625 0.066796875
0 0.8625 0.880078125 0.0515625 0.067578125
0 0.8359375 0.873046875 0.0625 0.06015625
0 0.84921875 0.824609375 0.0953125 0.070703125
0 0.769140625 0.869921875 0.071875 0.06015625
0 0.68828125 0.856640625 0.0765625 0.058203125
0 0.653125 0.884375 0.05078125 0.058984375
0 0.615234375 0.878515625 0.042578125 0.077734375
0 0.586328125 0.87421875 0.05 0.074609375
0 0.57109375 0.80390625 0.05234375 0.084375
0 0.51328125 0.8359375 0.065234375 0.0671875
0 0.53125 0.89296875 0.087890625 0.058203125