0 0.696484375 0.876953125 0.06015625 0.085546875
0 0.799609375 0.89765625 0.06484375 0.05859375
0 0.8140625 0.736328125 0.059375 0.0734375
0 0.869140625 0.86953125 0.092578125 0.076171875
0 0.50625 0.684375 0.08046875 0.063671875
0 0.332421875 0.573046875 0.0546875 0.0796875
0 0.36328125 0.458203125 0.060546875 0.081640625
0 0.1765625 0.474609375 0.061328125 0.090625
0 0.133203125 0.6015625 0.071484375 0.080078125
0 0.275 0.5546875 0.058984375 0.089453125
0 0.224609375 0.8359375 0.059375 0.08671875