0 0.25546875 0.121875 0.0578125 0.0765625
0 0.30546875 0.12734375 0.06640625 0.068359375
0 0.129296875 0.154296875 0.06640625 0.07734375
0 0.13671875 0.108984375 0.08359375 0.053125
0 0.016015625 0.102734375 0.03203125 0.06484375
0 0.046875 0.1125 0.06015625 0.05625
0 0.084765625 0.11484375 0.04375 0.055859375
0 0.05546875 0.145703125 0.062890625 0.04296875
0 0.01328125 0.155078125 0.026171875 0.05
0 0.03359375 0.17578125 0.0671875 0.046875
0 0.04921875 0.20546875 0.07890625 0.0546875
0 0.521484375 0.140234375 0.058984375 0.08125
0 0.58125 0.13671875 0.06015625 0.07734375
0 0.498046875 0.451171875 0.083203125 0.061328125
0 0.5046875 0.504296875 0.078125 0.0578125
0 0.574609375 0.671484375 0.053515625 0.080078125
0 0.363671875 0.6828125 0.069921875 0.076171875
0 0.29765625 0.6859375 0.075 0.06796875
0 0.235546875 0.738671875 0.083203125 0.05859375
0 0.5609375 0.789453125 0.072265625 0.07109375
0 0.390234375 0.878515625 0.083203125 0.06484375
0 0.297265625 0.849609375 0.059765625 0.06953125
0 0.331640625 0.894140625 0.058203125 0.0625
0 0.248828125 0.847265625 0.05546875 0.073046875
0 0.21328125 0.85546875 0.047265625 0.075
0 0.166015625 0.8765625 0.044140625 0.082421875
0 0.196875 0.8921875 0.05 0.061328125
0 0.2390625 0.899609375 0.05859375 0.0375
0 0.2859375 0.89765625 0.045703125 0.0640625
0 0.072265625 0.876171875 0.082421875 0.06328125
0 0.127734375 0.88828125 0.04296875 0.075390625
0 0.0703125 0.715234375 0.075390625 0.057421875
0 0.030859375 0.367578125 0.061328125 0.083203125
0 0.96640625 0.83203125 0.0671875 0.066796875
0 0.800390625 0.823828125 0.075390625 0.061328125
0 0.728125 0.8828125 0.061328125 0.08359375
0 0.6625 0.836328125 0.05703125 0.08203125
0 0.618359375 0.84921875 0.0703125 0.0671875
0 0.676171875 0.88515625 0.052734375 0.0640625
0 0.628515625 0.898046875 0.072265625 0.05234375
0 0.54921875 0.885546875 0.054296875 0.08359375
0 0.584375 0.884375 0.047265625 0.080078125
0 0.797265625 0.16171875 0.0484375 0.088671875
0 0.841015625 0.166796875 0.053515625 0.085546875
0 0.866796875 0.116015625 0.071875 0.052734375
0 0.908984375 0.1359375 0.059375 0.075
0 0.960546875 0.11640625 0.059765625 0.05859375
0 0.98671875 0.14296875 0.0265625 0.077734375
0 0.10390625 0.2078125 0.0578125 0.08828125