0 0.026953125 0.509765625 0.053515625 0.087890625
0 0.285546875 0.47421875 0.057421875 0.0671875
0 0.3734375 0.5015625 0.08671875 0.075390625
0 0.35703125 0.56328125 0.061328125 0.078125
0 0.119140625 0.734375 0.098828125 0.059765625
0 0.165234375 0.79765625 0.07265625 0.075
0 0.4171875 0.691796875 0.06015625 0.084375
0 0.541015625 0.68671875 0.050390625 0.083203125
0 0.93359375 0.889453125 0.091015625 0.065625
0 0.73984375 0.8796875 0.05625 0.06953125
0 0.7875 0.887109375 0.056640625 0.068359375
0 0.834375 0.887890625 0.062890625 0.06640625
0 0.868359375 0.89609375 0.06015625 0.06328125
0 0.94453125 0.71640625 0.074609375 0.090625
0 0.865234375 0.738671875 0.083984375 0.061328125
0 0.81953125 0.7796875 0.061328125 0.069140625
0 0.68203125 0.6171875 0.060546875 0.077734375
0 0.971875 0.6 0.05625 0.0875
0 0.693359375 0.534375 0.084375 0.059375
0 0.926171875 0.488671875 0.0703125 0.07421875
0 0.946484375 0.45546875 0.07265625 0.06484375