0 0.0375 0.89296875 0.06875 0.0546875
0 0.0484375 0.653125 0.0625 0.0765625
0 0.204296875 0.72734375 0.05703125 0.0640625
0 0.30546875 0.776953125 0.071875 0.06328125
0 0.47734375 0.8984375 0.0390625 0.0515625
0 0.505078125 0.873828125 0.04453125 0.06484375
0 0.540234375 0.896875 0.02265625 0.059375
0 0.56875 0.88828125 0.03125 0.05625
0 0.599609375 0.898046875 0.03671875 0.06796875
0 0.639453125 0.90234375 0.04921875 0.0515625
0 0.629296875 0.8421875 0.04140625 0.0578125
0 0.675 0.85703125 0.040625 0.0484375
0 0.678515625 0.91171875 0.04765625 0.0578125
0 0.71171875 0.909765625 0.028125 0.05234375
0 0.75234375 0.916796875 0.0640625 0.04296875
0 0.733984375 0.879296875 0.06171875 0.03046875
0 0.715625 0.826171875 0.05 0.03046875
0 0.7203125 0.846484375 0.0640625 0.02109375
0 0.776953125 0.8625 0.04921875 0.05
0 0.801953125 0.90859375 0.04765625 0.05625
0 0.8140625 0.846875 0.0453125 0.0578125
0 0.8390625 0.8140625 0.046875 0.0625
0 0.88203125 0.839453125 0.0484375 0.07265625
0 0.8640625 0.877734375 0.0453125 0.05234375
0 0.92734375 0.85546875 0.0484375 0.0703125
0 0.89453125 0.926953125 0.0625 0.05703125
0 0.93671875 0.928125 0.046875 0.065625
0 0.958984375 0.906640625 0.04453125 0.06015625
0 0.980078125 0.885546875 0.03984375 0.06640625
0 0.9859375 0.770703125 0.028125 0.05078125
0 0.96484375 0.709375 0.059375 0.071875
0 0.7015625 0.72265625 0.05 0.065625
0 0.637109375 0.77734375 0.05859375 0.0515625
0 0.57578125 0.784765625 0.0484375 0.07109375
0 0.506640625 0.79140625 0.05546875 0.0671875
0 0.38203125 0.61328125 0.065625 0.0453125
0 0.466015625 0.61875 0.05703125 0.05625
0 0.480859375 0.69921875 0.05234375 0.053125
0 0.5671875 0.70078125 0.05 0.0546875
0 0.64375 0.680859375 0.0546875 0.05078125
0 0.921875 0.626171875 0.059375 0.05703125
0 0.720703125 0.584765625 0.04453125 0.05859375
0 0.674609375 0.564453125 0.04296875 0.06484375
0 0.696875 0.516796875 0.046875 0.07109375
0 0.73046875 0.478515625 0.05 0.07109375
0 0.956640625 0.442578125 0.05234375 0.07421875
0 0.80625 0.41328125 0.0578125 0.053125
0 0.7359375 0.413671875 0.0640625 0.05234375
0 0.749609375 0.369921875 0.07265625 0.04765625
0 0.38359375 0.44375 0.046875 0.0671875
0 0.137890625 0.523828125 0.05234375 0.04921875
0 0.125 0.457421875 0.046875 0.06328125
0 0.13046875 0.417578125 0.0578125 0.03515625
0 0.084765625 0.41875 0.03359375 0.059375
0 0.023828125 0.445703125 0.04609375 0.03671875
0 0.021875 0.40546875 0.0421875 0.0328125
0 0.0171875 0.36875 0.0328125 0.0375
0 0.0140625 0.337109375 0.0265625 0.02578125
0 0.021484375 0.30859375 0.03984375 0.0328125
0 0.0203125 0.276171875 0.0390625 0.02734375
0 0.03125 0.24765625 0.0546875 0.0390625
0 0.010546875 0.21015625 0.01640625 0.034375
0 0.02734375 0.192578125 0.053125 0.04921875
0 0.016015625 0.130078125 0.03046875 0.04140625
0 0.023046875 0.084765625 0.04453125 0.04296875
0 0.0546875 0.39296875 0.0296875 0.0578125
0 0.043359375 0.34296875 0.02734375 0.05
0 0.0765625 0.347265625 0.034375 0.04765625
0 0.11015625 0.384375 0.08125 0.0375
0 0.110546875 0.348046875 0.05703125 0.04453125
0 0.06953125 0.2984375 0.0546875 0.0421875
0 0.091015625 0.268359375 0.05390625 0.04140625
0 0.07890625 0.20546875 0.040625 0.05625
0 0.05625 0.156640625 0.0484375 0.04140625
0 0.078515625 0.13125 0.03046875 0.0390625
0 0.051171875 0.057421875 0.04453125 0.02578125
0 0.14453125 0.132421875 0.034375 0.04765625
0 0.10859375 0.16328125 0.0390625 0.053125
0 0.098046875 0.0546875 0.04453125 0.0296875
0 0.0734375 0.087109375 0.034375 0.03828125
0 0.1109375 0.09375 0.0328125 0.028125
0 0.14453125 0.069921875 0.03125 0.05703125
0 0.182421875 0.077734375 0.04765625 0.05703125
0 0.23046875 0.06484375 0.05 0.040625
0 0.27890625 0.0671875 0.0375 0.0421875
0 0.330859375 0.06015625 0.04765625 0.0390625
0 0.365625 0.066796875 0.0328125 0.05234375
0 0.391796875 0.055859375 0.01640625 0.02265625
0 0.41875 0.06328125 0.025 0.0546875
0 0.455078125 0.062109375 0.03828125 0.04609375
0 0.5234375 0.058984375 0.053125 0.03671875
0 0.562109375 0.05546875 0.03828125 0.0375
0 0.62265625 0.048828125 0.0484375 0.02734375
0 0.57109375 0.086328125 0.03125 0.05234375
0 0.6 0.078515625 0.028125 0.04921875
0 0.625390625 0.086328125 0.03515625 0.04296875
0 0.667578125 0.0671875 0.03671875 0.05625
0 0.708984375 0.067578125 0.03515625 0.06328125
0 0.737890625 0.063671875 0.04296875 0.06484375
0 0.779296875 0.06953125 0.03984375 0.053125
0 0.81796875 0.05078125 0.0546875 0.0359375
0 0.82265625 0.082421875 0.053125 0.04296875
0 0.88828125 0.110546875 0.0453125 0.09453125
0 0.93203125 0.1 0.0375 0.0765625
0 0.955859375 0.059375 0.03515625 0.0625
0 0.9859375 0.063671875 0.028125 0.06171875
0 0.987109375 0.151953125 0.02578125 0.06953125
0 0.962109375 0.176171875 0.05703125 0.06171875
0 0.936328125 0.206640625 0.04765625 0.07265625
0 0.98671875 0.255859375 0.0265625 0.07734375
0 0.88828125 0.21875 0.034375 0.0671875
0 0.812890625 0.241796875 0.05859375 0.04453125
0 0.85 0.20546875 0.040625 0.0578125
0 0.84765625 0.1609375 0.040625 0.05
0 0.83828125 0.1234375 0.0515625 0.0515625
0 0.807421875 0.1703125 0.05703125 0.040625
0 0.791796875 0.20859375 0.05390625 0.0484375
0 0.7359375 0.212890625 0.05625 0.05703125
0 0.758203125 0.17265625 0.04453125 0.0359375
0 0.788671875 0.129296875 0.05390625 0.03984375
0 0.755859375 0.10390625 0.06953125 0.0375
0 0.744921875 0.139453125 0.05703125 0.03515625
0 0.711328125 0.133203125 0.05546875 0.05078125
0 0.659765625 0.107421875 0.03046875 0.04140625
0 0.69921875 0.095703125 0.046875 0.03984375
0 0.621484375 0.124609375 0.05234375 0.03984375
0 0.663671875 0.151171875 0.05390625 0.04296875
0 0.675 0.19375 0.0671875 0.0578125
0 0.619140625 0.278125 0.04453125 0.0578125
0 0.63359375 0.223828125 0.0515625 0.05703125
0 0.625 0.167578125 0.0546875 0.04921875
0 0.618359375 0.124609375 0.04453125 0.04140625
0 0.53203125 0.123828125 0.0484375 0.04765625
0 0.513671875 0.091796875 0.05546875 0.03828125
0 0.48125 0.11875 0.04375 0.0484375
0 0.56953125 0.171484375 0.0578125 0.04921875
0 0.5890625 0.231640625 0.0453125 0.04609375
0 0.56796875 0.266796875 0.05625 0.05390625
0 0.510546875 0.25703125 0.05546875 0.04375
0 0.536328125 0.226953125 0.04609375 0.04453125
0 0.526953125 0.175390625 0.04609375 0.06796875
0 0.483984375 0.2171875 0.05859375 0.04375
0 0.48515625 0.176953125 0.040625 0.05234375
0 0.523046875 0.17265625 0.04296875 0.0625
0 0.21328125 0.121484375 0.05625 0.03984375
0 0.258984375 0.10390625 0.05390625 0.040625
0 0.30625 0.3515625 0.06875 0.046875
0 0.4765625 0.364453125 0.06875 0.04765625
0 0.41875 0.359375 0.053125 0.065625
0 0.375 0.362109375 0.0515625 0.06796875
0 0.372265625 0.30625 0.05546875 0.0484375
0 0.41796875 0.316015625 0.05 0.05078125
0 0.446484375 0.326953125 0.05859375 0.03984375
0 0.503125 0.323828125 0.059375 0.04140625
0 0.228125 0.383203125 0.0578125 0.03828125
0 0.227734375 0.348828125 0.06015625 0.04609375
0 0.183984375 0.366796875 0.04453125 0.06484375
0 0.132421875 0.323046875 0.04296875 0.07109375
0 0.30234375 0.2953125 0.053125 0.053125
0 0.244921875 0.3203125 0.06484375 0.0484375
0 0.1921875 0.316796875 0.046875 0.04140625
0 0.2734375 0.27734375 0.0453125 0.0484375
0 0.18203125 0.15546875 0.0609375 0.0453125
0 0.155078125 0.217578125 0.05390625 0.03828125
0 0.1140625 0.2234375 0.053125 0.059375
0 0.145703125 0.2640625 0.03671875 0.0515625
0 0.178515625 0.275390625 0.03515625 0.06953125
0 0.205078125 0.251171875 0.03828125 0.04453125
0 0.234375 0.259765625 0.04375 0.04140625
0 0.216015625 0.28203125 0.06796875 0.03125
0 0.175390625 0.193359375 0.05546875 0.04140625
0 0.220703125 0.1953125 0.04453125 0.0359375
0 0.237109375 0.164453125 0.04296875 0.03359375
0 0.273828125 0.143359375 0.03515625 0.03828125
0 0.305078125 0.134765625 0.03984375 0.04609375
0 0.3109375 0.09375 0.0546875 0.0484375
0 0.33359375 0.13046875 0.0359375 0.0484375
0 0.3484375 0.097265625 0.034375 0.03359375
0 0.368359375 0.119921875 0.03984375 0.03984375
0 0.396875 0.09765625 0.0421875 0.04375
0 0.437109375 0.10234375 0.03984375 0.0390625
0 0.427734375 0.134765625 0.07265625 0.03203125
0 0.41875 0.152734375 0.046875 0.03671875
0 0.379296875 0.17265625 0.03515625 0.05625
0 0.3453125 0.194921875 0.0421875 0.05078125
0 0.297265625 0.170703125 0.06640625 0.03828125
0 0.25546875 0.195703125 0.040625 0.04296875
0 0.30078125 0.2 0.05625 0.0453125
0 0.231640625 0.2328125 0.04921875 0.040625
0 0.275 0.23671875 0.040625 0.0421875
0 0.30234375 0.244921875 0.0484375 0.04921875
0 0.347265625 0.25390625 0.04453125 0.05625
0 0.38359375 0.259375 0.046875 0.0515625
0 0.41484375 0.213671875 0.0390625 0.05390625
0 0.421875 0.266015625 0.0515625 0.04609375
0 0.46640625 0.28828125 0.046875 0.04375
0 0.4546875 0.237890625 0.046875 0.05546875
0 0.449609375 0.18671875 0.04453125 0.0484375