0 0.944921875 0.123046875 0.058203125 0.086328125
0 0.90859375 0.123046875 0.0375 0.082421875
0 0.883984375 0.1421875 0.067578125 0.08984375
0 0.880078125 0.098828125 0.056640625 0.044140625
0 0.837890625 0.1203125 0.05390625 0.0796875
0 0.79765625 0.13515625 0.0640625 0.06796875
0 0.77578125 0.1453125 0.065625 0.07890625
0 0.332421875 0.119921875 0.071484375 0.078515625
0 0.305859375 0.139453125 0.05234375 0.08359375
0 0.266796875 0.131640625 0.0546875 0.07734375
0 0.2296875 0.152734375 0.046484375 0.079296875
0 0.22578125 0.105859375 0.0703125 0.05625
0 0.1734375 0.13203125 0.080859375 0.05234375
0 0.12890625 0.14765625 0.045703125 0.085546875
0 0.102734375 0.12109375 0.04609375 0.09609375
0 0.06875 0.12890625 0.056640625 0.0890625
0 0.025390625 0.142578125 0.05078125 0.06171875
0 0.012890625 0.106640625 0.02578125 0.0390625
0 0.02109375 0.17578125 0.041796875 0.045703125
0 0.726171875 0.42578125 0.093359375 0.059765625
0 0.75078125 0.308984375 0.062109375 0.079296875
0 0.159765625 0.45703125 0.077734375 0.075390625
0 0.234375 0.591015625 0.1 0.0640625
0 0.6265625 0.603125 0.0640625 0.078125
0 0.654296875 0.65625 0.08671875 0.04765625
0 0.944921875 0.877734375 0.06953125 0.087109375
0 0.803515625 0.814453125 0.076171875 0.08984375
0 0.73515625 0.828515625 0.074609375 0.06171875
0 0.203125 0.867578125 0.0609375 0.065234375
0 0.162890625 0.89140625 0.0703125 0.058203125
0 0.098828125 0.88515625 0.077734375 0.072265625
0 0.39296875 0.88671875 0.062109375 0.065625
0 0.43046875 0.882421875 0.03515625 0.069921875
0 0.59921875 0.884375 0.05 0.07578125
0 0.5515625 0.902734375 0.06640625 0.047265625
0 0.564453125 0.869140625 0.048046875 0.040234375
0 0.5203125 0.848046875 0.0578125 0.078515625
0 0.506640625 0.899609375 0.056640625 0.051953125
0 0.46640625 0.89453125 0.06171875 0.0609375
0 0.47734375 0.84921875 0.059765625 0.058203125