0 0.877734375 0.43828125 0.08046875 0.0765625
0 0.926171875 0.37578125 0.070703125 0.0453125
0 0.57265625 0.4765625 0.073828125 0.0578125
0 0.59921875 0.4328125 0.073046875 0.06171875
0 0.781640625 0.685546875 0.0703125 0.06328125
0 0.830078125 0.771484375 0.06796875 0.08203125
0 0.9859375 0.541015625 0.028125 0.05234375
0 0.9234375 0.598828125 0.06328125 0.078125
0 0.97734375 0.62109375 0.044921875 0.058203125
0 0.87890625 0.8609375 0.078125 0.06796875
0 0.91953125 0.7890625 0.062109375 0.07890625
0 0.974609375 0.8046875 0.05078125 0.0671875
0 0.913671875 0.877734375 0.0609375 0.06484375
0 0.96484375 0.891015625 0.0328125 0.061328125
0 0.987109375 0.898046875 0.025390625 0.040234375
0 0.983203125 0.85546875 0.03359375 0.05
0 0.3375 0.7375 0.10078125 0.0625
0 0.51015625 0.7765625 0.053515625 0.086328125
0 0.27109375 0.80390625 0.062890625 0.09296875
0 0.1640625 0.84140625 0.080078125 0.063671875
0 0.195703125 0.875390625 0.077734375 0.0640625
0 0.34765625 0.877734375 0.040625 0.05390625
0 0.35625 0.83125 0.06875 0.065234375
0 0.362109375 0.790625 0.06953125 0.070703125
0 0.473046875 0.8390625 0.073046875 0.0609375
0 0.3875 0.88828125 0.06015625 0.066796875
0 0.403515625 0.85 0.064453125 0.04609375
0 0.480078125 0.891015625 0.058203125 0.0671875
0 0.5515625 0.890234375 0.04609375 0.06875
0 0.591796875 0.891015625 0.053125 0.054296875
0 0.66015625 0.88359375 0.059765625 0.052734375
0 0.819921875 0.86796875 0.05703125 0.0625
0 0.505859375 0.892578125 0.057421875 0.05546875
0 0.51875 0.841015625 0.0515625 0.05859375
0 0.56015625 0.842578125 0.057421875 0.062109375
0 0.0171875 0.101953125 0.034375 0.06171875
0 0.02578125 0.085546875 0.0515625 0.05703125
0 0.03203125 0.187890625 0.0640625 0.05078125
0 0.0234375 0.152734375 0.046875 0.04140625
0 0.05703125 0.123828125 0.070703125 0.059765625
0 0.07734375 0.091796875 0.0484375 0.055859375
0 0.122265625 0.11796875 0.048046875 0.084375
0 0.14140625 0.0921875 0.069140625 0.0546875
0 0.22578125 0.107421875 0.059375 0.085546875
0 0.318359375 0.220703125 0.06796875 0.085546875
0 0.1171875 0.49296875 0.068359375 0.0703125
0 0.13359375 0.444921875 0.0703125 0.05625
0 0.131640625 0.405859375 0.086328125 0.06171875
0 0.04609375 0.466015625 0.06171875 0.076953125
0 0.082421875 0.433984375 0.0484375 0.0640625
0 0.795703125 0.085546875 0.07734375 0.062890625
0 0.776171875 0.140625 0.08359375 0.058984375
0 0.6515625 0.17734375 0.073046875 0.06796875
0 0.588671875 0.103125 0.0375 0.074609375
0 0.623046875 0.100390625 0.056640625 0.077734375
0 0.56015625 0.105078125 0.05625 0.069921875
0 0.540234375 0.140234375 0.05234375 0.073828125
0 0.35703125 0.115625 0.0609375 0.076171875
0 0.3921875 0.11640625 0.05390625 0.058203125
0 0.4140625 0.09453125 0.052734375 0.05546875
0 0.42734375 0.146484375 0.055078125 0.051953125
0 0.473828125 0.144921875 0.0515625 0.071875
0 0.46328125 0.0890625 0.0515625 0.0359375
0 0.5 0.121875 0.04765625 0.06015625
0 0.5171875 0.087109375 0.045703125 0.040234375
0 0.028125 0.642578125 0.05625 0.07578125
0 0.196875 0.599609375 0.08515625 0.057421875
0 0.17890625 0.669921875 0.058203125 0.07109375
0 0.228515625 0.653125 0.0625 0.0546875
0 0.009765625 0.886328125 0.01953125 0.05390625
0 0.245703125 0.969921875 0.04609375 0.06015625
0 0.2921875 0.95859375 0.061328125 0.0828125
0 0.26953125 0.117578125 0.05625 0.09453125