0 0.911328125 0.4375 0.08359375 0.076171875
0 0.84453125 0.4609375 0.08359375 0.062890625
0 0.52578125 0.591796875 0.058984375 0.0921875
0 0.786328125 0.5375 0.065625 0.06171875
0 0.837890625 0.56171875 0.0734375 0.086328125
0 0.955078125 0.653515625 0.08984375 0.066796875
0 0.799609375 0.8015625 0.06484375 0.087890625
0 0.864453125 0.846484375 0.069140625 0.081640625
0 0.914453125 0.7203125 0.070703125 0.078515625
0 0.94296875 0.795703125 0.073046875 0.075390625
0 0.81484375 0.871875 0.073046875 0.07890625
0 0.4390625 0.83046875 0.068359375 0.065625
0 0.389453125 0.859765625 0.06640625 0.091015625
0 0.407421875 0.891015625 0.048046875 0.05234375
0 0.442578125 0.88828125 0.04453125 0.0703125
0 0.470703125 0.8859375 0.03046875 0.075390625
0 0.503125 0.889453125 0.07265625 0.09609375
0 0.2125 0.516015625 0.07734375 0.06875
0 0.126171875 0.579296875 0.067578125 0.07265625
0 0.3265625 0.61875 0.087109375 0.055859375
0 0.15078125 0.369140625 0.058203125 0.07265625
0 0.016015625 0.423046875 0.03203125 0.054296875
0 0.077734375 0.084375 0.075 0.1
0 0.337109375 0.098828125 0.0734375 0.063671875
0 0.345703125 0.160546875 0.073828125 0.06171875