0 0.043359375 0.081640625 0.07890625 0.05703125
0 0.024609375 0.103125 0.04765625 0.05
0 0.411328125 0.12890625 0.05078125 0.065625
0 0.491796875 0.104296875 0.08984375 0.05859375
0 0.498828125 0.191015625 0.04296875 0.05859375
0 0.68515625 0.442578125 0.06875 0.09765625
0 0.98125 0.294921875 0.0375 0.06328125
0 0.9546875 0.732421875 0.090625 0.05078125
0 0.955078125 0.763671875 0.08984375 0.05234375
0 0.95078125 0.7875 0.0859375 0.059375
0 0.39140625 0.837109375 0.075 0.06953125
0 0.091015625 0.45859375 0.07421875 0.0484375