0 0.765234375 0.12578125 0.07265625 0.073046875
0 0.940234375 0.186328125 0.0796875 0.06171875
0 0.955859375 0.230859375 0.081640625 0.05546875
0 0.901171875 0.4984375 0.088671875 0.085546875
0 0.979296875 0.587109375 0.04140625 0.07734375
0 0.76796875 0.57109375 0.06328125 0.0484375
0 0.697265625 0.68046875 0.075390625 0.05703125
0 0.04296875 0.834375 0.085546875 0.065625
0 0.1359375 0.866015625 0.083984375 0.066796875
0 0.4828125 0.749609375 0.05234375 0.07578125
0 0.500390625 0.89765625 0.07421875 0.065234375
0 0.259765625 0.209375 0.062890625 0.079296875
0 0.320703125 0.190234375 0.07109375 0.063671875
0 0.252734375 0.4203125 0.056640625 0.0921875
0 0.505078125 0.429296875 0.07109375 0.075
0 0.48515625 0.5125 0.072265625 0.055078125
0 0.54609375 0.5875 0.080859375 0.048828125
0 0.169140625 0.55546875 0.0640625 0.06796875
0 0.2375 0.559765625 0.083203125 0.0609375
0 0.02109375 0.347265625 0.0421875 0.07421875