0 0.72578125 0.9515625 0.03671875 0.05546875
0 0.8046875 0.8765625 0.06953125 0.05
0 0.98515625 0.805078125 0.0296875 0.05390625
0 0.962890625 0.884765625 0.040625 0.0625
0 0.9640625 0.83671875 0.037890625 0.061328125
0 0.9859375 0.885546875 0.027734375 0.04609375
0 0.989453125 0.853125 0.02109375 0.050390625
0 0.926953125 0.846875 0.05703125 0.04921875
0 0.926953125 0.888671875 0.061328125 0.04453125
0 0.919921875 0.821484375 0.049609375 0.072265625
0 0.883984375 0.83046875 0.0453125 0.084765625
0 0.882421875 0.8828125 0.045703125 0.06484375
0 0.851171875 0.864453125 0.048046875 0.058203125
0 0.85 0.823046875 0.04453125 0.073046875
0 0.665625 0.86875 0.075390625 0.07109375
0 0.52890625 0.841015625 0.0859375 0.05234375
0 0.44921875 0.84140625 0.063671875 0.080078125
0 0.350390625 0.752734375 0.067578125 0.054296875
0 0.313671875 0.77578125 0.055859375 0.073046875
0 0.980859375 0.5421875 0.03828125 0.05625
0 0.91875 0.505078125 0.062890625 0.049609375
0 0.8640625 0.67109375 0.06484375 0.058984375
0 0.7515625 0.60078125 0.053125 0.078515625
0 0.55390625 0.61484375 0.06171875 0.066796875
0 0.615625 0.637890625 0.05703125 0.06640625
0 0.700390625 0.665625 0.080859375 0.053515625
0 0.683984375 0.71328125 0.07421875 0.059375
0 0.635546875 0.725 0.065234375 0.0625
0 0.689453125 0.515625 0.051171875 0.065625
0 0.641796875 0.471484375 0.05703125 0.0703125
0 0.394140625 0.654296875 0.05703125 0.061328125
0 0.31953125 0.662109375 0.08046875 0.056640625
0 0.31015625 0.612890625 0.07109375 0.06015625
0 0.373828125 0.570703125 0.080078125 0.051953125
0 0.457421875 0.52890625 0.06953125 0.0453125
0 0.97578125 0.3328125 0.0484375 0.066015625
0 0.908984375 0.298828125 0.0734375 0.051953125
0 0.766015625 0.3484375 0.07734375 0.051171875
0 0.64453125 0.374609375 0.069921875 0.04296875
0 0.598828125 0.440234375 0.0546875 0.06171875
0 0.5890625 0.38984375 0.055078125 0.06171875
0 0.722265625 0.282421875 0.0515625 0.066796875
0 0.756640625 0.279296875 0.05859375 0.066015625
0 0.771875 0.25390625 0.071484375 0.05234375
0 0.951171875 0.236328125 0.08203125 0.051171875
0 0.906640625 0.22109375 0.08125 0.0421875
0 0.97265625 0.16640625 0.05390625 0.066015625
0 0.98125 0.10078125 0.0375 0.071875
0 0.95390625 0.125390625 0.050390625 0.061328125
0 0.9390625 0.103125 0.046875 0.071875
0 0.90546875 0.102734375 0.04921875 0.055859375
0 0.8765625 0.09921875 0.043359375 0.06015625
0 0.856640625 0.119140625 0.04296875 0.06171875
0 0.8421875 0.192578125 0.078515625 0.04375
0 0.90390625 0.16640625 0.048046875 0.0671875
0 0.852734375 0.157421875 0.070703125 0.040234375
0 0.796875 0.12890625 0.04609375 0.07109375
0 0.828515625 0.115625 0.034375 0.062890625
0 0.833203125 0.0875 0.053515625 0.039453125
0 0.788671875 0.09609375 0.054296875 0.050390625
0 0.745703125 0.15390625 0.067578125 0.05390625
0 0.752734375 0.119140625 0.048046875 0.057421875
0 0.695703125 0.201953125 0.05 0.0703125
0 0.710546875 0.16171875 0.0609375 0.058984375
0 0.740234375 0.096875 0.051171875 0.05546875
0 0.708984375 0.103125 0.040625 0.066015625
0 0.65546875 0.181640625 0.04453125 0.069140625
0 0.62578125 0.173828125 0.040625 0.059765625
0 0.596484375 0.142578125 0.051953125 0.068359375
0 0.598828125 0.090625 0.04296875 0.0609375
0 0.563671875 0.093359375 0.03671875 0.0578125
0 0.651171875 0.092578125 0.041015625 0.052734375
0 0.676953125 0.103515625 0.042578125 0.0546875
0 0.531640625 0.10390625 0.074609375 0.06875
0 0.4828125 0.091796875 0.038671875 0.05703125
0 0.55546875 0.15 0.05390625 0.048828125
0 0.51328125 0.157421875 0.05390625 0.044140625
0 0.4515625 0.091796875 0.04140625 0.041796875
0 0.470703125 0.13515625 0.04375 0.05390625
0 0.423828125 0.105859375 0.0484375 0.05625
0 0.385546875 0.12265625 0.053125 0.043359375
0 0.3828125 0.09453125 0.04765625 0.040625
0 0.355859375 0.097265625 0.037109375 0.04765625
0 0.319140625 0.09921875 0.044140625 0.0421875
0 0.611328125 0.223046875 0.04921875 0.0515625
0 0.571875 0.1953125 0.06171875 0.051953125
0 0.5125 0.20234375 0.05546875 0.06015625
0 0.5796875 0.311328125 0.06171875 0.0609375
0 0.60546875 0.27421875 0.0671875 0.051171875
0 0.55390625 0.250390625 0.05234375 0.06328125
0 0.543359375 0.358984375 0.0671875 0.06171875
0 0.522265625 0.3328125 0.0671875 0.0515625
0 0.5078125 0.28984375 0.0828125 0.04609375
0 0.46953125 0.3 0.0671875 0.05859375
0 0.489453125 0.25625 0.05859375 0.03671875
0 0.47421875 0.233203125 0.053515625 0.0484375
0 0.451953125 0.352734375 0.07734375 0.05078125
0 0.462109375 0.330078125 0.056640625 0.056640625
0 0.489453125 0.39921875 0.0671875 0.064453125
0 0.436328125 0.394140625 0.06953125 0.05078125
0 0.45390625 0.434375 0.072265625 0.039453125
0 0.43515625 0.4765625 0.066796875 0.06953125
0 0.37421875 0.49921875 0.05078125 0.0609375
0 0.3984375 0.454296875 0.05078125 0.066796875
0 0.2703125 0.10078125 0.0453125 0.05078125
0 0.235546875 0.098828125 0.03828125 0.040625
0 0.169921875 0.098828125 0.062890625 0.048046875
0 0.197265625 0.118359375 0.0421875 0.03984375
0 0.153125 0.176953125 0.03984375 0.05
0 0.1640625 0.13359375 0.03515625 0.0453125
0 0.14296875 0.1375 0.028515625 0.045703125
0 0.2328125 0.170703125 0.04296875 0.0625
0 0.234375 0.14375 0.0546875 0.036328125
0 0.228515625 0.125 0.0515625 0.03046875
0 0.183984375 0.151953125 0.036328125 0.041015625
0 0.207421875 0.175390625 0.035546875 0.060546875
0 0.16875 0.18671875 0.0375 0.047265625
0 0.26328125 0.14765625 0.0453125 0.048046875
0 0.29765625 0.14140625 0.04140625 0.053515625
0 0.3421875 0.137109375 0.048046875 0.043359375
0 0.3234375 0.170703125 0.0328125 0.066796875
0 0.367578125 0.1734375 0.044140625 0.059375
0 0.403125 0.16171875 0.040625 0.040234375
0 0.43125 0.151171875 0.040234375 0.051953125
0 0.458203125 0.16640625 0.041015625 0.056640625
0 0.48203125 0.18671875 0.04765625 0.054296875
0 0.4375 0.20546875 0.046875 0.04140625
0 0.39609375 0.19453125 0.03984375 0.044140625
0 0.4015625 0.247265625 0.04375 0.04453125
0 0.44140625 0.257421875 0.04609375 0.0640625
0 0.412109375 0.280078125 0.037109375 0.040625
0 0.369140625 0.225390625 0.04453125 0.0578125
0 0.29765625 0.191796875 0.040625 0.058203125
0 0.337890625 0.20390625 0.0453125 0.077734375
0 0.2859375 0.2390625 0.054296875 0.07265625
0 0.31328125 0.261328125 0.0546875 0.0546875
0 0.39453125 0.344921875 0.043359375 0.06015625
0 0.355078125 0.278515625 0.04765625 0.0640625
0 0.394140625 0.297265625 0.05234375 0.059765625
0 0.28203125 0.3046875 0.060546875 0.065625
0 0.276953125 0.347265625 0.058203125 0.065234375
0 0.36015625 0.457421875 0.044921875 0.049609375
0 0.321875 0.462890625 0.05390625 0.0609375
0 0.323046875 0.51953125 0.072265625 0.057421875
0 0.348046875 0.416796875 0.0859375 0.0453125
0 0.33046875 0.391796875 0.0734375 0.03828125
0 0.371875 0.35703125 0.040625 0.0625
0 0.32890625 0.333203125 0.0484375 0.06015625
0 0.226171875 0.2671875 0.064453125 0.04765625
0 0.238671875 0.239453125 0.065234375 0.062109375
0 0.180078125 0.256640625 0.041796875 0.05703125
0 0.167578125 0.219140625 0.039453125 0.04453125
0 0.203125 0.21875 0.03515625 0.06171875
0 0.144921875 0.222265625 0.033203125 0.055078125
0 0.1453125 0.2578125 0.0484375 0.048046875
0 0.200390625 0.301953125 0.06953125 0.04609375
0 0.146875 0.326171875 0.0578125 0.03828125
0 0.14609375 0.303515625 0.051171875 0.04765625
0 0.142578125 0.36015625 0.05078125 0.034765625
0 0.12890625 0.4203125 0.05625 0.066796875
0 0.14453125 0.38984375 0.041796875 0.0421875
0 0.219921875 0.3484375 0.069140625 0.054296875
0 0.169921875 0.340234375 0.059765625 0.039453125
0 0.173828125 0.378515625 0.0390625 0.0484375
0 0.20078125 0.38671875 0.05859375 0.05703125
0 0.257421875 0.41875 0.0703125 0.04375
0 0.240234375 0.395703125 0.055078125 0.05
0 0.276171875 0.494140625 0.04921875 0.06953125
0 0.28046875 0.44921875 0.05078125 0.048046875
0 0.227734375 0.462109375 0.058984375 0.043359375
0 0.203515625 0.4328125 0.05703125 0.0421875
0 0.166015625 0.416015625 0.052734375 0.0390625
0 0.201953125 0.471484375 0.0609375 0.048828125
0 0.224609375 0.5109375 0.064453125 0.047265625
0 0.166015625 0.54140625 0.078125 0.043359375
0 0.151953125 0.51328125 0.069921875 0.0296875
0 0.13984375 0.464453125 0.084375 0.048828125
0 0.1296875 0.4921875 0.0703125 0.041015625
0 0.275390625 0.569921875 0.0875 0.069140625
0 0.167578125 0.573828125 0.07265625 0.041015625
0 0.14765625 0.553125 0.0546875 0.03984375
0 0.220703125 0.57421875 0.05546875 0.065234375
0 0.139453125 0.581640625 0.038671875 0.053515625
0 0.1765625 0.616015625 0.073828125 0.064453125
0 0.142578125 0.6234375 0.043359375 0.0421875
0 0.152734375 0.666015625 0.0703125 0.062109375
0 0.209765625 0.666015625 0.057421875 0.07109375
0 0.15078125 0.701171875 0.04375 0.05
0 0.184375 0.703125 0.07265625 0.050390625
0 0.159375 0.748046875 0.0578125 0.054296875
0 0.1875 0.743359375 0.0671875 0.051953125
0 0.241796875 0.74609375 0.078125 0.051953125
0 0.237890625 0.7078125 0.0828125 0.05
0 0.159765625 0.78203125 0.046484375 0.05390625
0 0.1765625 0.840234375 0.054296875 0.040234375
0 0.16015625 0.82421875 0.034375 0.047265625
0 0.1609375 0.871875 0.048828125 0.03828125
0 0.197265625 0.868359375 0.033203125 0.053515625
0 0.194921875 0.79375 0.04765625 0.06875
0 0.236328125 0.784765625 0.06796875 0.03984375
0 0.225390625 0.823046875 0.06796875 0.05
0 0.224609375 0.8671875 0.048046875 0.059765625
0 0.265625 0.859375 0.068359375 0.050390625