0 0.03984375 0.097265625 0.069140625 0.06640625
0 0.109765625 0.119140625 0.08125 0.091015625
0 0.037109375 0.196484375 0.07421875 0.084375
0 0.0953125 0.223046875 0.06796875 0.087890625
0 0.09296875 0.305859375 0.068359375 0.090234375
0 0.326171875 0.14765625 0.05625 0.08359375
0 0.292578125 0.20625 0.10234375 0.066015625
0 0.338671875 0.244921875 0.084765625 0.0796875
0 0.640625 0.437890625 0.073046875 0.081640625
0 0.31171875 0.620703125 0.091796875 0.0703125
0 0.398046875 0.67109375 0.057421875 0.094140625
0 0.259375 0.804296875 0.07109375 0.08125
0 0.581640625 0.75 0.087109375 0.080859375
0 0.626953125 0.68984375 0.063671875 0.086328125
0 0.44140625 0.875 0.083203125 0.0640625
0 0.52109375 0.87265625 0.0625 0.080859375