0 0.43359375 0.86796875 0.0734375 0.079296875
0 0.360546875 0.91015625 0.085546875 0.034375
0 0.50859375 0.85546875 0.06875 0.0734375
0 0.327734375 0.783203125 0.079296875 0.089453125
0 0.204296875 0.714453125 0.06875 0.073046875
0 0.25859375 0.74765625 0.06015625 0.07734375
0 0.16875 0.770703125 0.05625 0.04609375
0 0.1671875 0.807421875 0.05859375 0.03671875
0 0.213671875 0.790625 0.05 0.08046875
0 0.16484375 0.85625 0.028125 0.060546875
0 0.20234375 0.87109375 0.0578125 0.041796875
0 0.238671875 0.871875 0.04453125 0.051953125
0 0.272265625 0.8703125 0.0671875 0.07890625
0 0.20390625 0.833984375 0.0609375 0.04140625
0 0.17265625 0.684765625 0.058984375 0.06796875
0 0.23203125 0.631640625 0.083984375 0.05546875
0 0.16015625 0.631640625 0.064453125 0.04296875
0 0.15 0.588671875 0.0796875 0.051171875
0 0.320703125 0.450390625 0.065625 0.06640625
0 0.5 0.40859375 0.07734375 0.06015625
0 0.5296875 0.484375 0.06875 0.073828125
0 0.505859375 0.565234375 0.04921875 0.075
0 0.41015625 0.644921875 0.05625 0.086328125
0 0.46640625 0.647265625 0.05625 0.065625
0 0.569921875 0.65234375 0.0703125 0.075390625
0 0.384375 0.725390625 0.05390625 0.094921875
0 0.421875 0.723046875 0.090234375 0.06796875
0 0.176953125 0.394921875 0.061328125 0.06328125
0 0.21796875 0.348828125 0.06171875 0.08359375
0 0.141796875 0.30625 0.058203125 0.0515625
0 0.167578125 0.29375 0.066015625 0.043359375
0 0.2890625 0.262109375 0.058984375 0.079296875
0 0.423046875 0.23125 0.08359375 0.055078125
0 0.36015625 0.222265625 0.07890625 0.0765625
0 0.296484375 0.18125 0.08046875 0.0484375
0 0.3046875 0.2203125 0.06875 0.05234375
0 0.44140625 0.285546875 0.091015625 0.0515625
0 0.53828125 0.276171875 0.06171875 0.0671875
0 0.500390625 0.32421875 0.088671875 0.058203125
0 0.21015625 0.2375 0.09453125 0.053125
0 0.16796875 0.259765625 0.090625 0.0625
0 0.159375 0.1515625 0.050390625 0.044921875
0 0.193359375 0.132421875 0.05234375 0.05859375
0 0.175 0.106640625 0.05546875 0.037109375
0 0.27265625 0.102734375 0.05234375 0.067578125
0 0.2421875 0.116796875 0.057421875 0.060546875
0 0.294140625 0.117578125 0.04609375 0.0734375
0 0.359765625 0.091796875 0.084765625 0.04375
0 0.328125 0.13359375 0.042578125 0.080859375
0 0.360546875 0.140234375 0.04453125 0.07890625
0 0.4078125 0.11015625 0.049609375 0.06640625
0 0.4390625 0.1015625 0.05546875 0.06328125
0 0.3953125 0.15859375 0.050390625 0.06484375
0 0.475 0.11796875 0.082421875 0.0484375
0 0.46171875 0.18515625 0.081640625 0.050390625
0 0.478125 0.158984375 0.066796875 0.04296875
0 0.171875 0.1953125 0.062890625 0.05546875
0 0.196875 0.175 0.041796875 0.05234375
0 0.242578125 0.18828125 0.063671875 0.0578125
0 0.153125 0.213671875 0.039453125 0.03359375
0 0.141015625 0.411328125 0.046875 0.055859375
0 0.172265625 0.44375 0.079296875 0.045703125
0 0.157421875 0.46796875 0.070703125 0.04765625
0 0.229296875 0.4359375 0.071484375 0.060546875
0 0.261328125 0.465625 0.05703125 0.06875
0 0.206640625 0.487890625 0.08359375 0.055859375
0 0.158984375 0.501953125 0.06328125 0.044140625
0 0.157421875 0.551171875 0.06484375 0.05078125
0 0.1921875 0.534765625 0.07890625 0.0546875
0 0.271875 0.527734375 0.078125 0.0703125
0 0.98828125 0.75703125 0.0234375 0.059765625
0 0.933984375 0.58984375 0.05703125 0.080078125
0 0.987109375 0.46796875 0.02578125 0.0359375
0 0.811328125 0.5296875 0.091015625 0.049609375
0 0.679296875 0.560546875 0.0609375 0.0734375
0 0.553125 0.57109375 0.07265625 0.0796875
0 0.758984375 0.700390625 0.08125 0.051171875
0 0.6328125 0.776953125 0.069921875 0.069140625
0 0.6828125 0.790234375 0.064453125 0.066796875
0 0.771875 0.80859375 0.04765625 0.065625
0 0.72578125 0.844921875 0.049609375 0.0828125
0 0.826953125 0.85078125 0.08125 0.06328125
0 0.8375 0.901171875 0.08671875 0.0515625
0 0.914453125 0.32734375 0.08515625 0.05859375
0 0.968359375 0.397265625 0.062890625 0.055078125
0 0.758203125 0.416796875 0.0546875 0.083203125
0 0.729296875 0.238671875 0.05 0.076953125
0 0.76015625 0.21796875 0.06171875 0.066015625
0 0.66484375 0.300390625 0.080859375 0.053515625
0 0.716015625 0.3546875 0.0484375 0.074609375
0 0.593359375 0.3265625 0.07578125 0.072265625
0 0.580078125 0.25703125 0.069921875 0.06875
0 0.587109375 0.112109375 0.0640625 0.0703125
0 0.5484375 0.110546875 0.047265625 0.07890625
0 0.633984375 0.11953125 0.0625 0.060546875
0 0.678125 0.118359375 0.044921875 0.067578125
0 0.740625 0.1 0.07109375 0.06015625
0 0.7359375 0.152734375 0.08203125 0.06875
0 0.71015625 0.1265625 0.043359375 0.066015625
0 0.674609375 0.206640625 0.05546875 0.07734375
0 0.640234375 0.166796875 0.070703125 0.053515625
0 0.53671875 0.18203125 0.067578125 0.087109375
0 0.56875 0.174609375 0.053125 0.09609375
0 0.516796875 0.21328125 0.07421875 0.0484375
0 0.492578125 0.2328125 0.07265625 0.065234375
0 0.840234375 0.096484375 0.058984375 0.06328125
0 0.88515625 0.125 0.04609375 0.083203125
0 0.82734375 0.13203125 0.04921875 0.07265625
0 0.855078125 0.170703125 0.069140625 0.05859375
0 0.911328125 0.1828125 0.047265625 0.0671875
0 0.9453125 0.1125 0.047265625 0.06796875
0 0.9484375 0.16640625 0.047265625 0.062109375
0 0.97890625 0.10390625 0.0421875 0.0609375
0 0.9796875 0.167578125 0.040625 0.09453125
0 0.37265625 0.474609375 0.075390625 0.062109375
0 0.941015625 0.227734375 0.060546875 0.073046875
0 0.269921875 0.7984375 0.059765625 0.0703125
0 0.1640625 0.355859375 0.0625 0.040234375