0 0.01875 0.888671875 0.037109375 0.088671875
0 0.026171875 0.70390625 0.051953125 0.054296875
0 0.0703125 0.806640625 0.06875 0.069140625
0 0.158984375 0.42890625 0.05703125 0.0875
0 0.98515625 0.711328125 0.0296875 0.07578125
0 0.986328125 0.63671875 0.02734375 0.072265625
0 0.959375 0.700390625 0.0625 0.061328125
0 0.91328125 0.694921875 0.076171875 0.053515625
0 0.9203125 0.644921875 0.078515625 0.06328125
0 0.90546875 0.592578125 0.089453125 0.0640625
0 0.519140625 0.40078125 0.048046875 0.0796875
0 0.6578125 0.840234375 0.061328125 0.06875
0 0.571875 0.75078125 0.062890625 0.06640625
0 0.512109375 0.703125 0.08046875 0.05625
0 0.5078125 0.63671875 0.0453125 0.08671875
0 0.51171875 0.88125 0.058984375 0.07734375
0 0.419921875 0.888671875 0.0578125 0.07734375
0 0.37890625 0.901171875 0.055078125 0.069140625
0 0.28515625 0.909375 0.0515625 0.078515625
0 0.2984375 0.8484375 0.078515625 0.065625
0 0.346484375 0.9078125 0.052734375 0.083984375
0 0.321875 0.915234375 0.031640625 0.064453125