0 0.803515625 0.81015625 0.07109375 0.079296875
0 0.925 0.7578125 0.0796875 0.0828125
0 0.91015625 0.834765625 0.08984375 0.063671875
0 0.958984375 0.803125 0.08203125 0.059375
0 0.96484375 0.841015625 0.0703125 0.048828125
0 0.912890625 0.882421875 0.060546875 0.05
0 0.98046875 0.908984375 0.038671875 0.064453125
0 0.8453125 0.521875 0.081640625 0.089453125
0 0.519140625 0.46484375 0.05859375 0.073828125
0 0.290234375 0.72109375 0.065234375 0.073046875
0 0.330078125 0.583203125 0.080078125 0.06640625
0 0.191796875 0.66484375 0.05 0.08359375
0 0.21328125 0.71328125 0.069921875 0.061328125
0 0.040234375 0.6328125 0.0734375 0.065234375
0 0.370703125 0.3015625 0.074609375 0.07265625
0 0.3765625 0.388671875 0.05390625 0.0890625
0 0.420703125 0.4421875 0.05546875 0.07265625
0 0.64765625 0.296875 0.049609375 0.078515625
0 0.734375 0.340625 0.06484375 0.073828125