0 0.06171875 0.787890625 0.07578125 0.078515625
0 0.176171875 0.830859375 0.058984375 0.060546875
0 0.51015625 0.56328125 0.069140625 0.058203125
0 0.29453125 0.6078125 0.065234375 0.086328125
0 0.207421875 0.6546875 0.075 0.058984375
0 0.07890625 0.64765625 0.0796875 0.052734375
0 0.009765625 0.65625 0.01953125 0.053515625
0 0.982421875 0.73125 0.03515625 0.08203125
0 0.764453125 0.382421875 0.0734375 0.0546875
0 0.6984375 0.423828125 0.06171875 0.06640625
0 0.81640625 0.40234375 0.05078125 0.077734375
0 0.8421875 0.51328125 0.06875 0.087890625