0 0.0359375 0.086328125 0.071875 0.07734375
0 0.071875 0.159375 0.07734375 0.062890625
0 0.04765625 0.225 0.078125 0.0640625
0 0.128125 0.183203125 0.06796875 0.062109375
0 0.114453125 0.23515625 0.06796875 0.073046875
0 0.233984375 0.32421875 0.084375 0.06171875
0 0.171875 0.351953125 0.077734375 0.065625
0 0.2265625 0.605078125 0.09765625 0.0609375
0 0.10859375 0.7546875 0.07890625 0.073046875
0 0.199609375 0.826171875 0.0765625 0.076953125
0 0.971875 0.896484375 0.05625 0.06171875
0 0.884765625 0.6765625 0.073828125 0.07734375
0 0.67109375 0.81015625 0.08359375 0.06796875