0 0.02890625 0.109765625 0.05625 0.07421875
0 0.10703125 0.087890625 0.06875 0.06640625
0 0.098828125 0.267578125 0.07265625 0.05234375
0 0.162890625 0.3015625 0.06171875 0.0640625
0 0.38828125 0.090234375 0.0515625 0.06015625
0 0.431640625 0.0796875 0.05390625 0.0734375
0 0.48828125 0.0953125 0.053125 0.0875
0 0.446875 0.161328125 0.0578125 0.07421875
0 0.60859375 0.20390625 0.0609375 0.0765625
0 0.61484375 0.28515625 0.075 0.0765625
0 0.619140625 0.099609375 0.06015625 0.07578125
0 0.63046875 0.071875 0.0703125 0.0546875
0 0.691015625 0.06953125 0.07421875 0.0625
0 0.80625 0.223828125 0.0515625 0.07265625
0 0.852734375 0.247265625 0.07578125 0.04921875
0 0.819921875 0.294921875 0.06796875 0.04609375
0 0.880859375 0.283984375 0.05859375 0.07421875
0 0.95703125 0.104296875 0.0796875 0.05859375