0 0.88984375 0.123046875 0.094921875 0.075390625
0 0.8015625 0.39296875 0.066015625 0.083203125
0 0.742578125 0.4640625 0.06875 0.069140625
0 0.245703125 0.1203125 0.069921875 0.06328125
0 0.37109375 0.269921875 0.06171875 0.090234375
0 0.4453125 0.262890625 0.0671875 0.066015625
0 0.521875 0.301171875 0.062109375 0.0640625
0 0.46640625 0.2 0.065625 0.068359375
0 0.11484375 0.5109375 0.07421875 0.058984375
0 0.826953125 0.651953125 0.07109375 0.05859375
0 0.803515625 0.736328125 0.066796875 0.087890625
0 0.76640625 0.8875 0.053125 0.03125
0 0.278515625 0.831640625 0.090625 0.062109375
0 0.091015625 0.86953125 0.066796875 0.05625
0 0.043359375 0.759375 0.059765625 0.091796875
0 0.085546875 0.71875 0.065625 0.08046875
0 0.133984375 0.68671875 0.0828125 0.054296875