0 0.983984375 0.59921875 0.031640625 0.04375
0 0.820703125 0.792578125 0.08046875 0.05625
0 0.748828125 0.8828125 0.06328125 0.06015625
0 0.639453125 0.828125 0.066015625 0.062890625
0 0.494140625 0.53515625 0.08046875 0.047265625
0 0.258203125 0.53046875 0.06875 0.0609375
0 0.30234375 0.703515625 0.043359375 0.07734375
0 0.278515625 0.752734375 0.049609375 0.05625
0 0.61484375 0.884375 0.060546875 0.0546875
0 0.568359375 0.86953125 0.043359375 0.057421875
0 0.53828125 0.860546875 0.044140625 0.06796875
0 0.501171875 0.884375 0.044140625 0.06171875
0 0.482421875 0.86328125 0.04609375 0.062890625
0 0.4359375 0.868359375 0.0578125 0.06171875