0 0.41484375 0.40859375 0.08125 0.06328125
0 0.47890625 0.656640625 0.0671875 0.06953125
0 0.20234375 0.68203125 0.080859375 0.05703125
0 0.3390625 0.86796875 0.076171875 0.0796875
0 0.33984375 0.779296875 0.084765625 0.0625
0 0.440625 0.796484375 0.065625 0.067578125
0 0.510546875 0.756640625 0.079296875 0.06171875
0 0.588671875 0.855859375 0.05546875 0.08203125
0 0.516015625 0.867578125 0.051171875 0.087109375
0 0.45546875 0.86796875 0.06796875 0.06015625
0 0.80078125 0.70625 0.08515625 0.059765625
0 0.984765625 0.7625 0.03046875 0.065625
0 0.936328125 0.765625 0.074609375 0.07578125
0 0.015625 0.705859375 0.03125 0.08359375