0 0.103125 0.855859375 0.0375 0.05234375
0 0.113671875 0.884375 0.036328125 0.042578125
0 0.138671875 0.890234375 0.041015625 0.03828125
0 0.152734375 0.8703125 0.063671875 0.04296875
0 0.17265625 0.894140625 0.05234375 0.038671875
0 0.21875 0.891015625 0.05078125 0.042578125
0 0.258203125 0.851953125 0.0484375 0.05859375
0 0.253125 0.8875 0.0578125 0.0390625
0 0.208984375 0.85625 0.055078125 0.035546875
0 0.230859375 0.825 0.058203125 0.042578125
0 0.24921875 0.794140625 0.070703125 0.062109375
0 0.294140625 0.77890625 0.059765625 0.0609375
0 0.373046875 0.8234375 0.0671875 0.08515625
0 0.421484375 0.81875 0.055859375 0.07578125
0 0.45 0.903125 0.077734375 0.048046875
0 0.491015625 0.79375 0.060546875 0.09921875
0 0.103125 0.805859375 0.047265625 0.04375
0 0.12578125 0.827734375 0.03203125 0.053125
0 0.152734375 0.824609375 0.035546875 0.0578125
0 0.166015625 0.80546875 0.03515625 0.04140625
0 0.184765625 0.833984375 0.033203125 0.0421875
0 0.208984375 0.810546875 0.040234375 0.037890625
0 0.19765625 0.798828125 0.0375 0.034375
0 0.23671875 0.76015625 0.0640625 0.046484375
0 0.265234375 0.7171875 0.0703125 0.059765625
0 0.180859375 0.76796875 0.064453125 0.039453125
0 0.150390625 0.753125 0.0484375 0.037109375
0 0.13515625 0.7796875 0.0375 0.046484375
0 0.098828125 0.766015625 0.046484375 0.06171875
0 0.209765625 0.695703125 0.04921875 0.0625
0 0.194140625 0.73359375 0.07265625 0.037890625
0 0.38828125 0.734375 0.06953125 0.06640625
0 0.330859375 0.6765625 0.08984375 0.07421875
0 0.16640625 0.700390625 0.0625 0.040625
0 0.130859375 0.71953125 0.05 0.050390625
0 0.088671875 0.721484375 0.04296875 0.033984375
0 0.083984375 0.693359375 0.049609375 0.041796875
0 0.0875 0.6609375 0.048828125 0.0375
0 0.165625 0.6578125 0.074609375 0.049609375
0 0.119921875 0.676953125 0.051171875 0.0421875
0 0.08515625 0.627734375 0.042578125 0.043359375
0 0.160546875 0.596484375 0.07421875 0.06796875
0 0.425 0.61015625 0.06640625 0.0671875
0 0.44609375 0.5578125 0.0625 0.059375
0 0.373046875 0.609765625 0.051953125 0.07109375
0 0.371484375 0.55625 0.06484375 0.0734375
0 0.32421875 0.599609375 0.060546875 0.065625
0 0.271484375 0.632421875 0.08671875 0.051953125
0 0.217578125 0.5921875 0.057421875 0.0609375
0 0.26875 0.594140625 0.071875 0.054296875
0 0.293359375 0.556640625 0.072265625 0.037890625
0 0.238671875 0.5515625 0.07265625 0.05078125
0 0.1046875 0.5546875 0.072265625 0.05078125
0 0.0828125 0.58515625 0.058203125 0.062890625
0 0.11796875 0.62890625 0.053125 0.0703125
0 0.299609375 0.516015625 0.06953125 0.066015625
0 0.39375 0.488671875 0.10078125 0.075390625
0 0.43828125 0.45390625 0.056640625 0.06328125
0 0.451171875 0.420703125 0.067578125 0.043359375
0 0.38828125 0.44296875 0.069140625 0.0484375
0 0.318359375 0.465625 0.06875 0.058984375
0 0.251953125 0.470703125 0.063671875 0.0734375
0 0.218359375 0.502734375 0.0671875 0.0640625
0 0.164453125 0.51640625 0.053515625 0.079296875
0 0.114453125 0.500390625 0.059375 0.068359375
0 0.0828125 0.516015625 0.05546875 0.0484375
0 0.08125 0.470703125 0.055078125 0.048828125
0 0.110546875 0.441015625 0.059765625 0.05234375
0 0.16171875 0.411328125 0.08359375 0.06484375
0 0.090625 0.401171875 0.051171875 0.075390625
0 0.20703125 0.3765625 0.053125 0.0703125
0 0.175 0.36328125 0.051953125 0.0734375
0 0.25859375 0.42421875 0.07734375 0.074609375
0 0.31953125 0.408984375 0.0625 0.069140625
0 0.266015625 0.36796875 0.080078125 0.052734375
0 0.388671875 0.369921875 0.055859375 0.07578125
0 0.45 0.380078125 0.076953125 0.051953125
0 0.484375 0.3609375 0.054296875 0.0890625
0 0.439453125 0.33828125 0.06015625 0.05703125
0 0.40234375 0.30078125 0.061328125 0.089453125
0 0.446484375 0.29453125 0.071875 0.051953125
0 0.34296875 0.303515625 0.068359375 0.0484375
0 0.32421875 0.35078125 0.0828125 0.09140625
0 0.198828125 0.3046875 0.071875 0.0625
0 0.0875 0.339453125 0.049609375 0.06640625
0 0.3375 0.25 0.06875 0.065625
0 0.275 0.2390625 0.061328125 0.044921875
0 0.344140625 0.19140625 0.064453125 0.112890625
0 0.420703125 0.192578125 0.07734375 0.084765625
0 0.212109375 0.2328125 0.058984375 0.077734375
0 0.265234375 0.18515625 0.089453125 0.084765625
0 0.14375 0.296875 0.049609375 0.080078125
0 0.114453125 0.292578125 0.045703125 0.051953125
0 0.090234375 0.28828125 0.05078125 0.062109375
0 0.088671875 0.2328125 0.035546875 0.0640625
0 0.116796875 0.23125 0.037109375 0.075
0 0.1625 0.236328125 0.0796875 0.062890625
0 0.156640625 0.194140625 0.063671875 0.0453125
0 0.30390625 0.142578125 0.05625 0.078125
0 0.436328125 0.082421875 0.066796875 0.073046875
0 0.405078125 0.108984375 0.04921875 0.07578125
0 0.3828125 0.078515625 0.06171875 0.0703125
0 0.3453125 0.0765625 0.056640625 0.073046875
0 0.3125 0.084765625 0.04375 0.074609375
0 0.197265625 0.1671875 0.0625 0.053515625
0 0.25390625 0.14375 0.0578125 0.042578125
0 0.21328125 0.13046875 0.04296875 0.041796875
0 0.112109375 0.171875 0.065625 0.066796875
0 0.1421875 0.12109375 0.053125 0.07734375
0 0.09921875 0.130078125 0.044140625 0.05859375
0 0.0921875 0.096875 0.044140625 0.06796875
0 0.123828125 0.089453125 0.04296875 0.055078125
0 0.19140625 0.09140625 0.044140625 0.064453125
0 0.2421875 0.1 0.06875 0.051953125
0 0.253125 0.068359375 0.0703125 0.045703125
0 0.523046875 0.900390625 0.0796875 0.063671875
0 0.582421875 0.7265625 0.08125 0.057421875
0 0.53203125 0.632421875 0.087109375 0.059375
0 0.985546875 0.72890625 0.02890625 0.034765625
0 0.790625 0.79765625 0.06953125 0.071875
0 0.80546875 0.90703125 0.06328125 0.05625
0 0.815625 0.878515625 0.05546875 0.070703125
0 0.871875 0.90859375 0.066796875 0.046875
0 0.9703125 0.869140625 0.058984375 0.037109375
0 0.97734375 0.8265625 0.0453125 0.0640625
0 0.93125 0.821875 0.053125 0.06328125
0 0.9765625 0.916015625 0.046875 0.051953125
0 0.953125 0.88671875 0.051171875 0.040234375
0 0.9234375 0.9109375 0.0671875 0.04921875
0 0.91015625 0.869140625 0.050390625 0.052734375
0 0.89765625 0.835546875 0.047265625 0.068359375
0 0.859765625 0.819140625 0.0515625 0.085546875
0 0.85078125 0.864453125 0.063671875 0.063671875
0 0.914453125 0.643359375 0.058203125 0.083984375
0 0.89609375 0.58046875 0.061328125 0.0734375
0 0.98203125 0.515625 0.0359375 0.053125
0 0.487109375 0.448828125 0.072265625 0.06015625
0 0.550390625 0.45703125 0.060546875 0.08046875
0 0.74453125 0.4015625 0.0546875 0.076171875
0 0.88203125 0.396484375 0.067578125 0.050390625
0 0.805859375 0.363671875 0.08125 0.0546875
0 0.90546875 0.31953125 0.055078125 0.08046875
0 0.650390625 0.384765625 0.05703125 0.080859375
0 0.599609375 0.387109375 0.05625 0.06171875
0 0.66328125 0.29453125 0.065234375 0.074609375
0 0.63125 0.312109375 0.048828125 0.081640625
0 0.59609375 0.3265625 0.059375 0.089453125
0 0.5453125 0.2890625 0.06640625 0.05546875
0 0.525390625 0.33828125 0.066015625 0.06796875
0 0.570703125 0.2390625 0.066796875 0.096875
0 0.471484375 0.25 0.076953125 0.074609375
0 0.5234375 0.210546875 0.057421875 0.082421875
0 0.47421875 0.18203125 0.06328125 0.0609375
0 0.50625 0.1578125 0.0796875 0.057421875
0 0.600390625 0.187890625 0.058984375 0.072265625
0 0.668359375 0.21796875 0.054296875 0.069140625
0 0.715234375 0.240234375 0.05625 0.0671875
0 0.75078125 0.2765625 0.047265625 0.07421875
0 0.808984375 0.325390625 0.065625 0.044921875
0 0.776953125 0.296875 0.04921875 0.059765625
0 0.862109375 0.297265625 0.05234375 0.0765625
0 0.892578125 0.24921875 0.06875 0.058984375
0 0.85859375 0.220703125 0.066015625 0.064453125
0 0.8234375 0.2796875 0.046484375 0.066796875
0 0.796484375 0.25546875 0.0609375 0.053515625
0 0.773046875 0.225 0.076171875 0.0515625
0 0.75 0.18046875 0.045703125 0.08515625
0 0.697265625 0.18828125 0.074609375 0.051953125
0 0.693359375 0.14296875 0.066796875 0.053515625
0 0.632421875 0.1671875 0.05390625 0.066015625
0 0.584765625 0.146875 0.052734375 0.067578125
0 0.547265625 0.104296875 0.049609375 0.0875
0 0.498046875 0.093359375 0.0609375 0.069921875
0 0.5203125 0.05625 0.073828125 0.043359375
0 0.58125 0.057421875 0.0703125 0.044140625
0 0.5984375 0.083203125 0.053515625 0.07109375
0 0.618359375 0.105859375 0.04453125 0.076953125
0 0.650390625 0.11640625 0.048046875 0.060546875
0 0.633984375 0.073046875 0.056640625 0.047265625
0 0.67578125 0.057421875 0.07109375 0.043359375
0 0.684375 0.090625 0.0546875 0.06796875
0 0.73203125 0.088671875 0.049609375 0.096875
0 0.785546875 0.130859375 0.056640625 0.069921875
0 0.773046875 0.083984375 0.050390625 0.07265625
0 0.80703125 0.07890625 0.0671875 0.063671875
0 0.841015625 0.1171875 0.055859375 0.05625
0 0.87421875 0.183203125 0.086328125 0.0484375
0 0.934765625 0.15625 0.06484375 0.073046875
0 0.891796875 0.142578125 0.078125 0.05078125
0 0.8953125 0.10078125 0.0703125 0.043359375
0 0.8484375 0.065625 0.06015625 0.054296875
0 0.896484375 0.0625 0.05625 0.06484375
0 0.95 0.066796875 0.05078125 0.0796875
0 0.983203125 0.05546875 0.03359375 0.05
0 0.969140625 0.10546875 0.06171875 0.0671875
0 0.9703125 0.32734375 0.059375 0.073046875