0 0.2640625 0.049609375 0.0828125 0.09921875
0 0.018359375 0.08046875 0.03671875 0.091796875
0 0.04765625 0.095703125 0.05234375 0.091796875
0 0.06640625 0.05625 0.0484375 0.05234375
0 0.0890625 0.107421875 0.059765625 0.0796875
0 0.1578125 0.078515625 0.04375 0.080078125
0 0.119140625 0.096484375 0.059765625 0.067578125
0 0.113671875 0.05703125 0.0578125 0.0484375
0 0.72265625 0.341015625 0.07265625 0.0796875
0 0.17734375 0.576953125 0.07109375 0.091796875
0 0.338671875 0.80390625 0.08671875 0.078515625
0 0.753125 0.616796875 0.07734375 0.060546875
0 0.916796875 0.853515625 0.095703125 0.07109375
0 0.803515625 0.8953125 0.068359375 0.062109375
0 0.712109375 0.87421875 0.076953125 0.06171875
0 0.7359375 0.8328125 0.07734375 0.0609375
0 0.733984375 0.77578125 0.055078125 0.066796875