0 0.294921875 0.284765625 0.0796875 0.069140625
0 0.344921875 0.3765625 0.07734375 0.067578125
0 0.42578125 0.403125 0.066796875 0.0765625
0 0.441796875 0.488671875 0.053515625 0.091796875
0 0.265234375 0.832421875 0.08515625 0.0890625
0 0.476953125 0.8640625 0.06171875 0.07578125
0 0.51328125 0.85859375 0.067578125 0.083203125
0 0.592578125 0.86484375 0.081640625 0.069140625
0 0.951171875 0.63984375 0.06328125 0.100390625
0 0.715234375 0.62109375 0.061328125 0.091796875
0 0.74765625 0.71328125 0.080859375 0.06640625
0 0.71796875 0.75625 0.05234375 0.076171875
0 0.761328125 0.7578125 0.063671875 0.069140625
0 0.90078125 0.835546875 0.094140625 0.08828125