0 0.053515625 0.8046875 0.063671875 0.0953125
0 0.51796875 0.885546875 0.05546875 0.08046875
0 0.555859375 0.8890625 0.05546875 0.09296875
0 0.4875 0.82890625 0.092578125 0.06484375
0 0.60703125 0.841015625 0.0703125 0.087890625
0 0.621875 0.89765625 0.05546875 0.08359375
0 0.532421875 0.7265625 0.076953125 0.062109375
0 0.461328125 0.585546875 0.065234375 0.083984375
0 0.72265625 0.729296875 0.071875 0.073046875
0 0.7671875 0.66015625 0.066015625 0.073046875
0 0.86328125 0.6828125 0.07421875 0.06484375
0 0.88125 0.727734375 0.09140625 0.071484375
0 0.05546875 0.366796875 0.0859375 0.060546875
0 0.06875 0.196875 0.062890625 0.0921875
0 0.030859375 0.09453125 0.06171875 0.069921875
0 0.098828125 0.13125 0.067578125 0.0765625
0 0.15625 0.10390625 0.049609375 0.084765625
0 0.18984375 0.131640625 0.065234375 0.098828125
0 0.19296875 0.08203125 0.080078125 0.070703125
0 0.28203125 0.113671875 0.083984375 0.08359375
0 0.320703125 0.083984375 0.046875 0.089453125
0 0.3546875 0.084765625 0.068359375 0.071484375
0 0.34609375 0.141796875 0.069140625 0.069921875
0 0.59609375 0.1 0.07421875 0.076953125
0 0.96484375 0.1421875 0.069921875 0.06796875
0 0.280078125 0.205859375 0.073046875 0.066015625