0 0.4828125 0.815625 0.06171875 0.080078125
0 0.619140625 0.881640625 0.09609375 0.07578125
0 0.885546875 0.883203125 0.060546875 0.0375
0 0.940234375 0.88671875 0.067578125 0.0265625
0 0.608984375 0.503515625 0.068359375 0.096875
0 0.744140625 0.47578125 0.076953125 0.064453125
0 0.6390625 0.325390625 0.0640625 0.08515625
0 0.941796875 0.326953125 0.09296875 0.073046875
0 0.7875 0.1046875 0.08671875 0.073046875
0 0.890234375 0.090625 0.08046875 0.052734375
0 0.95234375 0.12109375 0.06640625 0.098046875
0 0.8859375 0.137109375 0.0765625 0.057421875
0 0.581640625 0.11015625 0.04765625 0.08828125
0 0.63359375 0.12109375 0.06328125 0.066015625
0 0.734375 0.1515625 0.0703125 0.083203125
0 0.6296875 0.07265625 0.079296875 0.0421875
0 0.519921875 0.18125 0.0671875 0.080859375
0 0.103515625 0.25390625 0.071484375 0.066796875
0 0.3796875 0.162890625 0.06640625 0.069921875
0 0.436328125 0.19921875 0.066796875 0.080078125
0 0.03828125 0.087890625 0.076171875 0.065625