0 0.7546875 0.108984375 0.0640625 0.06171875
0 0.65703125 0.226171875 0.05625 0.05078125
0 0.566015625 0.180078125 0.06171875 0.04609375
0 0.51796875 0.112890625 0.065625 0.04140625
0 0.176953125 0.152734375 0.05546875 0.06171875
0 0.48515625 0.199609375 0.046875 0.03984375
0 0.07109375 0.21640625 0.0625 0.059375
0 0.298828125 0.3890625 0.04453125 0.071875
0 0.83515625 0.75703125 0.0828125 0.0484375
0 0.933984375 0.884765625 0.06953125 0.06796875
0 0.673828125 0.868359375 0.04921875 0.06484375
0 0.703125 0.789453125 0.078125 0.03671875
0 0.6359375 0.695703125 0.040625 0.06328125
0 0.61015625 0.8859375 0.078125 0.046875
0 0.8078125 0.969140625 0.084375 0.04296875
0 0.433203125 0.886328125 0.06953125 0.02890625
0 0.436328125 0.839453125 0.05859375 0.03515625
0 0.405078125 0.8125 0.06171875 0.0390625
0 0.383203125 0.853125 0.05234375 0.04375
0 0.2828125 0.81875 0.08125 0.040625
0 0.19609375 0.83671875 0.075 0.0515625
0 0.1546875 0.878125 0.0453125 0.0578125
0 0.094921875 0.87578125 0.07421875 0.0484375
0 0.1625 0.650390625 0.0421875 0.05390625