0 0.12890625 0.125 0.081640625 0.062109375
0 0.240234375 0.128515625 0.05078125 0.0703125
0 0.192578125 0.141015625 0.04609375 0.073828125
0 0.06484375 0.53515625 0.083984375 0.040625
0 0.058984375 0.8796875 0.06328125 0.082421875
0 0.21328125 0.82734375 0.088671875 0.059765625
0 0.503125 0.86484375 0.04296875 0.06640625
0 0.45859375 0.86953125 0.059765625 0.058203125
0 0.3984375 0.7921875 0.07890625 0.059765625
0 0.451953125 0.267578125 0.04609375 0.070703125
0 0.5984375 0.259765625 0.0515625 0.066015625
0 0.385546875 0.30859375 0.066796875 0.05234375
0 0.345703125 0.344140625 0.04453125 0.066796875
0 0.309375 0.312109375 0.05 0.070703125
0 0.537890625 0.115625 0.0453125 0.0640625
0 0.608984375 0.116796875 0.04765625 0.062890625
0 0.94296875 0.120703125 0.094921875 0.065625