0 0.7515625 0.867578125 0.066015625 0.05
0 0.66484375 0.75234375 0.0953125 0.08828125
0 0.23359375 0.69140625 0.060546875 0.08984375
0 0.13984375 0.82578125 0.1015625 0.064453125
0 0.037890625 0.0984375 0.063671875 0.083203125
0 0.129296875 0.072265625 0.067578125 0.090234375
0 0.09375 0.083984375 0.051953125 0.0828125
0 0.166796875 0.112109375 0.062109375 0.0875
0 0.19453125 0.080859375 0.059375 0.07578125
0 0.24296875 0.080078125 0.059375 0.08046875
0 0.25859375 0.1203125 0.051953125 0.065234375
0 0.298828125 0.11796875 0.05234375 0.085546875
0 0.434765625 0.126171875 0.058203125 0.077734375
0 0.626171875 0.133203125 0.065625 0.076953125
0 0.957421875 0.178515625 0.075 0.101953125
0 0.6171875 0.134765625 0.015625 0.001953125
0 0.883984375 0.069921875 0.0640625 0.082421875
0 0.919921875 0.066796875 0.04921875 0.1046875
0 0.966796875 0.06640625 0.06640625 0.10078125