0 0.87421875 0.77734375 0.05390625 0.07109375
0 0.923046875 0.780078125 0.048828125 0.07421875
0 0.65546875 0.81484375 0.063671875 0.069921875
0 0.709375 0.871484375 0.0546875 0.07890625
0 0.45625 0.7828125 0.056640625 0.070703125
0 0.25546875 0.853125 0.062109375 0.083203125
0 0.124609375 0.77109375 0.084765625 0.053125
0 0.015625 0.71796875 0.03125 0.0640625
0 0.0109375 0.894140625 0.021875 0.06171875
0 0.05703125 0.269140625 0.071875 0.07578125
0 0.23359375 0.20546875 0.079296875 0.078515625
0 0.30078125 0.13671875 0.049609375 0.069921875
0 0.34453125 0.118359375 0.0609375 0.062109375