0 0.220703125 0.62265625 0.06640625 0.08984375
0 0.170703125 0.63515625 0.0578125 0.091796875
0 0.758203125 0.548828125 0.082421875 0.065625
0 0.83125 0.744140625 0.056640625 0.083203125
0 0.5796875 0.3953125 0.069140625 0.0765625
0 0.97265625 0.062890625 0.0546875 0.05546875
0 0.978515625 0.119140625 0.04296875 0.075
0 0.9890625 0.223046875 0.021875 0.06328125
0 0.951953125 0.189453125 0.08203125 0.054296875
0 0.94609375 0.130078125 0.045703125 0.076171875
0 0.90078125 0.0984375 0.04296875 0.06328125
0 0.92890625 0.066796875 0.055859375 0.064453125
0 0.883984375 0.05703125 0.0546875 0.04453125
0 0.83125 0.060546875 0.0828125 0.08125
0 0.85 0.090234375 0.06953125 0.04921875
0 0.91171875 0.155859375 0.0484375 0.08515625
0 0.87109375 0.153515625 0.0578125 0.075390625
0 0.85390625 0.1875 0.0625 0.069921875
0 0.841015625 0.133203125 0.069921875 0.053515625
0 0.80078125 0.1578125 0.06328125 0.061328125
0 0.759765625 0.065625 0.080859375 0.05546875
0 0.788671875 0.10390625 0.069140625 0.05546875
0 0.758984375 0.147265625 0.046484375 0.0796875
0 0.776171875 0.19921875 0.0640625 0.0640625
0 0.72890625 0.1953125 0.05546875 0.0859375
0 0.716015625 0.144140625 0.045703125 0.07578125
0 0.73359375 0.0984375 0.055859375 0.051953125
0 0.681640625 0.062109375 0.07421875 0.053515625
0 0.69765625 0.1046875 0.06875 0.059375
0 0.66328125 0.12734375 0.06796875 0.05390625
0 0.674609375 0.16953125 0.0671875 0.055078125
0 0.662109375 0.217578125 0.083984375 0.057421875
0 0.6578125 0.2734375 0.058203125 0.07265625
0 0.6203125 0.158203125 0.050390625 0.07265625
0 0.584375 0.15078125 0.062890625 0.065625
0 0.6140625 0.103125 0.038671875 0.0578125
0 0.644921875 0.073046875 0.04921875 0.058203125
0 0.597265625 0.0578125 0.0703125 0.03828125
0 0.573046875 0.10625 0.076953125 0.061328125
0 0.535546875 0.074609375 0.0765625 0.055078125
0 0.503125 0.107421875 0.080859375 0.062109375
0 0.40859375 0.0703125 0.0875 0.08828125
0 0.329296875 0.1 0.06328125 0.084765625
0 0.26171875 0.13984375 0.0828125 0.073046875
0 0.212109375 0.09375 0.080078125 0.08203125