0 0.338671875 0.240234375 0.06171875 0.05390625
0 0.29375 0.246875 0.053125 0.065625
0 0.134375 0.08671875 0.053125 0.0359375
0 0.108984375 0.123046875 0.02890625 0.05546875
0 0.131640625 0.13359375 0.02734375 0.059375
0 0.1625 0.1171875 0.0375 0.05625
0 0.20546875 0.099609375 0.053125 0.04609375
0 0.19609375 0.13671875 0.0640625 0.0375
0 0.226953125 0.16953125 0.07265625 0.05625
0 0.173046875 0.164453125 0.05078125 0.04765625
0 0.185546875 0.209765625 0.05390625 0.04765625
0 0.1375 0.19453125 0.0375 0.0609375
0 0.101171875 0.15234375 0.05078125 0.04375
0 0.092578125 0.190625 0.05546875 0.0421875
0 0.10546875 0.21015625 0.0375 0.0515625
0 0.092578125 0.23046875 0.05078125 0.04375
0 0.14921875 0.24453125 0.040625 0.0578125
0 0.0875 0.271875 0.05 0.0421875
0 0.122265625 0.268359375 0.04609375 0.06015625
0 0.16953125 0.27890625 0.053125 0.053125
0 0.2984375 0.080078125 0.046875 0.06640625
0 0.328515625 0.07734375 0.03515625 0.0625
0 0.367578125 0.07109375 0.05078125 0.05
0 0.351171875 0.1296875 0.05546875 0.05625
0 0.391796875 0.112109375 0.06953125 0.04921875
0 0.450390625 0.11953125 0.07109375 0.05
0 0.4359375 0.070703125 0.046875 0.05546875
0 0.473828125 0.1609375 0.03828125 0.0578125
0 0.5140625 0.185546875 0.0484375 0.07109375
0 0.4671875 0.07421875 0.0328125 0.0609375
0 0.49921875 0.076171875 0.040625 0.05390625
0 0.50625 0.129296875 0.0484375 0.06171875
0 0.0890625 0.30546875 0.0546875 0.0375
0 0.121484375 0.32421875 0.03671875 0.0546875
0 0.159375 0.32265625 0.0484375 0.0546875
0 0.09140625 0.3390625 0.05625 0.034375
0 0.07578125 0.37890625 0.034375 0.053125
0 0.1234375 0.372265625 0.0671875 0.03984375
0 0.171875 0.389453125 0.046875 0.06484375
0 0.20703125 0.403125 0.0546875 0.0515625
0 0.221875 0.433203125 0.071875 0.04296875
0 0.256640625 0.44453125 0.05859375 0.05
0 0.142578125 0.45625 0.06640625 0.046875
0 0.1046875 0.4484375 0.0703125 0.046875
0 0.079296875 0.435546875 0.04453125 0.03984375
0 0.112109375 0.425 0.04765625 0.0421875
0 0.09140625 0.477734375 0.04375 0.03828125
0 0.105859375 0.49609375 0.06796875 0.0421875
0 0.08515625 0.5375 0.0328125 0.05
0 0.11484375 0.5328125 0.0484375 0.0375
0 0.15234375 0.5203125 0.065625 0.0421875
0 0.1421875 0.5625 0.059375 0.0375
0 0.08046875 0.59296875 0.0375 0.059375
0 0.1125 0.58671875 0.04375 0.05625
0 0.15546875 0.588671875 0.05625 0.03203125
0 0.184765625 0.603125 0.05234375 0.0515625
0 0.226953125 0.575390625 0.06640625 0.04609375
0 0.207421875 0.4921875 0.04609375 0.065625
0 0.24765625 0.48984375 0.0640625 0.0515625
0 0.29609375 0.51171875 0.0671875 0.0375
0 0.298828125 0.55078125 0.05859375 0.0453125
0 0.16015625 0.62734375 0.065625 0.04375
0 0.103515625 0.6140625 0.05234375 0.0359375
0 0.08125 0.644140625 0.0359375 0.04296875
0 0.120703125 0.65234375 0.06640625 0.0390625
0 0.16484375 0.669140625 0.065625 0.04140625
0 0.096484375 0.67890625 0.05703125 0.0296875
0 0.101953125 0.69375 0.06171875 0.0390625
0 0.13125 0.72109375 0.0625 0.046875
0 0.087890625 0.742578125 0.04140625 0.05390625
0 0.144140625 0.765234375 0.07890625 0.04296875
0 0.09765625 0.776171875 0.0390625 0.03203125
0 0.1578125 0.806640625 0.0578125 0.03515625
0 0.12421875 0.816015625 0.040625 0.05078125
0 0.09765625 0.821484375 0.0265625 0.05546875
0 0.183984375 0.8359375 0.05078125 0.0484375
0 0.151171875 0.86015625 0.03828125 0.0734375
0 0.1828125 0.885546875 0.0546875 0.04453125
0 0.112109375 0.866015625 0.04453125 0.03359375
0 0.130859375 0.886328125 0.04609375 0.03984375
0 0.441796875 0.89765625 0.06953125 0.05
0 0.489453125 0.505859375 0.04765625 0.06328125
0 0.82734375 0.86640625 0.053125 0.075
0 0.79296875 0.788671875 0.0546875 0.05703125
0 0.6921875 0.747265625 0.05625 0.05859375
0 0.782421875 0.525 0.04140625 0.0578125
0 0.975390625 0.2640625 0.04921875 0.053125
0 0.961328125 0.198046875 0.07734375 0.05234375
0 0.930078125 0.13125 0.04765625 0.065625
0 0.991015625 0.1265625 0.01796875 0.04375
0 0.969140625 0.100390625 0.06171875 0.04765625
0 0.979296875 0.05859375 0.04140625 0.0453125
0 0.93203125 0.084375 0.053125 0.0484375
0 0.88359375 0.092578125 0.0515625 0.04921875
0 0.8765625 0.135546875 0.0578125 0.05234375
0 0.837890625 0.16171875 0.05546875 0.075
0 0.808984375 0.1375 0.05078125 0.065625
0 0.791796875 0.072265625 0.05859375 0.05546875
0 0.7640625 0.151953125 0.04375 0.06640625
0 0.755859375 0.098046875 0.04765625 0.05703125
0 0.720703125 0.079296875 0.04140625 0.05703125
0 0.7359375 0.05390625 0.0515625 0.0421875
0 0.716796875 0.16875 0.04296875 0.06875
0 0.673046875 0.160546875 0.04765625 0.07578125
0 0.61796875 0.17109375 0.046875 0.071875
0 0.57578125 0.175390625 0.0421875 0.05859375
0 0.633203125 0.119140625 0.06015625 0.04453125
0 0.65390625 0.090234375 0.071875 0.04140625
0 0.640234375 0.05390625 0.06953125 0.0390625
0 0.5703125 0.13203125 0.05 0.0453125
0 0.546875 0.155078125 0.040625 0.05546875
0 0.593359375 0.106640625 0.05703125 0.04140625
0 0.5609375 0.09453125 0.0609375 0.0453125
0 0.529296875 0.091015625 0.06171875 0.03671875
0 0.53828125 0.05546875 0.0453125 0.0390625
0 0.578515625 0.0515625 0.05546875 0.0390625
0 0.609375 0.074609375 0.0421875 0.04140625