0 0.862890625 0.815234375 0.08359375 0.07890625
0 0.716015625 0.78203125 0.07421875 0.055078125
0 0.58125 0.801171875 0.072265625 0.058203125
0 0.5484375 0.83125 0.07109375 0.0734375
0 0.641796875 0.8828125 0.07890625 0.0546875
0 0.621484375 0.84375 0.0765625 0.058203125
0 0.120703125 0.83984375 0.0921875 0.067578125
0 0.19140625 0.8765625 0.05625 0.0671875
0 0.363671875 0.847265625 0.049609375 0.059375
0 0.332421875 0.891796875 0.07265625 0.056640625
0 0.44453125 0.878515625 0.069140625 0.0703125