0 0.96796875 0.689453125 0.055078125 0.07890625
0 0.333203125 0.76171875 0.06796875 0.06171875
0 0.608203125 0.755078125 0.061328125 0.067578125
0 0.676171875 0.7578125 0.0515625 0.055859375
0 0.655859375 0.775 0.044921875 0.058203125
0 0.042578125 0.54765625 0.06015625 0.06171875
0 0.291015625 0.48046875 0.06328125 0.069140625
0 0.125390625 0.374609375 0.053125 0.05859375
0 0.323828125 0.1140625 0.06484375 0.05546875
0 0.539453125 0.11796875 0.0421875 0.0765625
0 0.5 0.100390625 0.071484375 0.049609375
0 0.491796875 0.2828125 0.079296875 0.06796875