0 0.97890625 0.89765625 0.0421875 0.0703125
0 0.9515625 0.884375 0.066015625 0.08125
0 0.93671875 0.834765625 0.062890625 0.07109375
0 0.903125 0.81171875 0.05625 0.070703125
0 0.91328125 0.887890625 0.04921875 0.07734375
0 0.86953125 0.914453125 0.068359375 0.0484375
0 0.847265625 0.827734375 0.052734375 0.07109375
0 0.77734375 0.82890625 0.058984375 0.090234375
0 0.7390625 0.867578125 0.071875 0.051171875
0 0.84140625 0.880078125 0.0453125 0.076953125
0 0.811328125 0.836328125 0.053515625 0.070703125
0 0.812890625 0.899609375 0.048828125 0.058984375
0 0.783203125 0.89765625 0.05625 0.063671875
0 0.7359375 0.908984375 0.07421875 0.0546875
0 0.98515625 0.71484375 0.029296875 0.076953125
0 0.88359375 0.745703125 0.0703125 0.066796875
0 0.797265625 0.7453125 0.073828125 0.065625
0 0.71953125 0.751953125 0.062109375 0.080859375
0 0.75390625 0.638671875 0.07578125 0.06328125
0 0.790234375 0.571484375 0.058984375 0.075390625
0 0.8203125 0.509765625 0.070703125 0.0703125
0 0.946875 0.465625 0.064453125 0.082421875
0 0.841015625 0.4296875 0.061328125 0.07734375
0 0.778515625 0.40703125 0.069140625 0.062890625
0 0.93359375 0.40546875 0.085546875 0.055859375
0 0.973828125 0.39296875 0.05234375 0.059375
0 0.93203125 0.35 0.083984375 0.058203125
0 0.981640625 0.23359375 0.03671875 0.065625
0 0.951953125 0.273828125 0.07265625 0.061328125
0 0.925 0.235546875 0.0875 0.05234375
0 0.9484375 0.189453125 0.059375 0.084765625
0 0.972265625 0.10078125 0.05546875 0.075
0 0.9515625 0.15703125 0.096875 0.061328125
0 0.92578125 0.08828125 0.055859375 0.080078125
0 0.880078125 0.121484375 0.06796875 0.059765625
0 0.8875 0.065625 0.055859375 0.069921875
0 0.8296875 0.078125 0.067578125 0.066015625
0 0.756640625 0.08359375 0.08828125 0.05703125
0 0.69609375 0.071484375 0.083984375 0.058203125
0 0.67109375 0.1203125 0.072265625 0.0640625
0 0.785546875 0.164453125 0.050390625 0.100390625
0 0.83046875 0.17578125 0.068359375 0.06328125
0 0.758203125 0.197265625 0.076171875 0.07265625
0 0.678515625 0.215234375 0.077734375 0.056640625
0 0.619921875 0.2421875 0.073828125 0.0921875
0 0.612109375 0.321484375 0.053125 0.072265625
0 0.649609375 0.3421875 0.1 0.06015625
0 0.57265625 0.341015625 0.061328125 0.076953125
0 0.634765625 0.525 0.057421875 0.084375
0 0.564453125 0.58203125 0.077734375 0.059765625
0 0.54375 0.645703125 0.06875 0.0609375
0 0.596484375 0.697265625 0.064453125 0.078515625
0 0.534375 0.70859375 0.07578125 0.069140625
0 0.639453125 0.8 0.069921875 0.08671875
0 0.589453125 0.814453125 0.071484375 0.05703125
0 0.655078125 0.93671875 0.054296875 0.06875
0 0.503125 0.915625 0.070703125 0.058203125
0 0.482421875 0.883984375 0.0546875 0.078125
0 0.438671875 0.887109375 0.059375 0.07421875
0 0.49453125 0.825 0.066796875 0.078515625
0 0.51953125 0.773828125 0.09453125 0.06796875
0 0.39765625 0.809765625 0.0640625 0.066796875
0 0.346875 0.865234375 0.10078125 0.07109375
0 0.4046875 0.758984375 0.078125 0.084375
0 0.144140625 0.881640625 0.06015625 0.048046875
0 0.1984375 0.89921875 0.090625 0.052734375
0 0.213671875 0.8546875 0.08359375 0.0578125
0 0.264453125 0.815625 0.0546875 0.067578125
0 0.304296875 0.795703125 0.0734375 0.0859375
0 0.15078125 0.829296875 0.067578125 0.058984375
0 0.096875 0.692578125 0.08046875 0.08515625
0 0.13515625 0.773828125 0.063671875 0.0734375
0 0.23671875 0.712890625 0.063671875 0.0875
0 0.3828125 0.6234375 0.0796875 0.077734375
0 0.28828125 0.6625 0.109765625 0.0546875
0 0.357421875 0.68203125 0.09453125 0.06875
0 0.340234375 0.701953125 0.088671875 0.058203125
0 0.21875 0.591015625 0.087109375 0.056640625
0 0.14140625 0.59609375 0.06953125 0.0546875
0 0.1859375 0.621875 0.08828125 0.05078125
0 0.102734375 0.5421875 0.07109375 0.05234375
0 0.12890625 0.499609375 0.094140625 0.07578125
0 0.121875 0.421875 0.0875 0.079296875
0 0.261328125 0.509765625 0.089453125 0.058984375
0 0.340234375 0.464453125 0.089453125 0.074609375
0 0.328515625 0.504296875 0.08203125 0.0578125
0 0.40546875 0.528515625 0.0703125 0.08203125
0 0.426171875 0.43984375 0.0625 0.069140625
0 0.484765625 0.424609375 0.077734375 0.061328125
0 0.5546875 0.418359375 0.094140625 0.058984375
0 0.084375 0.33203125 0.061328125 0.07265625
0 0.128125 0.330078125 0.077734375 0.066015625
0 0.177734375 0.376953125 0.0609375 0.069921875
0 0.24453125 0.434765625 0.0734375 0.06953125
0 0.25390625 0.3625 0.068359375 0.081640625
0 0.228125 0.387109375 0.0875 0.051171875
0 0.2125 0.3421875 0.0609375 0.048828125
0 0.209765625 0.279296875 0.053125 0.068359375
0 0.259765625 0.3140625 0.0578125 0.052734375
0 0.25703125 0.26875 0.0671875 0.0640625
0 0.3046875 0.268359375 0.06953125 0.06328125
0 0.161328125 0.284765625 0.05703125 0.0890625
0 0.101171875 0.273046875 0.0671875 0.047265625
0 0.090234375 0.236328125 0.063671875 0.053515625
0 0.106640625 0.20625 0.07578125 0.049609375
0 0.12265625 0.161328125 0.055859375 0.05390625
0 0.1015625 0.101171875 0.05 0.06171875
0 0.11484375 0.1 0.042578125 0.07578125
0 0.153125 0.07734375 0.05234375 0.049609375
0 0.14765625 0.116015625 0.059765625 0.061328125
0 0.18046875 0.14375 0.08359375 0.053125
0 0.22109375 0.1625 0.0671875 0.058203125
0 0.258984375 0.168359375 0.063671875 0.08046875
0 0.31484375 0.18203125 0.06171875 0.07578125
0 0.196484375 0.078515625 0.0609375 0.05
0 0.23828125 0.088671875 0.066796875 0.0734375
0 0.308203125 0.07578125 0.097265625 0.06640625
0 0.33125 0.10859375 0.097265625 0.063671875
0 0.412109375 0.090625 0.074609375 0.1234375
0 0.481640625 0.126953125 0.0671875 0.08046875
0 0.526171875 0.06875 0.083203125 0.065234375
0 0.5578125 0.114453125 0.108203125 0.0625
0 0.400390625 0.183984375 0.10078125 0.05625
0 0.454296875 0.221484375 0.066796875 0.09609375
0 0.505078125 0.215234375 0.071484375 0.06328125
0 0.55390625 0.18671875 0.1046875 0.066015625
0 0.38203125 0.300390625 0.09453125 0.05703125
0 0.33671875 0.340625 0.063671875 0.082421875
0 0.3984375 0.352734375 0.071875 0.076171875