0 0.08828125 0.115625 0.075390625 0.08984375
0 0.15078125 0.125390625 0.046875 0.08203125
0 0.196484375 0.1578125 0.0578125 0.063671875
0 0.31484375 0.1296875 0.076171875 0.0625
0 0.242578125 0.083203125 0.042578125 0.0734375
0 0.265625 0.125390625 0.048828125 0.094921875
0 0.230078125 0.14296875 0.04921875 0.0671875
0 0.19140625 0.101171875 0.04609375 0.052734375
0 0.30390625 0.36875 0.0703125 0.078125
0 0.145703125 0.336328125 0.065234375 0.081640625
0 0.112109375 0.240625 0.083984375 0.064453125
0 0.066015625 0.259375 0.07421875 0.066796875
0 0.525390625 0.10390625 0.058203125 0.065234375
0 0.512109375 0.1828125 0.083203125 0.062109375
0 0.484375 0.1421875 0.05859375 0.063671875
0 0.55703125 0.124609375 0.051953125 0.0859375
0 0.3984375 0.694140625 0.085546875 0.0578125
0 0.333203125 0.719921875 0.057421875 0.079296875
0 0.29140625 0.7703125 0.057421875 0.090625
0 0.396484375 0.759765625 0.0703125 0.070703125
0 0.33984375 0.869140625 0.080859375 0.072265625
0 0.035546875 0.798046875 0.07109375 0.06015625
0 0.849609375 0.832421875 0.071484375 0.087890625
0 0.913671875 0.886328125 0.091796875 0.0484375
0 0.909765625 0.84375 0.060546875 0.081640625
0 0.953125 0.86640625 0.0578125 0.0515625
0 0.968359375 0.516796875 0.06328125 0.08046875