0 0.91484375 0.410546875 0.073046875 0.089453125
0 0.03515625 0.63203125 0.0703125 0.0859375
0 0.080078125 0.79921875 0.0796875 0.112109375
0 0.04765625 0.86953125 0.055859375 0.035546875
0 0.33046875 0.8421875 0.06171875 0.078125
0 0.2765625 0.691015625 0.062109375 0.0984375
0 0.1671875 0.584765625 0.069140625 0.096484375
0 0.419921875 0.6 0.05546875 0.083984375
0 0.406640625 0.74296875 0.07421875 0.078515625
0 0.899609375 0.8546875 0.07734375 0.08203125
0 0.860546875 0.78203125 0.065625 0.09453125
0 0.683203125 0.771875 0.075390625 0.06484375
0 0.741015625 0.862890625 0.059765625 0.0515625
0 0.6828125 0.9 0.0578125 0.080859375