0 0.34296875 0.825 0.091796875 0.06640625
0 0.5578125 0.48125 0.060546875 0.0625
0 0.66015625 0.499609375 0.06640625 0.0734375
0 0.962890625 0.075 0.07421875 0.083984375
0 0.896875 0.09921875 0.07109375 0.07109375
0 0.7671875 0.1015625 0.059375 0.076171875
0 0.728125 0.14296875 0.05546875 0.0828125
0 0.67265625 0.109765625 0.056640625 0.09453125
0 0.60546875 0.11953125 0.072265625 0.07109375
0 0.378125 0.076171875 0.06640625 0.072265625
0 0.33046875 0.08671875 0.04765625 0.087890625
0 0.29921875 0.146875 0.0734375 0.05390625
0 0.29453125 0.08671875 0.06328125 0.072265625
0 0.246484375 0.1125 0.0828125 0.0625
0 0.0921875 0.12421875 0.08125 0.05078125
0 0.03671875 0.078125 0.0734375 0.072265625
0 0.09453125 0.08203125 0.06640625 0.056640625