0 0.64765625 0.611328125 0.07265625 0.09140625
0 0.69765625 0.626171875 0.06328125 0.06640625
0 0.92421875 0.56796875 0.058984375 0.062890625
0 0.556640625 0.655078125 0.073046875 0.059765625
0 0.5140625 0.680859375 0.073828125 0.069140625
0 0.9 0.625 0.06015625 0.066015625
0 0.978515625 0.62109375 0.04296875 0.06875
0 0.984765625 0.669140625 0.03046875 0.08046875
0 0.923828125 0.767578125 0.06328125 0.07890625
0 0.833203125 0.80546875 0.050390625 0.074609375
0 0.703515625 0.841015625 0.087890625 0.068359375
0 0.52578125 0.874609375 0.075390625 0.08671875
0 0.634375 0.8953125 0.078125 0.053515625
0 0.79609375 0.845703125 0.075390625 0.063671875
0 0.883203125 0.84921875 0.048046875 0.087109375
0 0.6015625 0.059375 0.082421875 0.058984375
0 0.572265625 0.078515625 0.06484375 0.061328125
0 0.53671875 0.109765625 0.070703125 0.08046875
0 0.67734375 0.066796875 0.053515625 0.061328125
0 0.71796875 0.108203125 0.0734375 0.082421875
0 0.723828125 0.06015625 0.058984375 0.049609375
0 0.769140625 0.07578125 0.0484375 0.074609375
0 0.8078125 0.1 0.04921875 0.07890625
0 0.818359375 0.055078125 0.069921875 0.036328125
0 0.85546875 0.103125 0.058203125 0.07734375
0 0.880078125 0.196484375 0.0640625 0.086328125
0 0.93515625 0.151171875 0.058984375 0.099609375
0 0.90234375 0.11875 0.04453125 0.091796875
0 0.916796875 0.06328125 0.053515625 0.07421875
0 0.960546875 0.059375 0.061328125 0.05703125
0 0.87109375 0.058203125 0.041796875 0.0515625
0 0.972265625 0.105859375 0.05546875 0.05703125
0 0.984765625 0.053125 0.03046875 0.04609375
0 0.74296875 0.451171875 0.057421875 0.076953125
0 0.976171875 0.82578125 0.04765625 0.076953125
0 0.92109375 0.8640625 0.06484375 0.052734375
0 0.961328125 0.9203125 0.07734375 0.046875
0 0.984375 0.903125 0.03125 0.062109375
0 0.783203125 0.90859375 0.0578125 0.05390625
0 0.815625 0.903125 0.055078125 0.062109375
0 0.855859375 0.896875 0.05390625 0.073046875
0 0.89609375 0.9 0.065234375 0.0546875
0 0.74609375 0.876171875 0.0609375 0.069921875
0 0.439453125 0.9015625 0.052734375 0.05078125
0 0.48515625 0.8890625 0.043359375 0.078125
0 0.301171875 0.78828125 0.090234375 0.053125
0 0.324609375 0.708984375 0.060546875 0.0890625
0 0.3734375 0.6375 0.10234375 0.057421875
0 0.152734375 0.7140625 0.049609375 0.067578125
0 0.231640625 0.713671875 0.071484375 0.070703125
0 0.284765625 0.721484375 0.040625 0.0640625
0 0.221484375 0.7765625 0.0671875 0.061328125
0 0.22421875 0.74921875 0.0453125 0.041015625
0 0.2671875 0.746875 0.058984375 0.051171875
0 0.201171875 0.89140625 0.055078125 0.04609375
0 0.251171875 0.884375 0.0484375 0.06953125
0 0.302734375 0.830859375 0.068359375 0.066015625
0 0.201171875 0.8265625 0.071875 0.051171875
0 0.1453125 0.789453125 0.06015625 0.05390625
0 0.096484375 0.753515625 0.073828125 0.042578125
0 0.108203125 0.816796875 0.067578125 0.05
0 0.101171875 0.78671875 0.048828125 0.02578125
0 0.26328125 0.354296875 0.08125 0.0546875
0 0.204296875 0.401953125 0.083203125 0.058984375
0 0.320703125 0.54453125 0.093359375 0.0578125
0 0.19453125 0.522265625 0.058203125 0.08671875
0 0.14375 0.545703125 0.046484375 0.082421875
0 0.24765625 0.538671875 0.07734375 0.068359375
0 0.375 0.3625 0.084765625 0.095703125
0 0.0828125 0.501171875 0.070703125 0.05390625
0 0.47265625 0.097265625 0.0875 0.096875
0 0.446875 0.0734375 0.055859375 0.076953125
0 0.41484375 0.070703125 0.046875 0.07109375
0 0.358203125 0.0953125 0.078515625 0.05390625
0 0.380078125 0.071484375 0.047265625 0.06328125
0 0.339453125 0.05625 0.05078125 0.049609375
0 0.31640625 0.1234375 0.068359375 0.06953125
0 0.213671875 0.118359375 0.063671875 0.058203125
0 0.18984375 0.071875 0.052734375 0.045703125
0 0.22421875 0.0859375 0.03984375 0.076171875
0 0.257421875 0.059375 0.047265625 0.036328125
0 0.1015625 0.098828125 0.03984375 0.048828125
0 0.138671875 0.11015625 0.036328125 0.072265625
0 0.13515625 0.080859375 0.05 0.038671875
0 0.17109375 0.139453125 0.056640625 0.06875
0 0.201953125 0.16484375 0.065625 0.0765625
0 0.154296875 0.193359375 0.07109375 0.0546875
0 0.09765625 0.166796875 0.03984375 0.059375
0 0.0828125 0.226171875 0.04765625 0.053125
0 0.146484375 0.26171875 0.07421875 0.06171875
0 0.1078125 0.34609375 0.0828125 0.071484375
0 0.101171875 0.30859375 0.058203125 0.039453125
0 0.0875 0.41171875 0.073828125 0.066015625
0 0.089453125 0.37578125 0.06328125 0.0609375
0 0.0859375 0.458984375 0.084375 0.033984375
0 0.19296875 0.605859375 0.062890625 0.0734375
0 0.09453125 0.705859375 0.053515625 0.06015625
0 0.093359375 0.655078125 0.0609375 0.052734375
0 0.145703125 0.853515625 0.046484375 0.0625
0 0.138671875 0.82421875 0.06328125 0.031640625
0 0.166015625 0.878125 0.039453125 0.048828125
0 0.1265625 0.8921875 0.04765625 0.0234375
0 0.11328125 0.86484375 0.0515625 0.030078125
0 0.30625 0.23359375 0.06796875 0.059375
0 0.294140625 0.183984375 0.103125 0.05234375
0 0.2984375 0.06171875 0.059765625 0.050390625
0 0.27109375 0.0953125 0.05625 0.05546875
0 0.2046875 0.861328125 0.05234375 0.03515625
0 0.6890625 0.983203125 0.042578125 0.03359375