0 0.091796875 0.853515625 0.057421875 0.082421875
0 0.153125 0.850390625 0.066015625 0.08359375
0 0.39765625 0.883203125 0.062109375 0.06015625
0 0.39375 0.844140625 0.065625 0.05859375
0 0.4375 0.842578125 0.058984375 0.07109375
0 0.491015625 0.870703125 0.058203125 0.062109375
0 0.691796875 0.841796875 0.059765625 0.061328125
0 0.0390625 0.6921875 0.078125 0.074609375
0 0.1640625 0.647265625 0.061328125 0.081640625
0 0.27578125 0.596875 0.0796875 0.05390625
0 0.3921875 0.60703125 0.089453125 0.059765625
0 0.0859375 0.51640625 0.067578125 0.080859375
0 0.7515625 0.74765625 0.051953125 0.06796875
0 0.563671875 0.47890625 0.084375 0.050390625
0 0.723046875 0.44765625 0.09375 0.045703125
0 0.727734375 0.375390625 0.073046875 0.069140625
0 0.130078125 0.45 0.0640625 0.087109375
0 0.012109375 0.36015625 0.02421875 0.09375
0 0.015234375 0.200390625 0.030078125 0.073046875
0 0.382421875 0.380859375 0.084375 0.050390625
0 0.4015625 0.283984375 0.056640625 0.07734375
0 0.283984375 0.312890625 0.058203125 0.08515625
0 0.223828125 0.2984375 0.090234375 0.058203125
0 0.190234375 0.270703125 0.090625 0.057421875
0 0.18984375 0.227734375 0.080859375 0.060546875
0 0.32890625 0.209375 0.051953125 0.07890625
0 0.0125 0.152734375 0.025 0.053515625
0 0.026171875 0.136328125 0.05234375 0.09765625
0 0.011328125 0.0859375 0.02265625 0.0234375
0 0.047265625 0.1 0.076953125 0.04453125
0 0.064453125 0.134375 0.058984375 0.06640625
0 0.062109375 0.143359375 0.0484375 0.08046875
0 0.111328125 0.11796875 0.05625 0.067578125
0 0.14921875 0.1375 0.06875 0.06796875
0 0.159765625 0.10390625 0.075390625 0.05859375
0 0.2015625 0.13203125 0.071875 0.07109375
0 0.526171875 0.11171875 0.049609375 0.076953125
0 0.553515625 0.134765625 0.051953125 0.083203125
0 0.768359375 0.21875 0.05703125 0.071875