0 0.1484375 0.86796875 0.071484375 0.031640625
0 0.6625 0.76640625 0.076171875 0.0625
0 0.437109375 0.834765625 0.053125 0.07734375
0 0.487890625 0.829296875 0.070703125 0.069140625
0 0.637109375 0.881640625 0.065625 0.059765625
0 0.60390625 0.820703125 0.07265625 0.069140625
0 0.54296875 0.882421875 0.073046875 0.0625
0 0.49921875 0.86875 0.06015625 0.07265625
0 0.30859375 0.587890625 0.07265625 0.0734375
0 0.669140625 0.543359375 0.0640625 0.084375
0 0.5703125 0.058984375 0.066015625 0.078515625
0 0.649609375 0.10625 0.078515625 0.075
0 0.66484375 0.17109375 0.090234375 0.072265625
0 0.33828125 0.048046875 0.060546875 0.08125
0 0.535546875 0.066015625 0.06328125 0.062890625
0 0.4890625 0.048046875 0.040625 0.049609375
0 0.55234375 0.16015625 0.05703125 0.0796875
0 0.266015625 0.20234375 0.07421875 0.078515625
0 0.3046875 0.13515625 0.055078125 0.095703125
0 0.316796875 0.086328125 0.070703125 0.0671875
0 0.230859375 0.06640625 0.0703125 0.08125
0 0.278515625 0.0609375 0.051953125 0.0703125
0 0.25234375 0.098046875 0.06640625 0.096484375
0 0.413671875 0.146875 0.056640625 0.09453125
0 0.45546875 0.178125 0.080078125 0.069140625
0 0.487890625 0.15703125 0.0625 0.047265625
0 0.467578125 0.121875 0.054296875 0.05703125
0 0.51875 0.121484375 0.066796875 0.058203125
0 0.38125 0.078515625 0.05859375 0.06796875
0 0.33828125 0.1390625 0.0546875 0.09375
0 0.376953125 0.12734375 0.05234375 0.065625
0 0.4203125 0.109765625 0.0578125 0.044921875
0 0.3671875 0.173046875 0.06484375 0.0859375
0 0.984375 0.166796875 0.030859375 0.056640625
0 0.918359375 0.187109375 0.072265625 0.08515625
0 0.1078125 0.26796875 0.08046875 0.085546875
0 0.03515625 0.259375 0.06171875 0.09140625
0 0.015625 0.31875 0.030859375 0.052734375