0 0.020703125 0.177734375 0.03984375 0.03828125
0 0.140625 0.190625 0.053125 0.0625
0 0.197265625 0.067578125 0.04921875 0.07734375
0 0.2421875 0.075390625 0.071875 0.07109375
0 0.362890625 0.073828125 0.04140625 0.07109375
0 0.407421875 0.05625 0.06171875 0.059375
0 0.489453125 0.049609375 0.07265625 0.05078125
0 0.492578125 0.102734375 0.06171875 0.06171875
0 0.55390625 0.059765625 0.05 0.08046875
0 0.616796875 0.062890625 0.04296875 0.05234375
0 0.67890625 0.066015625 0.071875 0.07578125
0 0.733203125 0.063671875 0.05078125 0.06796875
0 0.6953125 0.13984375 0.0703125 0.05625
0 0.4390625 0.1765625 0.075 0.053125
0 0.348046875 0.34609375 0.07578125 0.06875
0 0.813671875 0.333984375 0.07734375 0.07734375
0 0.769140625 0.4921875 0.07734375 0.040625
0 0.732421875 0.5484375 0.05546875 0.0640625
0 0.10078125 0.50703125 0.0703125 0.0828125
0 0.22890625 0.641796875 0.065625 0.05546875
0 0.98984375 0.06875 0.0203125 0.0640625
0 0.95546875 0.065234375 0.05625 0.06328125
0 0.91796875 0.115625 0.0484375 0.0671875
0 0.878515625 0.06015625 0.06796875 0.0671875
0 0.83984375 0.048828125 0.084375 0.05703125
0 0.84765625 0.1125 0.0515625 0.0796875
0 0.82109375 0.1046875 0.0484375 0.0765625
0 0.771484375 0.109375 0.06484375 0.0453125
0 0.93203125 0.8359375 0.059375 0.053125
0 0.96953125 0.8546875 0.05625 0.053125
0 0.970703125 0.895703125 0.04765625 0.06328125
0 0.9234375 0.88203125 0.06875 0.05
0 0.812109375 0.8328125 0.06484375 0.06875
0 0.80859375 0.86796875 0.0625 0.0609375
0 0.751171875 0.8671875 0.08359375 0.0703125
0 0.62734375 0.872265625 0.0546875 0.05078125
0 0.5765625 0.891015625 0.059375 0.06015625
0 0.523828125 0.886328125 0.05234375 0.06015625
0 0.473828125 0.88671875 0.04453125 0.0625
0 0.434375 0.901171875 0.0703125 0.03984375
0 0.413671875 0.86875 0.06640625 0.034375
0 0.309765625 0.8765625 0.07578125 0.0546875
0 0.209765625 0.89296875 0.06796875 0.0484375
0 0.15625 0.88515625 0.06875 0.084375
0 0.030859375 0.902734375 0.06015625 0.04921875
0 0.034375 0.853125 0.0671875 0.0484375
0 0.181640625 0.23359375 0.060546875 0.078125