0 0.128125 0.312890625 0.05 0.03984375
0 0.396484375 0.217578125 0.06171875 0.05234375
0 0.109765625 0.106640625 0.05078125 0.04921875
0 0.35703125 0.08671875 0.0609375 0.040625
0 0.40234375 0.071875 0.0546875 0.0765625
0 0.56640625 0.07890625 0.0453125 0.034375
0 0.596484375 0.096484375 0.06015625 0.05078125
0 0.6640625 0.09921875 0.053125 0.06875
0 0.91875 0.4390625 0.0546875 0.0625
0 0.45859375 0.46875 0.05390625 0.0515625
0 0.08203125 0.505859375 0.0734375 0.03984375
0 0.022265625 0.561328125 0.04296875 0.03046875
0 0.796875 0.674609375 0.0484375 0.04765625
0 0.85234375 0.756640625 0.0484375 0.04296875
0 0.545703125 0.826171875 0.04765625 0.04921875
0 0.762109375 0.862890625 0.05859375 0.04765625