0 0.016796875 0.11171875 0.033203125 0.06484375
0 0.0296875 0.21484375 0.059375 0.087890625
0 0.0609375 0.19609375 0.08828125 0.072265625
0 0.098046875 0.26953125 0.066015625 0.075390625
0 0.053515625 0.32421875 0.105078125 0.06796875
0 0.15546875 0.35625 0.080859375 0.065625
0 0.36875 0.10703125 0.071875 0.062109375
0 0.266796875 0.10234375 0.08515625 0.0796875
0 0.197265625 0.08671875 0.07421875 0.06640625
0 0.182421875 0.134375 0.067578125 0.09375
0 0.06640625 0.100390625 0.0625 0.063671875
0 0.074609375 0.143359375 0.114453125 0.062890625
0 0.140625 0.191796875 0.082421875 0.071484375
0 0.09921875 0.162109375 0.046875 0.0671875
0 0.31875 0.426171875 0.08359375 0.05625
0 0.49765625 0.438671875 0.067578125 0.06796875
0 0.972265625 0.48515625 0.05546875 0.078125
0 0.852734375 0.72890625 0.08828125 0.071484375
0 0.665625 0.6875 0.091796875 0.090625
0 0.59296875 0.8296875 0.075 0.078125
0 0.40390625 0.789453125 0.08359375 0.047265625
0 0.420703125 0.828515625 0.07265625 0.05703125
0 0.3984375 0.900390625 0.079296875 0.05390625
0 0.5 0.8796875 0.05078125 0.088671875
0 0.538671875 0.9 0.0609375 0.101171875
0 0.572265625 0.905078125 0.06171875 0.086328125
0 0.965625 0.287890625 0.06875 0.06328125
0 0.881640625 0.2328125 0.06640625 0.072265625
0 0.78671875 0.203515625 0.077734375 0.08359375
0 0.830859375 0.100390625 0.07421875 0.0765625
0 0.878125 0.092578125 0.065625 0.1046875
0 0.922265625 0.088671875 0.060546875 0.073046875