0 0.171875 0.11328125 0.06796875 0.047265625
0 0.166015625 0.144140625 0.05390625 0.0546875
0 0.212109375 0.145703125 0.04453125 0.058203125
0 0.24453125 0.118359375 0.043359375 0.067578125
0 0.273828125 0.11640625 0.074609375 0.067578125
0 0.324609375 0.10625 0.0625 0.0484375
0 0.378125 0.11328125 0.06171875 0.060546875
0 0.38203125 0.1671875 0.072265625 0.0671875
0 0.416015625 0.144140625 0.062109375 0.0609375
0 0.469140625 0.144921875 0.0703125 0.0625
0 0.44609375 0.096875 0.080859375 0.048046875
0 0.5171875 0.098046875 0.08359375 0.06015625
0 0.512109375 0.161328125 0.049609375 0.07734375
0 0.44609375 0.191015625 0.071484375 0.068359375
0 0.5015625 0.224609375 0.081640625 0.069140625
0 0.553515625 0.169140625 0.06640625 0.056640625
0 0.303515625 0.2234375 0.075390625 0.09921875
0 0.301953125 0.16171875 0.07890625 0.066796875
0 0.25703125 0.1859375 0.055078125 0.08203125
0 0.208203125 0.189453125 0.066796875 0.0546875
0 0.166796875 0.196875 0.05234375 0.058203125
0 0.2109375 0.219921875 0.06328125 0.049609375
0 0.21875 0.266796875 0.0734375 0.04609375
0 0.177734375 0.224609375 0.04765625 0.066796875
0 0.149609375 0.253515625 0.043359375 0.0609375
0 0.172265625 0.280078125 0.05390625 0.072265625
0 0.155859375 0.321484375 0.059375 0.066015625
0 0.234765625 0.3234375 0.083984375 0.086328125
0 0.20234375 0.342578125 0.0671875 0.048828125
0 0.171875 0.36953125 0.071875 0.051953125
0 0.19453125 0.398046875 0.065234375 0.058984375
0 0.16328125 0.41015625 0.0609375 0.066015625
0 0.476953125 0.34140625 0.0890625 0.059375
0 0.156640625 0.462890625 0.062109375 0.0578125
0 0.4921875 0.59375 0.0640625 0.0640625
0 0.306640625 0.548046875 0.099609375 0.051953125
0 0.153125 0.508203125 0.075390625 0.049609375
0 0.178125 0.527734375 0.0765625 0.046484375
0 0.15546875 0.560546875 0.0671875 0.051171875
0 0.162890625 0.60234375 0.080859375 0.043359375
0 0.1671875 0.64453125 0.08046875 0.058984375
0 0.14609375 0.629296875 0.046875 0.055859375
0 0.154296875 0.683203125 0.076171875 0.051953125
0 0.168359375 0.70859375 0.059765625 0.04765625
0 0.209375 0.676171875 0.058984375 0.0421875
0 0.210546875 0.711328125 0.095703125 0.055078125
0 0.166796875 0.737109375 0.075 0.04140625
0 0.164453125 0.77734375 0.0578125 0.0671875
0 0.214453125 0.771875 0.058203125 0.080078125
0 0.220703125 0.78671875 0.0640625 0.0375
0 0.196484375 0.8125 0.078515625 0.037890625
0 0.166796875 0.84140625 0.046875 0.072265625
0 0.16171875 0.873046875 0.043359375 0.035546875
0 0.19921875 0.86484375 0.0609375 0.06171875
0 0.1921875 0.839453125 0.05703125 0.02890625
0 0.292578125 0.9109375 0.051171875 0.031640625
0 0.351171875 0.841796875 0.057421875 0.06015625
0 0.300390625 0.859375 0.05234375 0.07421875
0 0.25625 0.859375 0.041796875 0.078515625
0 0.240234375 0.871875 0.04921875 0.073828125
0 0.28125 0.882421875 0.033203125 0.04453125
0 0.29921875 0.808984375 0.079296875 0.064453125
0 0.25546875 0.81640625 0.051171875 0.067578125
0 0.26484375 0.76640625 0.048046875 0.05546875
0 0.29296875 0.751171875 0.087109375 0.053515625
0 0.350390625 0.737890625 0.06171875 0.09140625
0 0.309375 0.70859375 0.066796875 0.064453125
0 0.271484375 0.70625 0.05546875 0.06484375
0 0.398828125 0.713671875 0.058984375 0.06953125
0 0.43671875 0.723046875 0.051171875 0.069921875
0 0.412890625 0.798828125 0.090234375 0.069140625
0 0.401953125 0.772265625 0.06640625 0.066015625
0 0.383203125 0.857421875 0.0734375 0.07265625
0 0.3890625 0.886328125 0.057421875 0.055859375
0 0.4359375 0.856640625 0.0453125 0.06640625
0 0.4765625 0.859765625 0.066015625 0.062109375
0 0.517578125 0.882421875 0.0671875 0.078125
0 0.52421875 0.910546875 0.05859375 0.037890625
0 0.475390625 0.808203125 0.07109375 0.078515625
0 0.490234375 0.732421875 0.059375 0.088671875
0 0.533984375 0.73828125 0.072265625 0.059375
0 0.553515625 0.775390625 0.06015625 0.048828125
0 0.559765625 0.827734375 0.069921875 0.055078125
0 0.60703125 0.920703125 0.05703125 0.028125
0 0.6875 0.910546875 0.04609375 0.045703125
0 0.7328125 0.910546875 0.04453125 0.044140625
0 0.730859375 0.941015625 0.0375 0.037890625
0 0.721875 0.975390625 0.027734375 0.037109375
0 0.77578125 0.87890625 0.04765625 0.070703125
0 0.751953125 0.855859375 0.0546875 0.07890625
0 0.716796875 0.875 0.036328125 0.057421875
0 0.6875 0.830078125 0.07265625 0.044921875
0 0.66640625 0.86953125 0.060546875 0.065234375
0 0.6375 0.8734375 0.0484375 0.083984375
0 0.60546875 0.869921875 0.044921875 0.0765625
0 0.978515625 0.88203125 0.04296875 0.065625
0 0.9375 0.88359375 0.06484375 0.05078125
0 0.9265625 0.84375 0.05078125 0.0765625
0 0.88515625 0.891796875 0.058984375 0.05078125
0 0.884765625 0.855078125 0.056640625 0.061328125
0 0.847265625 0.87578125 0.046875 0.080078125
0 0.812890625 0.855078125 0.055078125 0.068359375
0 0.809765625 0.890625 0.05546875 0.037109375
0 0.706640625 0.810546875 0.0796875 0.046484375
0 0.819140625 0.798046875 0.069140625 0.052734375
0 0.878125 0.78828125 0.048828125 0.066015625
0 0.963671875 0.8140625 0.062109375 0.062890625
0 0.9859375 0.809375 0.028125 0.056640625
0 0.96484375 0.730078125 0.0703125 0.049609375
0 0.983203125 0.762109375 0.03359375 0.046484375
0 0.944140625 0.76328125 0.06015625 0.058203125
0 0.898046875 0.7328125 0.064453125 0.0546875
0 0.829296875 0.74453125 0.071875 0.053515625
0 0.7953125 0.775390625 0.048828125 0.070703125
0 0.75 0.77890625 0.055078125 0.066796875
0 0.760546875 0.726171875 0.07890625 0.053515625
0 0.709765625 0.7296875 0.05703125 0.051171875
0 0.7046875 0.765625 0.05859375 0.0515625
0 0.663671875 0.78984375 0.047265625 0.08046875
0 0.607421875 0.812109375 0.068359375 0.04296875
0 0.59609375 0.764453125 0.05078125 0.0671875
0 0.622265625 0.773828125 0.05859375 0.045703125
0 0.644921875 0.724609375 0.073046875 0.0515625
0 0.698046875 0.67890625 0.058203125 0.06484375
0 0.613671875 0.673828125 0.073828125 0.057421875
0 0.587109375 0.714453125 0.051953125 0.0625
0 0.63046875 0.609375 0.060546875 0.077734375
0 0.990625 0.125390625 0.01875 0.07109375
0 0.971484375 0.16875 0.05703125 0.05625
0 0.910546875 0.195703125 0.068359375 0.059375
0 0.89765625 0.142578125 0.058984375 0.080078125
0 0.875390625 0.084765625 0.048828125 0.089453125
0 0.8359375 0.18125 0.073046875 0.058203125
0 0.787890625 0.198046875 0.050390625 0.069921875
0 0.75 0.175390625 0.04765625 0.07578125
0 0.78984375 0.11640625 0.074609375 0.055078125
0 0.7171875 0.1171875 0.07890625 0.05546875
0 0.694140625 0.099609375 0.067578125 0.052734375
0 0.705078125 0.1828125 0.062890625 0.063671875
0 0.662890625 0.1875 0.055078125 0.068359375
0 0.628515625 0.15078125 0.064453125 0.051953125
0 0.626171875 0.10078125 0.05546875 0.05859375