0 0.958203125 0.868359375 0.05625 0.0796875
0 0.696875 0.719140625 0.051953125 0.08125
0 0.648046875 0.72109375 0.04765625 0.075390625
0 0.588671875 0.752734375 0.047265625 0.06796875
0 0.63046875 0.79609375 0.0703125 0.05
0 0.678515625 0.7671875 0.044140625 0.07578125
0 0.6328125 0.757421875 0.054296875 0.0546875
0 0.63359375 0.849609375 0.0765625 0.05703125
0 0.540625 0.82265625 0.07109375 0.0578125
0 0.019921875 0.77734375 0.03984375 0.078515625
0 0.1296875 0.785546875 0.063671875 0.056640625
0 0.166015625 0.813671875 0.073828125 0.066796875
0 0.236328125 0.7046875 0.0578125 0.070703125
0 0.3140625 0.711328125 0.077734375 0.05390625