0 0.758203125 0.741796875 0.0734375 0.058203125
0 0.678125 0.79453125 0.065625 0.0859375
0 0.755078125 0.846875 0.06328125 0.046875
0 0.55078125 0.726953125 0.068359375 0.052734375
0 0.51328125 0.77109375 0.04921875 0.065625
0 0.4734375 0.687890625 0.04453125 0.089453125
0 0.556640625 0.7703125 0.057421875 0.044140625
0 0.590234375 0.78671875 0.046875 0.045703125
0 0.552734375 0.8125 0.05078125 0.051953125
0 0.54453125 0.851171875 0.0515625 0.062109375
0 0.753515625 0.778515625 0.055078125 0.05546875
0 0.61953125 0.853125 0.06015625 0.05078125
0 0.637890625 0.874609375 0.0609375 0.0578125
0 0.782421875 0.87734375 0.083984375 0.049609375
0 0.70703125 0.964453125 0.0390625 0.0453125
0 0.75078125 0.966796875 0.06015625 0.042578125
0 0.783203125 0.95234375 0.056640625 0.06796875
0 0.983984375 0.878125 0.03203125 0.05
0 0.76015625 0.5890625 0.050390625 0.0859375
0 0.95390625 0.64296875 0.058984375 0.059375
0 0.908203125 0.671875 0.063671875 0.086328125
0 0.973046875 0.730859375 0.053515625 0.066015625
0 0.73515625 0.2859375 0.053125 0.0640625
0 0.863671875 0.36484375 0.051171875 0.072265625
0 0.64453125 0.38515625 0.058203125 0.05078125
0 0.777734375 0.33828125 0.07734375 0.05625
0 0.987890625 0.103125 0.02421875 0.065625
0 0.97421875 0.093359375 0.0515625 0.04765625
0 0.9359375 0.088671875 0.049609375 0.040625
0 0.705078125 0.109765625 0.0734375 0.0625
0 0.617578125 0.13515625 0.057421875 0.078125
0 0.822265625 0.180078125 0.072265625 0.05546875
0 0.75625 0.1046875 0.06328125 0.04921875
0 0.792578125 0.088671875 0.05390625 0.04765625
0 0.822265625 0.1078125 0.046484375 0.063671875
0 0.806640625 0.14140625 0.06171875 0.055078125
0 0.853515625 0.085546875 0.0609375 0.040234375
0 0.85546875 0.117578125 0.04375 0.09296875
0 0.88828125 0.083203125 0.05390625 0.03828125
0 0.88984375 0.12578125 0.046484375 0.074609375
0 0.933984375 0.131640625 0.057421875 0.06328125
0 0.53828125 0.0953125 0.05078125 0.071875
0 0.49921875 0.095703125 0.046484375 0.04921875
0 0.45703125 0.1125 0.06640625 0.051171875
0 0.5453125 0.14765625 0.053515625 0.0578125
0 0.51015625 0.13125 0.05078125 0.066015625
0 0.4765625 0.1703125 0.068359375 0.06171875
0 0.567578125 0.180078125 0.0625 0.05234375
0 0.51875 0.1890625 0.054296875 0.062890625
0 0.494140625 0.21015625 0.0640625 0.04296875
0 0.640625 0.218359375 0.060546875 0.059765625
0 0.529296875 0.253125 0.048828125 0.06796875
0 0.575 0.2390625 0.049609375 0.061328125
0 0.623828125 0.26875 0.059765625 0.04921875
0 0.455078125 0.258203125 0.069921875 0.057421875
0 0.462890625 0.30625 0.0671875 0.058203125
0 0.47265625 0.360546875 0.0734375 0.04765625
0 0.406640625 0.458203125 0.074609375 0.046484375
0 0.47734375 0.58203125 0.053125 0.06953125
0 0.437109375 0.6265625 0.067578125 0.04609375
0 0.390234375 0.84765625 0.04921875 0.073828125
0 0.429296875 0.842578125 0.059375 0.062109375
0 0.384375 0.884765625 0.058984375 0.05078125
0 0.433203125 0.87890625 0.04453125 0.06171875
0 0.46640625 0.874609375 0.04375 0.058984375
0 0.26796875 0.434765625 0.047265625 0.0734375
0 0.399609375 0.109765625 0.067578125 0.0421875
0 0.359375 0.093359375 0.046484375 0.050390625
0 0.345703125 0.14296875 0.05859375 0.06953125
0 0.375390625 0.1328125 0.059375 0.06875
0 0.285546875 0.19765625 0.067578125 0.06875
0 0.328515625 0.159765625 0.051171875 0.074609375
0 0.323046875 0.0921875 0.0515625 0.04921875
0 0.276953125 0.088671875 0.053125 0.042578125
0 0.301953125 0.12109375 0.052734375 0.04765625
0 0.28828125 0.1546875 0.045703125 0.055859375
0 0.24921875 0.15625 0.050390625 0.0671875
0 0.226171875 0.09765625 0.04375 0.05625
0 0.25234375 0.1140625 0.0484375 0.062890625
0 0.195703125 0.119140625 0.04375 0.065625
0 0.17109375 0.181640625 0.06328125 0.056640625
0 0.138671875 0.16015625 0.042578125 0.069921875
0 0.158984375 0.0875 0.0578125 0.03671875
0 0.161328125 0.1265625 0.040234375 0.0578125
0 0.130078125 0.100390625 0.0421875 0.055859375
0 0.101953125 0.1046875 0.042578125 0.063671875
0 0.076953125 0.0890625 0.044921875 0.046484375
0 0.033203125 0.08671875 0.04453125 0.041015625
0 0.0078125 0.091015625 0.015625 0.0375
0 0.046875 0.11171875 0.04921875 0.05703125
0 0.0921875 0.141015625 0.05625 0.05390625
0 0.013671875 0.121484375 0.02734375 0.05
0 0.039453125 0.151171875 0.0671875 0.051171875
0 0.0125 0.1671875 0.025 0.059375
0 0.0390625 0.188671875 0.046875 0.058984375
0 0.074609375 0.181640625 0.0453125 0.065234375
0 0.10859375 0.1859375 0.050390625 0.061328125
0 0.01640625 0.217578125 0.0328125 0.04765625
0 0.040625 0.235546875 0.05546875 0.0734375
0 0.10703125 0.231640625 0.06171875 0.05
0 0.006640625 0.327734375 0.01328125 0.04765625
0 0.049609375 0.33203125 0.078125 0.059765625
0 0.03515625 0.3734375 0.0703125 0.059765625
0 0.069921875 0.55078125 0.065625 0.06171875
0 0.236328125 0.712109375 0.05546875 0.057421875
0 0.16015625 0.7703125 0.048046875 0.066796875
0 0.20546875 0.77578125 0.06484375 0.049609375
0 0.222265625 0.809375 0.058984375 0.04453125
0 0.123828125 0.79609375 0.07421875 0.057421875
0 0.0296875 0.866015625 0.059375 0.07109375
0 0.0078125 0.830859375 0.015625 0.05234375
0 0.31015625 0.962890625 0.046484375 0.07421875
0 0.722265625 0.16796875 0.046484375 0.059375
0 0.696484375 0.208203125 0.041015625 0.065625
0 0.734765625 0.21640625 0.04296875 0.049609375
0 0.75859375 0.187890625 0.04609375 0.070703125