0 0.0078125 0.082421875 0.015625 0.038671875
0 0.00625 0.11328125 0.0125 0.03984375
0 0.178125 0.11171875 0.06015625 0.08046875
0 0.091015625 0.096484375 0.0390625 0.0640625
0 0.08515625 0.159375 0.043359375 0.0703125
0 0.04921875 0.159765625 0.045703125 0.0765625
0 0.028125 0.12734375 0.037890625 0.081640625
0 0.05078125 0.098046875 0.057421875 0.0734375
0 0.126171875 0.0953125 0.0546875 0.047265625
0 0.1625 0.14296875 0.080078125 0.05390625
0 0.119921875 0.133203125 0.06328125 0.05078125
0 0.127734375 0.18671875 0.05703125 0.05546875
0 0.25859375 0.11328125 0.043359375 0.074609375
0 0.280078125 0.16171875 0.062890625 0.0640625
0 0.326171875 0.146875 0.054296875 0.067578125
0 0.4515625 0.1453125 0.080078125 0.062109375
0 0.340234375 0.211328125 0.059765625 0.0609375
0 0.294140625 0.26875 0.07265625 0.05546875
0 0.020703125 0.41875 0.04140625 0.0515625
0 0.071875 0.458203125 0.096875 0.04296875
0 0.08984375 0.512890625 0.06484375 0.05625
0 0.0484375 0.552734375 0.061328125 0.046484375
0 0.02421875 0.605859375 0.0484375 0.08046875
0 0.04453125 0.637109375 0.060546875 0.0515625
0 0.005078125 0.652734375 0.01015625 0.054296875
0 0.15859375 0.544140625 0.053125 0.08046875
0 0.173046875 0.4140625 0.076953125 0.059375
0 0.227734375 0.48515625 0.048828125 0.07734375
0 0.27890625 0.5171875 0.066796875 0.046875
0 0.27265625 0.37578125 0.065625 0.053515625
0 0.34453125 0.35625 0.066015625 0.047265625
0 0.45546875 0.337890625 0.048046875 0.07734375
0 0.428515625 0.39453125 0.0421875 0.084375
0 0.394921875 0.379296875 0.0578125 0.048046875
0 0.369140625 0.4140625 0.0796875 0.041015625
0 0.308984375 0.460546875 0.041015625 0.0875
0 0.342578125 0.456640625 0.045703125 0.080859375
0 0.377734375 0.469140625 0.043359375 0.074609375
0 0.426953125 0.503125 0.05078125 0.067578125
0 0.6609375 0.60234375 0.08359375 0.054296875
0 0.139453125 0.612109375 0.0671875 0.0484375
0 0.19921875 0.69765625 0.061328125 0.06484375
0 0.121484375 0.685546875 0.06171875 0.05703125
0 0.088671875 0.855078125 0.0625 0.071875
0 0.966796875 0.181640625 0.05859375 0.076171875
0 0.654296875 0.284375 0.0796875 0.0453125
0 0.850390625 0.323046875 0.064453125 0.06484375
0 0.815234375 0.559375 0.071875 0.058203125
0 0.985546875 0.78125 0.02890625 0.07265625
0 0.680859375 0.780078125 0.049609375 0.0703125
0 0.76796875 0.81171875 0.066015625 0.07421875
0 0.84140625 0.7984375 0.06328125 0.0484375
0 0.95546875 0.869921875 0.071875 0.075390625