0 0.9640625 0.734765625 0.059765625 0.065234375
0 0.819921875 0.598046875 0.068359375 0.0828125
0 0.88203125 0.734765625 0.07578125 0.054296875
0 0.618359375 0.75 0.051171875 0.07109375
0 0.63046875 0.81484375 0.062109375 0.066796875
0 0.294921875 0.651171875 0.05859375 0.0640625
0 0.062109375 0.71328125 0.069921875 0.07265625
0 0.19921875 0.727734375 0.081640625 0.06796875
0 0.29765625 0.830078125 0.061328125 0.06875
0 0.016015625 0.811328125 0.03203125 0.06796875
0 0.07421875 0.884375 0.086328125 0.05625