0 0.1515625 0.77734375 0.08046875 0.103515625
0 0.111328125 0.6859375 0.072265625 0.072265625
0 0.498046875 0.681640625 0.0734375 0.07890625
0 0.32890625 0.723828125 0.0578125 0.087109375
0 0.53046875 0.762109375 0.0671875 0.076953125
0 0.4609375 0.7609375 0.073046875 0.06875
0 0.3765625 0.780078125 0.05546875 0.08125
0 0.41796875 0.783984375 0.0515625 0.0796875
0 0.4828125 0.8109375 0.08515625 0.051171875
0 0.37265625 0.86015625 0.071875 0.062890625
0 0.4390625 0.879296875 0.09140625 0.06328125
0 0.4015625 0.916015625 0.10078125 0.062890625
0 0.616796875 0.86328125 0.076953125 0.06484375
0 0.57109375 0.8453125 0.0625 0.079296875
0 0.55859375 0.81796875 0.058984375 0.0609375
0 0.514453125 0.868359375 0.066015625 0.078125
0 0.522265625 0.914453125 0.052734375 0.05859375
0 0.565234375 0.908984375 0.060546875 0.06484375
0 0.616015625 0.905078125 0.07265625 0.059765625
0 0.086328125 0.807421875 0.06875 0.081640625
0 0.031640625 0.635546875 0.062890625 0.066015625
0 0.776171875 0.87890625 0.068359375 0.04921875
0 0.89765625 0.605859375 0.0640625 0.08046875
0 0.771484375 0.600390625 0.070703125 0.072265625
0 0.75390625 0.66875 0.0640625 0.093359375
0 0.819921875 0.67421875 0.069921875 0.09296875
0 0.9484375 0.184765625 0.08515625 0.08671875
0 0.9890625 0.13359375 0.021875 0.0515625
0 0.98515625 0.070703125 0.0296875 0.04765625
0 0.966015625 0.11328125 0.057421875 0.08046875
0 0.92734375 0.11875 0.06015625 0.069140625
0 0.9515625 0.072265625 0.0515625 0.040234375
0 0.908984375 0.076953125 0.039453125 0.062109375
0 0.87890625 0.07890625 0.0515625 0.06640625
0 0.8375 0.0765625 0.057421875 0.065625
0 0.821875 0.114453125 0.054296875 0.09140625
0 0.8703125 0.162109375 0.06796875 0.094140625
0 0.78828125 0.096484375 0.05546875 0.0796875
0 0.594921875 0.0859375 0.076953125 0.06171875
0 0.7390625 0.077734375 0.079296875 0.053515625
0 0.673828125 0.09453125 0.04765625 0.092578125
0 0.6375 0.10390625 0.0546875 0.089453125
0 0.695703125 0.13125 0.05390625 0.10390625
0 0.73359375 0.11015625 0.062109375 0.060546875
0 0.733984375 0.173828125 0.051171875 0.08984375
0 0.7703125 0.157421875 0.06328125 0.074609375
0 0.615234375 0.16484375 0.059765625 0.06640625
0 0.691015625 0.201171875 0.0703125 0.077734375
0 0.62578125 0.22265625 0.078515625 0.06015625
0 0.567578125 0.250390625 0.065234375 0.08828125
0 0.6234375 0.299609375 0.0765625 0.062890625
0 0.301171875 0.103125 0.07578125 0.084765625
0 0.223046875 0.121484375 0.069140625 0.086328125
0 0.40703125 0.0765625 0.0734375 0.074609375
0 0.478125 0.0828125 0.084375 0.06484375
0 0.442578125 0.121484375 0.081640625 0.062109375
0 0.535546875 0.17421875 0.07734375 0.083203125
0 0.248046875 0.27265625 0.065234375 0.079296875
0 0.3234375 0.184375 0.08125 0.06953125
0 0.360546875 0.243359375 0.066796875 0.087109375
0 0.461328125 0.299609375 0.07734375 0.07109375
0 0.312890625 0.347265625 0.06171875 0.09375
0 0.53359375 0.33984375 0.058984375 0.07421875
0 0.384765625 0.452734375 0.0703125 0.083203125
0 0.028515625 0.12890625 0.05 0.088671875
0 0.06875 0.1015625 0.05703125 0.100390625
0 0.025 0.074609375 0.05 0.05703125