0 0.365625 0.50078125 0.054296875 0.078515625
0 0.041796875 0.615625 0.07421875 0.080078125
0 0.036328125 0.73125 0.07265625 0.059375
0 0.201953125 0.80234375 0.080078125 0.062890625
0 0.0234375 0.8921875 0.046875 0.039453125
0 0.30078125 0.926171875 0.06171875 0.052734375
0 0.28671875 0.888671875 0.06875 0.0484375
0 0.278515625 0.839453125 0.04765625 0.074609375
0 0.311328125 0.809765625 0.048828125 0.091796875
0 0.401953125 0.887109375 0.083984375 0.0625
0 0.461328125 0.844140625 0.085546875 0.0625
0 0.444140625 0.7453125 0.053515625 0.0875
0 0.669140625 0.80859375 0.073828125 0.06328125
0 0.751953125 0.873828125 0.051953125 0.059375
0 0.82578125 0.87890625 0.0546875 0.051953125
0 0.898828125 0.84375 0.0625 0.071875
0 0.909375 0.716796875 0.06640625 0.065625