0 0.849609375 0.111328125 0.086328125 0.073046875
0 0.755078125 0.1125 0.06796875 0.0703125
0 0.751171875 0.4609375 0.066796875 0.080078125
0 0.621875 0.42578125 0.087890625 0.057421875
0 0.56640625 0.842578125 0.063671875 0.07421875
0 0.621875 0.8546875 0.072265625 0.07265625
0 0.4375 0.8890625 0.08671875 0.070703125
0 0.072265625 0.0890625 0.07265625 0.07578125
0 0.0515625 0.125 0.0703125 0.08125
0 0.367578125 0.14921875 0.08359375 0.058984375
0 0.381640625 0.2078125 0.07890625 0.074609375
0 0.023046875 0.091015625 0.04609375 0.074609375