0 0.165234375 0.06953125 0.096484375 0.06875
0 0.508984375 0.174609375 0.07109375 0.073828125
0 0.375390625 0.181640625 0.0828125 0.0765625
0 0.340234375 0.2421875 0.07890625 0.066796875
0 0.1671875 0.42265625 0.076953125 0.082421875
0 0.14921875 0.824609375 0.0703125 0.116796875
0 0.811328125 0.53828125 0.073046875 0.085546875
0 0.9671875 0.84609375 0.065625 0.0703125
0 0.48828125 0.614453125 0.0828125 0.066015625
0 0.3234375 0.726953125 0.096484375 0.066015625
0 0.40859375 0.746875 0.075 0.058984375
0 0.58515625 0.75234375 0.084765625 0.06015625
0 0.348828125 0.874609375 0.053515625 0.084375
0 0.39296875 0.875 0.053515625 0.08359375
0 0.44375 0.893359375 0.073046875 0.053125
0 0.47734375 0.876171875 0.046875 0.06015625
0 0.515234375 0.86484375 0.048828125 0.074609375
0 0.479296875 0.81953125 0.05078125 0.066015625
0 0.437109375 0.83515625 0.0546875 0.0875
0 0.54296875 0.8359375 0.049609375 0.07578125
0 0.559765625 0.881640625 0.053515625 0.05703125
0 0.594921875 0.8296875 0.07109375 0.06875
0 0.5953125 0.884375 0.04296875 0.07265625
0 0.630078125 0.896484375 0.05546875 0.05234375
0 0.634375 0.85078125 0.0546875 0.06015625
0 0.660546875 0.831640625 0.0546875 0.08046875
0 0.669921875 0.885546875 0.0515625 0.070703125
0 0.70546875 0.876953125 0.060546875 0.08359375
0 0.74375 0.871875 0.060546875 0.094140625
0 0.78671875 0.84375 0.056640625 0.0796875
0 0.806640625 0.89140625 0.069140625 0.053125
0 0.819921875 0.850390625 0.046875 0.07265625
0 0.855859375 0.8875 0.05078125 0.06875
0 0.851171875 0.837109375 0.05859375 0.077734375
0 0.89453125 0.841015625 0.0515625 0.09140625
0 0.891015625 0.88671875 0.056640625 0.066015625
0 0.93828125 0.876953125 0.06328125 0.071875