0 0.09609375 0.872265625 0.029296875 0.0203125
0 0.40546875 0.873046875 0.069921875 0.05859375
0 0.47265625 0.834765625 0.047265625 0.065234375
0 0.469140625 0.89140625 0.065625 0.042578125
0 0.51875 0.852734375 0.060546875 0.078125
0 0.502734375 0.903515625 0.04765625 0.04609375
0 0.555859375 0.9 0.0796875 0.0578125
0 0.57421875 0.87734375 0.0578125 0.080078125
0 0.622265625 0.85546875 0.057421875 0.085546875
0 0.633984375 0.771484375 0.082421875 0.057421875
0 0.69140625 0.83203125 0.07265625 0.070703125
0 0.719921875 0.767578125 0.065234375 0.07109375
0 0.751171875 0.788671875 0.0578125 0.065625
0 0.367578125 0.56484375 0.0796875 0.053125
0 0.31171875 0.51015625 0.069921875 0.071875
0 0.87890625 0.818359375 0.0875 0.076953125
0 0.81171875 0.866796875 0.0578125 0.083984375
0 0.74609375 0.900390625 0.079296875 0.048828125
0 0.75078125 0.844140625 0.067578125 0.067578125
0 0.771875 0.819140625 0.086328125 0.051171875
0 0.846875 0.908203125 0.08515625 0.05859375
0 0.91875 0.916015625 0.08828125 0.04453125
0 0.888671875 0.8671875 0.08125 0.061328125
0 0.941796875 0.88671875 0.0609375 0.080078125
0 0.94140625 0.814453125 0.0671875 0.0734375
0 0.9796875 0.8640625 0.040234375 0.063671875
0 0.97890625 0.8015625 0.0421875 0.07109375
0 0.973046875 0.9 0.05390625 0.067578125
0 0.9765625 0.445703125 0.046484375 0.076171875
0 0.903125 0.328125 0.06953125 0.070703125
0 0.808203125 0.140625 0.07734375 0.068359375
0 0.71953125 0.175 0.08125 0.054296875
0 0.74921875 0.13828125 0.0765625 0.055859375
0 0.770703125 0.1015625 0.073828125 0.05859375
0 0.798046875 0.082421875 0.0640625 0.06953125
0 0.73671875 0.06953125 0.054296875 0.068359375
0 0.687109375 0.065234375 0.071875 0.049609375
0 0.691015625 0.116796875 0.0546875 0.06640625
0 0.647265625 0.12109375 0.049609375 0.0859375
0 0.5953125 0.135546875 0.062890625 0.075390625
0 0.6140625 0.0890625 0.042578125 0.073046875
0 0.582421875 0.069140625 0.06640625 0.05546875
0 0.553515625 0.07421875 0.057421875 0.066015625
0 0.54453125 0.175390625 0.053515625 0.08125
0 0.551953125 0.121484375 0.055078125 0.049609375
0 0.537109375 0.069140625 0.084765625 0.053125
0 0.51484375 0.116015625 0.055078125 0.069921875
0 0.48125 0.171484375 0.055078125 0.069921875
0 0.480859375 0.071875 0.05703125 0.051953125
0 0.491015625 0.1296875 0.048046875 0.07109375
0 0.43515625 0.1640625 0.050390625 0.0703125
0 0.442578125 0.111328125 0.071875 0.058203125
0 0.438671875 0.069921875 0.068359375 0.048046875
0 0.401171875 0.069921875 0.065625 0.050390625
0 0.4 0.125390625 0.059765625 0.0703125
0 0.396875 0.18046875 0.062109375 0.0609375
0 0.370703125 0.214453125 0.0609375 0.080078125
0 0.30859375 0.228125 0.0703125 0.067578125
0 0.336328125 0.16640625 0.071875 0.0578125
0 0.370703125 0.111328125 0.054296875 0.06953125
0 0.35390625 0.07421875 0.0609375 0.056640625
0 0.330078125 0.124609375 0.0640625 0.074609375
0 0.3109375 0.077734375 0.062109375 0.0703125
0 0.26875 0.121875 0.08203125 0.05390625
0 0.273828125 0.18671875 0.06953125 0.07578125
0 0.226953125 0.1953125 0.04609375 0.090625
0 0.219921875 0.137109375 0.0796875 0.0484375
0 0.2125 0.098046875 0.07578125 0.039453125
0 0.28046875 0.070703125 0.060546875 0.058203125
0 0.230859375 0.06875 0.065625 0.05234375
0 0.1890625 0.066796875 0.071484375 0.04375
0 0.160546875 0.14609375 0.06796875 0.06171875
0 0.1765625 0.084375 0.062109375 0.065234375
0 0.131640625 0.0765625 0.05 0.071875
0 0.111328125 0.133203125 0.06953125 0.083203125
0 0.0984375 0.070703125 0.05390625 0.05859375
0 0.06640625 0.088671875 0.059765625 0.09453125
0 0.030078125 0.12421875 0.06015625 0.078125
0 0.026953125 0.076953125 0.053515625 0.051953125