0 0.33828125 0.63828125 0.072265625 0.083984375
0 0.38671875 0.612890625 0.053515625 0.0546875
0 0.430859375 0.551953125 0.051171875 0.059375
0 0.461328125 0.5234375 0.054296875 0.07734375
0 0.534375 0.498828125 0.06640625 0.0625
0 0.61796875 0.7171875 0.061328125 0.08671875
0 0.5390625 0.762109375 0.05859375 0.0734375
0 0.370703125 0.795703125 0.057421875 0.084375
0 0.399609375 0.73046875 0.07890625 0.057421875
0 0.47109375 0.7234375 0.06796875 0.076171875
0 0.56015625 0.66640625 0.05546875 0.066015625
0 0.48828125 0.640625 0.078515625 0.055078125
0 0.460546875 0.5875 0.0609375 0.04921875
0 0.43359375 0.596875 0.030078125 0.04453125
0 0.388671875 0.862109375 0.069140625 0.064453125
0 0.425 0.806640625 0.06328125 0.075
0 0.478125 0.808984375 0.05390625 0.08125
0 0.5171875 0.832421875 0.068359375 0.060546875
0 0.565625 0.823828125 0.05546875 0.06796875
0 0.328125 0.865625 0.06953125 0.08515625
0 0.243359375 0.724609375 0.06640625 0.044140625
0 0.244921875 0.79296875 0.10390625 0.050390625
0 0.2421875 0.76875 0.069921875 0.029296875
0 0.475390625 0.25078125 0.0609375 0.0578125
0 0.366796875 0.10546875 0.062109375 0.0609375
0 0.334765625 0.144140625 0.06953125 0.05546875
0 0.33671875 0.198046875 0.05859375 0.071484375
0 0.25546875 0.22890625 0.058203125 0.0703125
0 0.28359375 0.173828125 0.0390625 0.069140625
0 0.286328125 0.10390625 0.04921875 0.065625
0 0.2671875 0.144921875 0.061328125 0.047265625
0 0.251171875 0.11875 0.044140625 0.071484375
0 0.183203125 0.200390625 0.072265625 0.055859375
0 0.167578125 0.159375 0.05390625 0.05625
0 0.214453125 0.09296875 0.05234375 0.037109375
0 0.191796875 0.12421875 0.05703125 0.0609375
0 0.16953125 0.106640625 0.051171875 0.043359375
0 0.51796875 0.3859375 0.048828125 0.072265625
0 0.599609375 0.312109375 0.06875 0.10859375
0 0.66953125 0.2890625 0.052734375 0.078515625
0 0.764453125 0.269140625 0.0671875 0.07890625
0 0.82265625 0.312109375 0.0703125 0.06796875
0 0.791015625 0.371875 0.07109375 0.087890625
0 0.863671875 0.491796875 0.05859375 0.080859375
0 0.628125 0.474609375 0.05390625 0.082421875
0 0.68515625 0.4796875 0.066796875 0.060546875
0 0.58203125 0.53828125 0.069140625 0.067578125
0 0.576171875 0.598828125 0.080859375 0.059375
0 0.746875 0.5515625 0.066796875 0.05390625
0 0.73671875 0.597265625 0.06171875 0.0609375
0 0.772265625 0.614453125 0.055078125 0.078515625
0 0.89296875 0.639453125 0.0625 0.065625
0 0.930859375 0.652734375 0.048828125 0.06875
0 0.8140625 0.653125 0.087109375 0.05390625
0 0.48046875 0.412109375 0.05234375 0.082421875
0 0.5234375 0.453515625 0.04765625 0.051171875
0 0.470703125 0.459375 0.068359375 0.069140625
0 0.335546875 0.307421875 0.077734375 0.08046875
0 0.3703125 0.339453125 0.053125 0.062890625
0 0.391015625 0.29921875 0.062109375 0.051953125
0 0.445703125 0.32578125 0.068359375 0.075390625
0 0.481640625 0.3046875 0.068359375 0.053125
0 0.325390625 0.40859375 0.07109375 0.0796875
0 0.403515625 0.40390625 0.077734375 0.053515625
0 0.417578125 0.3578125 0.06875 0.0484375
0 0.148828125 0.3765625 0.05078125 0.059765625
0 0.14453125 0.303125 0.046875 0.06640625
0 0.190234375 0.35546875 0.06796875 0.05390625
0 0.19921875 0.31875 0.080078125 0.045703125
0 0.17578125 0.284375 0.056640625 0.040625
0 0.152734375 0.23671875 0.04921875 0.0625
0 0.1828125 0.23515625 0.050390625 0.047265625
0 0.220703125 0.265234375 0.058984375 0.05703125
0 0.26953125 0.341015625 0.062890625 0.10390625
0 0.26328125 0.281640625 0.065625 0.055859375
0 0.2453125 0.387890625 0.057421875 0.06640625
0 0.19375 0.391796875 0.0765625 0.041796875
0 0.156640625 0.427734375 0.05703125 0.063671875
0 0.212890625 0.42421875 0.052734375 0.04140625
0 0.236328125 0.461328125 0.073828125 0.051953125
0 0.3171875 0.46484375 0.057421875 0.0640625
0 0.369921875 0.439453125 0.0703125 0.0515625
0 0.3625 0.481640625 0.06875 0.048046875
0 0.28984375 0.495703125 0.0578125 0.078125
0 0.248828125 0.5140625 0.049609375 0.07421875
0 0.15625 0.464453125 0.056640625 0.041796875
0 0.20078125 0.491796875 0.053515625 0.05625
0 0.218359375 0.54921875 0.063671875 0.053515625
0 0.259375 0.569140625 0.0453125 0.065625
0 0.208203125 0.58828125 0.08203125 0.038671875
0 0.14375 0.605859375 0.046875 0.041015625
0 0.1390625 0.571484375 0.03125 0.04375
0 0.180859375 0.547265625 0.053515625 0.0515625
0 0.139453125 0.521484375 0.03828125 0.0578125
0 0.166015625 0.501953125 0.05703125 0.037109375
0 0.212109375 0.662109375 0.05546875 0.078125
0 0.19296875 0.62578125 0.058984375 0.03203125
0 0.163671875 0.70703125 0.05390625 0.03125
0 0.1515625 0.683984375 0.044140625 0.04609375
0 0.157421875 0.646484375 0.06328125 0.031640625
0 0.18203125 0.68046875 0.0421875 0.038671875
0 0.284765625 0.81640625 0.063671875 0.055859375
0 0.224609375 0.864453125 0.044921875 0.062890625
0 0.2390625 0.8375 0.040625 0.05
0 0.255859375 0.87109375 0.037109375 0.042578125
0 0.2875 0.874609375 0.044140625 0.05390625
0 0.1859375 0.84609375 0.065234375 0.052734375
0 0.15859375 0.74296875 0.051171875 0.041796875
0 0.162890625 0.7890625 0.04609375 0.040625
0 0.19609375 0.789453125 0.053515625 0.048828125
0 0.202734375 0.7234375 0.047265625 0.05625
0 0.20078125 0.759375 0.065625 0.041015625
0 0.784765625 0.75625 0.0578125 0.08125
0 0.89609375 0.731640625 0.0703125 0.0671875
0 0.89453125 0.78515625 0.0703125 0.05625
0 0.691796875 0.757421875 0.055078125 0.04765625
0 0.740625 0.759765625 0.051171875 0.071875
0 0.712109375 0.798828125 0.078125 0.04921875
0 0.741015625 0.838671875 0.081640625 0.051953125
0 0.767578125 0.88046875 0.07890625 0.062890625
0 0.830859375 0.875390625 0.056640625 0.064453125
0 0.981640625 0.336328125 0.03671875 0.06484375
0 0.887890625 0.52890625 0.0453125 0.080859375
0 0.92578125 0.519140625 0.069921875 0.066796875
0 0.953125 0.48984375 0.0484375 0.0703125
0 0.96796875 0.552734375 0.063671875 0.060546875
0 0.975390625 0.639453125 0.048828125 0.07421875
0 0.965234375 0.711328125 0.06953125 0.08046875
0 0.762109375 0.42265625 0.065234375 0.05859375
0 0.6390625 0.140625 0.071875 0.074609375
0 0.6671875 0.10390625 0.05546875 0.069921875
0 0.708203125 0.11875 0.053515625 0.083984375
0 0.7515625 0.0890625 0.05078125 0.062109375
0 0.734765625 0.136328125 0.0515625 0.070703125
0 0.733984375 0.190625 0.062890625 0.073828125
0 0.80234375 0.200390625 0.06328125 0.101171875
0 0.7859375 0.108203125 0.055078125 0.075
0 0.827734375 0.115234375 0.052734375 0.06640625
0 0.86640625 0.108203125 0.05703125 0.08359375
0 0.91484375 0.087890625 0.06328125 0.051953125
0 0.964453125 0.09453125 0.03828125 0.0703125
0 0.93203125 0.1203125 0.053125 0.05859375
0 0.90390625 0.1984375 0.090625 0.0625
0 0.90625 0.167578125 0.072265625 0.05078125
0 0.96171875 0.1796875 0.0515625 0.08984375
0 0.88828125 0.23125 0.0625 0.0515625
0 0.870703125 0.2765625 0.067578125 0.069921875
0 0.91796875 0.290234375 0.060546875 0.07734375
0 0.983984375 0.258984375 0.03203125 0.08671875
0 0.51796875 0.10703125 0.073828125 0.060546875
0 0.584375 0.1140625 0.053515625 0.07109375
0 0.4828125 0.138671875 0.063671875 0.067578125
0 0.508203125 0.171875 0.079296875 0.05234375
0 0.578515625 0.198046875 0.06640625 0.056640625
0 0.60078125 0.234375 0.05625 0.083203125
0 0.535546875 0.2265625 0.06015625 0.06796875
0 0.5359375 0.273046875 0.07734375 0.06640625
0 0.403125 0.10859375 0.046875 0.067578125
0 0.4390625 0.1140625 0.0453125 0.066015625
0 0.29609375 0.253515625 0.06171875 0.052734375
0 0.3421875 0.2578125 0.061328125 0.04140625
0 0.71328125 0.269140625 0.05703125 0.048828125
0 0.703125 0.316796875 0.077734375 0.053125
0 0.68203125 0.358984375 0.06171875 0.059765625
0 0.3859375 0.673046875 0.0640625 0.058984375
0 0.4203125 0.664453125 0.069140625 0.058203125
0 0.341796875 0.52265625 0.058203125 0.058203125
0 0.315625 0.568359375 0.07734375 0.069140625
0 0.55 0.4078125 0.071875 0.082421875
0 0.984765625 0.146875 0.03046875 0.057421875
0 0.98984375 0.1 0.0203125 0.0609375
0 0.219921875 0.173046875 0.069140625 0.06328125
0 0.40703125 0.503515625 0.075 0.0671875