0 0.87890625 0.8859375 0.058984375 0.066015625
0 0.317578125 0.8921875 0.07421875 0.055859375
0 0.4609375 0.8984375 0.071484375 0.064453125
0 0.043359375 0.650390625 0.08671875 0.06171875
0 0.019140625 0.686328125 0.03828125 0.06328125
0 0.23515625 0.63125 0.0796875 0.05390625
0 0.4015625 0.57421875 0.084375 0.0578125
0 0.4890625 0.671484375 0.048828125 0.0765625
0 0.78203125 0.60703125 0.05546875 0.0578125
0 0.802734375 0.702734375 0.058984375 0.059765625
0 0.593359375 0.653515625 0.0703125 0.053125
0 0.65078125 0.74140625 0.0703125 0.055078125
0 0.681640625 0.809765625 0.05546875 0.07265625
0 0.640625 0.830078125 0.0703125 0.06328125
0 0.646875 0.87421875 0.06484375 0.055859375
0 0.4078125 0.681640625 0.077734375 0.069921875
0 0.3296875 0.726953125 0.087109375 0.06328125
0 0.412109375 0.759375 0.06953125 0.064453125
0 0.4125 0.84140625 0.091015625 0.065234375
0 0.4640625 0.8125 0.0703125 0.059765625