0 0.971875 0.333984375 0.05625 0.07421875
0 0.895703125 0.290625 0.09609375 0.0546875
0 0.918359375 0.871875 0.06484375 0.051171875
0 0.629296875 0.833984375 0.07109375 0.08671875
0 0.4140625 0.599609375 0.054296875 0.089453125
0 0.020703125 0.7734375 0.04140625 0.065234375
0 0.011328125 0.86640625 0.02265625 0.052734375
0 0.05625 0.877734375 0.082421875 0.030078125
0 0.4984375 0.880859375 0.091015625 0.058203125
0 0.43203125 0.8421875 0.077734375 0.06796875
0 0.3671875 0.831640625 0.071875 0.0625
0 0.360546875 0.771875 0.06171875 0.09296875
0 0.084375 0.743359375 0.0875 0.05546875