0 0.080078125 0.120703125 0.0890625 0.085546875
0 0.025390625 0.1421875 0.05078125 0.0796875
0 0.018359375 0.20234375 0.03671875 0.084375
0 0.11328125 0.2953125 0.07265625 0.055859375
0 0.09765625 0.415625 0.0640625 0.09140625
0 0.043359375 0.423828125 0.06796875 0.078125
0 0.03515625 0.53203125 0.069921875 0.07265625
0 0.125390625 0.58515625 0.05859375 0.08828125
0 0.041015625 0.7484375 0.075 0.07890625
0 0.198046875 0.71796875 0.084765625 0.078515625
0 0.220703125 0.646875 0.08671875 0.052734375
0 0.260546875 0.756640625 0.0625 0.08203125
0 0.387890625 0.733203125 0.069921875 0.073828125
0 0.425 0.63828125 0.072265625 0.0546875
0 0.0359375 0.829296875 0.071875 0.06171875
0 0.09375 0.872265625 0.07578125 0.083984375
0 0.16640625 0.830859375 0.053515625 0.085546875
0 0.36015625 0.866015625 0.051953125 0.06953125
0 0.401953125 0.84765625 0.060546875 0.0671875
0 0.4109375 0.795703125 0.087890625 0.05859375
0 0.428515625 0.875390625 0.05234375 0.082421875
0 0.471875 0.840625 0.071484375 0.058203125
0 0.7546875 0.683984375 0.091796875 0.060546875
0 0.794921875 0.87890625 0.074609375 0.073828125
0 0.605078125 0.87109375 0.057421875 0.090625
0 0.628515625 0.802734375 0.086328125 0.06328125
0 0.716796875 0.880859375 0.069921875 0.06796875
0 0.683203125 0.83984375 0.055078125 0.087109375
0 0.55078125 0.871875 0.04921875 0.08203125
0 0.5234375 0.859375 0.046484375 0.086328125
0 0.497265625 0.872265625 0.034375 0.078515625
0 0.465625 0.886328125 0.04609375 0.076953125
0 0.7015625 0.6203125 0.06328125 0.08203125
0 0.44296875 0.451171875 0.06953125 0.071875
0 0.6875 0.10390625 0.076953125 0.059765625
0 0.64140625 0.16171875 0.064453125 0.080078125
0 0.66640625 0.21015625 0.063671875 0.064453125
0 0.729296875 0.117578125 0.054296875 0.09296875
0 0.7671875 0.113671875 0.05 0.0640625
0 0.8484375 0.3453125 0.06171875 0.0890625
0 0.980859375 0.469140625 0.03828125 0.0765625
0 0.95625 0.559765625 0.0875 0.051171875
0 0.955859375 0.841015625 0.065625 0.0640625
0 0.919921875 0.882421875 0.087109375 0.05390625
0 0.979296875 0.878125 0.04140625 0.051953125