0 0.116796875 0.077734375 0.07421875 0.07734375
0 0.216796875 0.112890625 0.06640625 0.08515625
0 0.234375 0.363671875 0.075390625 0.069921875
0 0.35078125 0.3671875 0.07421875 0.074609375
0 0.34140625 0.665234375 0.058984375 0.09609375
0 0.096875 0.783984375 0.08515625 0.06796875
0 0.055859375 0.827734375 0.07265625 0.1
0 0.290625 0.771484375 0.082421875 0.06796875
0 0.657421875 0.780859375 0.071484375 0.071875
0 0.45703125 0.775 0.078125 0.07109375
0 0.415234375 0.841796875 0.078515625 0.0765625
0 0.484375 0.863671875 0.059375 0.08203125
0 0.55078125 0.840625 0.07265625 0.06015625
0 0.658984375 0.864453125 0.055859375 0.085546875
0 0.608203125 0.848828125 0.065234375 0.078515625
0 0.61171875 0.901171875 0.08984375 0.057421875
0 0.9328125 0.823828125 0.10625 0.05859375
0 0.871484375 0.684765625 0.068359375 0.076953125
0 0.96484375 0.38046875 0.0703125 0.0765625
0 0.638671875 0.148828125 0.07265625 0.105078125