0 0.737109375 0.8 0.071875 0.069921875
0 0.821484375 0.807421875 0.066796875 0.077734375
0 0.6203125 0.79609375 0.0796875 0.058984375
0 0.484765625 0.789453125 0.062890625 0.0703125
0 0.530078125 0.853515625 0.057421875 0.07265625
0 0.56640625 0.86484375 0.04765625 0.072265625
0 0.601171875 0.84921875 0.0453125 0.063671875
0 0.679296875 0.9453125 0.0484375 0.0859375
0 0.80234375 0.911328125 0.049609375 0.03125
0 0.925 0.91484375 0.06328125 0.0296875
0 0.02734375 0.849609375 0.0546875 0.08671875
0 0.0171875 0.779296875 0.034375 0.05390625
0 0.062890625 0.756640625 0.0671875 0.0828125
0 0.177734375 0.678125 0.06015625 0.071875
0 0.083984375 0.8 0.090625 0.071484375
0 0.18046875 0.84296875 0.06171875 0.0734375
0 0.2859375 0.6484375 0.08203125 0.054296875
0 0.463671875 0.67734375 0.065234375 0.06796875
0 0.336328125 0.74140625 0.062109375 0.062109375
0 0.289453125 0.740234375 0.05390625 0.08671875
0 0.371484375 0.771875 0.08203125 0.061328125
0 0.31328125 0.791015625 0.08125 0.059375
0 0.071484375 0.5671875 0.0828125 0.065625
0 0.070703125 0.486328125 0.076171875 0.05546875
0 0.143359375 0.440234375 0.065234375 0.082421875
0 0.135546875 0.380078125 0.08671875 0.059765625
0 0.01171875 0.463671875 0.023046875 0.055859375
0 0.187109375 0.49296875 0.08046875 0.059765625
0 0.3421875 0.548828125 0.070703125 0.063671875
0 0.26953125 0.542578125 0.075390625 0.087109375
0 0.019921875 0.315625 0.03984375 0.0609375
0 0.06953125 0.255078125 0.0625 0.092578125
0 0.02890625 0.198046875 0.05 0.078515625
0 0.14140625 0.2078125 0.076953125 0.062109375
0 0.0140625 0.1484375 0.028125 0.0546875
0 0.05 0.0921875 0.044921875 0.04453125
0 0.08203125 0.098828125 0.042578125 0.071484375
0 0.012109375 0.094140625 0.02421875 0.053515625
0 0.028515625 0.13203125 0.040625 0.06328125
0 0.086328125 0.18359375 0.048828125 0.069921875
0 0.06015625 0.1296875 0.044140625 0.047265625
0 0.062890625 0.184765625 0.0453125 0.06171875
0 0.105078125 0.08046875 0.0484375 0.044140625
0 0.141796875 0.0859375 0.04375 0.05
0 0.18046875 0.098828125 0.040234375 0.061328125
0 0.208203125 0.167578125 0.05390625 0.08046875
0 0.17421875 0.155078125 0.03984375 0.08125
0 0.10703125 0.145703125 0.04375 0.06953125
0 0.108203125 0.1453125 0.046484375 0.069921875
0 0.133984375 0.114453125 0.059375 0.0359375
0 0.14765625 0.15390625 0.046875 0.060546875
0 0.2015625 0.116796875 0.0453125 0.04375
0 0.221484375 0.0828125 0.05625 0.0328125
0 0.235546875 0.1265625 0.0484375 0.087109375
0 0.274609375 0.08203125 0.054296875 0.042578125
0 0.285546875 0.175 0.09296875 0.0484375
0 0.276953125 0.146875 0.056640625 0.030078125
0 0.281640625 0.102734375 0.03515625 0.058203125
0 0.371484375 0.0875 0.034375 0.046484375
0 0.342578125 0.188671875 0.051171875 0.072265625
0 0.47265625 0.093359375 0.043359375 0.062890625
0 0.4421875 0.090625 0.020703125 0.043359375
0 0.405859375 0.09296875 0.051171875 0.05234375
0 0.320703125 0.135546875 0.0375 0.048046875
0 0.31796875 0.094140625 0.040625 0.059375
0 0.341796875 0.090625 0.03671875 0.04375
0 0.3546875 0.130078125 0.04375 0.053515625
0 0.3890625 0.1625 0.0390625 0.077734375
0 0.40859375 0.18671875 0.038671875 0.05546875
0 0.433203125 0.12578125 0.044921875 0.073046875
0 0.391796875 0.1296875 0.04609375 0.04609375
0 0.44375 0.164453125 0.0421875 0.08046875
0 0.478125 0.157421875 0.04921875 0.063671875
0 0.49921875 0.10390625 0.030078125 0.06015625
0 0.532421875 0.1 0.033984375 0.059375
0 0.516796875 0.157421875 0.0453125 0.071484375
0 0.24921875 0.2484375 0.060546875 0.09140625
0 0.295703125 0.209375 0.07265625 0.03984375
0 0.3078125 0.250390625 0.068359375 0.051171875
0 0.423046875 0.237109375 0.05390625 0.06640625
0 0.34921875 0.27109375 0.04609375 0.07890625
0 0.37890625 0.305078125 0.0515625 0.08359375
0 0.522265625 0.303125 0.0859375 0.054296875
0 0.427734375 0.309375 0.05390625 0.083203125
0 0.937890625 0.7890625 0.087109375 0.063671875
0 0.621484375 0.71171875 0.06015625 0.077734375
0 0.65625 0.596875 0.069921875 0.069921875
0 0.665625 0.54296875 0.07265625 0.051953125
0 0.77578125 0.542578125 0.084765625 0.05234375
0 0.891015625 0.486328125 0.09765625 0.061328125
0 0.9078125 0.65234375 0.05859375 0.090625
0 0.9640625 0.548828125 0.071875 0.04765625
0 0.866015625 0.6953125 0.0609375 0.081640625
0 0.809375 0.71796875 0.072265625 0.0640625
0 0.7984375 0.66171875 0.0484375 0.08359375
0 0.754296875 0.66015625 0.05703125 0.07265625
0 0.797265625 0.605078125 0.051953125 0.075390625
0 0.753125 0.595703125 0.05703125 0.07265625
0 0.71796875 0.5671875 0.04765625 0.0875
0 0.628125 0.437890625 0.069140625 0.05546875
0 0.75234375 0.474609375 0.06953125 0.06796875
0 0.909375 0.339453125 0.072265625 0.05625
0 0.777734375 0.2953125 0.054296875 0.08515625
0 0.865234375 0.271484375 0.058203125 0.069140625
0 0.80234375 0.35078125 0.06796875 0.082421875
0 0.630078125 0.26875 0.071875 0.066015625
0 0.549609375 0.2140625 0.05078125 0.077734375
0 0.632421875 0.1984375 0.059765625 0.083203125
0 0.5640625 0.10703125 0.07109375 0.05546875
0 0.58984375 0.137109375 0.0453125 0.065234375
0 0.61875 0.112890625 0.055859375 0.065625
0 0.655859375 0.11171875 0.048828125 0.063671875
0 0.688671875 0.171875 0.065234375 0.05625
0 0.73125 0.098828125 0.078125 0.0421875
0 0.742578125 0.183984375 0.075 0.046484375
0 0.719140625 0.136328125 0.046875 0.051171875
0 0.755078125 0.133203125 0.03984375 0.060546875
0 0.790625 0.1234375 0.049609375 0.074609375
0 0.778125 0.165234375 0.047265625 0.0734375
0 0.933984375 0.1265625 0.046484375 0.088671875
0 0.90078125 0.098046875 0.062890625 0.044921875
0 0.862890625 0.10078125 0.039453125 0.045703125
0 0.8328125 0.115234375 0.047265625 0.059765625
0 0.863671875 0.160546875 0.0328125 0.075
0 0.823828125 0.17578125 0.046875 0.08125
0 0.903125 0.1375 0.054296875 0.048828125
0 0.896484375 0.18046875 0.04921875 0.07109375
0 0.9890625 0.126171875 0.021875 0.08203125
0 0.971484375 0.11796875 0.036328125 0.066796875
0 0.9484375 0.09375 0.037890625 0.032421875