0 0.96640625 0.878515625 0.0671875 0.066796875
0 0.64140625 0.703515625 0.0765625 0.05703125
0 0.56640625 0.711328125 0.0765625 0.057421875
0 0.521484375 0.7546875 0.046484375 0.078125
0 0.571875 0.39921875 0.075390625 0.055078125
0 0.590625 0.127734375 0.078125 0.06796875
0 0.358984375 0.108984375 0.077734375 0.05546875
0 0.349609375 0.17109375 0.090234375 0.0609375
0 0.162109375 0.161328125 0.078515625 0.063671875
0 0.380859375 0.277734375 0.06796875 0.07109375
0 0.244140625 0.512109375 0.057421875 0.055859375
0 0.110546875 0.500390625 0.078515625 0.06953125
0 0.0546875 0.480078125 0.059765625 0.080078125
0 0.11796875 0.43671875 0.0703125 0.0765625
0 0.0671875 0.412109375 0.087890625 0.05078125