0 0.20703125 0.11171875 0.0640625 0.084375
0 0.303125 0.14609375 0.04765625 0.078125
0 0.212890625 0.25 0.062890625 0.0609375
0 0.134765625 0.536328125 0.062890625 0.058203125
0 0.46640625 0.539453125 0.052734375 0.078125
0 0.24140625 0.734375 0.092578125 0.05703125
0 0.1296875 0.85703125 0.069921875 0.055078125
0 0.165234375 0.865625 0.056640625 0.064453125
0 0.232421875 0.870703125 0.05859375 0.062890625
0 0.319140625 0.88828125 0.066015625 0.067578125
0 0.376953125 0.8765625 0.044921875 0.076171875
0 0.417578125 0.877734375 0.045703125 0.078515625
0 0.481640625 0.846484375 0.06953125 0.0546875
0 0.541015625 0.88359375 0.05703125 0.053125
0 0.497265625 0.896875 0.055078125 0.059765625
0 0.65859375 0.85859375 0.0546875 0.08203125
0 0.98046875 0.8296875 0.0390625 0.070703125
0 0.836328125 0.7984375 0.0671875 0.067578125
0 0.872265625 0.69296875 0.0609375 0.084765625
0 0.91171875 0.657421875 0.09453125 0.0453125
0 0.640625 0.657421875 0.058203125 0.077734375
0 0.5890625 0.644921875 0.04453125 0.078515625
0 0.68359375 0.536328125 0.059765625 0.066015625
0 0.67890625 0.2625 0.0609375 0.07890625
0 0.77109375 0.240234375 0.071484375 0.06171875
0 0.830859375 0.1625 0.058984375 0.059375
0 0.96328125 0.13046875 0.0734375 0.05625
0 0.92265625 0.186328125 0.078125 0.06171875
0 0.60625 0.150390625 0.06015625 0.069921875
0 0.56796875 0.217578125 0.06875 0.05390625
0 0.015625 0.52578125 0.03125 0.053515625