0 0.012109375 0.6875 0.02421875 0.0515625
0 0.00546875 0.743359375 0.0109375 0.05234375
0 0.05703125 0.532421875 0.090234375 0.0703125
0 0.396484375 0.465234375 0.06015625 0.1
0 0.564453125 0.6765625 0.087890625 0.053515625
0 0.31953125 0.65390625 0.079296875 0.066015625
0 0.432421875 0.7890625 0.076171875 0.082421875
0 0.32890625 0.7859375 0.096484375 0.055078125
0 0.36875 0.831640625 0.08828125 0.058984375
0 0.383203125 0.903515625 0.0859375 0.055859375
0 0.3515625 0.880078125 0.047265625 0.058203125
0 0.31875 0.846484375 0.06015625 0.07734375
0 0.2421875 0.80546875 0.080078125 0.0578125
0 0.173046875 0.821875 0.091796875 0.078515625
0 0.099609375 0.756640625 0.087890625 0.0671875
0 0.807421875 0.458984375 0.095703125 0.058203125
0 0.85859375 0.651953125 0.0875 0.069921875
0 0.249609375 0.848828125 0.08125 0.070703125
0 0.31328125 0.901953125 0.062890625 0.062109375
0 0.269140625 0.902734375 0.071484375 0.06484375
0 0.220703125 0.916796875 0.08046875 0.045703125
0 0.21484375 0.8703125 0.063671875 0.06953125
0 0.1671875 0.880078125 0.0578125 0.063671875
0 0.148046875 0.89453125 0.063671875 0.0796875
0 0.087890625 0.915625 0.071484375 0.051171875
0 0.050390625 0.910546875 0.045703125 0.06015625
0 0.01953125 0.90703125 0.0390625 0.06875
0 0.084765625 0.873828125 0.08125 0.059765625
0 0.101171875 0.814453125 0.07734375 0.062890625
0 0.059765625 0.85703125 0.07578125 0.065625
0 0.019140625 0.85234375 0.03828125 0.065625
0 0.013671875 0.802734375 0.02734375 0.055078125
0 0.047265625 0.806640625 0.07265625 0.062890625
0 0.034375 0.42890625 0.06875 0.058203125
0 0.71484375 0.287109375 0.0859375 0.0625
0 0.7390625 0.344140625 0.07578125 0.06015625
0 0.6671875 0.350390625 0.090625 0.097265625
0 0.5984375 0.35078125 0.05703125 0.084375
0 0.38671875 0.23828125 0.062890625 0.084375
0 0.41796875 0.3015625 0.000390625 0.00078125
0 0.240625 0.318359375 0.134375 0.1046875
0 0.122265625 0.234375 0.079296875 0.084375
0 0.009765625 0.233984375 0.01953125 0.02890625
0 0.40859375 0.12734375 0.0703125 0.062109375
0 0.42265625 0.0859375 0.071484375 0.07421875
0 0.46640625 0.0765625 0.062109375 0.0734375
0 0.353125 0.0953125 0.083203125 0.06328125
0 0.350390625 0.069140625 0.0765625 0.043359375
0 0.271484375 0.115625 0.06484375 0.096484375
0 0.2265625 0.094921875 0.053125 0.084375
0 0.20078125 0.119140625 0.0921875 0.062109375
0 0.158984375 0.1484375 0.076953125 0.066015625
0 0.11953125 0.138671875 0.05390625 0.0734375
0 0.17578125 0.081640625 0.063671875 0.062890625
0 0.130859375 0.086328125 0.065234375 0.0671875
0 0.0859375 0.0984375 0.056640625 0.096875
0 0.051171875 0.107421875 0.047265625 0.09140625
0 0.012109375 0.2015625 0.02421875 0.0421875
0 0.020703125 0.166015625 0.04140625 0.05859375
0 0.0265625 0.13046875 0.053125 0.0546875
0 0.025390625 0.08046875 0.05078125 0.05859375
0 0.508203125 0.077734375 0.06953125 0.0875
0 0.526953125 0.128515625 0.06796875 0.06953125
0 0.5453125 0.155859375 0.05078125 0.08828125
0 0.642578125 0.180859375 0.07578125 0.07890625
0 0.584765625 0.126953125 0.04921875 0.087890625
0 0.557421875 0.087890625 0.0671875 0.0640625
0 0.6234375 0.12734375 0.05 0.098046875
0 0.66328125 0.119921875 0.051171875 0.09375
0 0.711328125 0.152734375 0.073046875 0.071875
0 0.773046875 0.163671875 0.080078125 0.066796875
0 0.75 0.123828125 0.0671875 0.040625
0 0.702734375 0.1046875 0.054296875 0.064453125
0 0.619921875 0.071875 0.08125 0.05625
0 0.685546875 0.073828125 0.080078125 0.062890625
0 0.748046875 0.07890625 0.05546875 0.06171875
0 0.773828125 0.10234375 0.053125 0.06328125
0 0.87265625 0.19375 0.079296875 0.0765625
0 0.9515625 0.766015625 0.096875 0.06328125
0 0.978125 0.183984375 0.043359375 0.06953125
0 0.832421875 0.121484375 0.093359375 0.06953125
0 0.8046875 0.071484375 0.053125 0.066015625
0 0.844140625 0.07578125 0.044140625 0.06953125
0 0.8734375 0.080078125 0.05625 0.090625
0 0.914453125 0.076171875 0.05859375 0.075390625
0 0.961328125 0.06875 0.06875 0.0578125
0 0.975390625 0.0859375 0.04921875 0.071875
0 0.97265625 0.132421875 0.054296875 0.070703125
0 0.93203125 0.120703125 0.08359375 0.084765625