0 0.980078125 0.673828125 0.03984375 0.064453125
0 0.926953125 0.894140625 0.06953125 0.0484375
0 0.871484375 0.898046875 0.05234375 0.05625
0 0.812890625 0.88203125 0.061328125 0.06796875
0 0.698046875 0.86328125 0.067578125 0.086328125
0 0.645703125 0.878125 0.05859375 0.08359375
0 0.454296875 0.875390625 0.0640625 0.08515625
0 0.337109375 0.48984375 0.0875 0.062890625
0 0.883984375 0.120703125 0.0875 0.064453125
0 0.850390625 0.234765625 0.078515625 0.074609375
0 0.38359375 0.196875 0.09375 0.0671875