0 0.9734375 0.5078125 0.053125 0.0515625
0 0.83828125 0.68359375 0.076953125 0.07109375
0 0.731640625 0.6328125 0.0609375 0.073828125
0 0.724609375 0.72734375 0.07109375 0.056640625
0 0.616796875 0.78828125 0.05625 0.074609375
0 0.76484375 0.891796875 0.061328125 0.064453125
0 0.80703125 0.896875 0.05703125 0.064453125
0 0.58515625 0.8578125 0.062109375 0.0640625
0 0.61875 0.89296875 0.05859375 0.056640625
0 0.670703125 0.842578125 0.084765625 0.064453125
0 0.66875 0.88203125 0.06953125 0.0515625
0 0.88515625 0.8953125 0.058203125 0.06953125
0 0.853125 0.90703125 0.053515625 0.04921875
0 0.909765625 0.88203125 0.058984375 0.082421875
0 0.45859375 0.873828125 0.060546875 0.062109375
0 0.4328125 0.885546875 0.05703125 0.065234375
0 0.196875 0.734765625 0.06796875 0.06015625
0 0.54375 0.633984375 0.051953125 0.071875
0 0.501953125 0.676171875 0.075390625 0.048046875
0 0.4859375 0.71796875 0.0875 0.050390625