0 0.087109375 0.577734375 0.06640625 0.07890625
0 0.153125 0.5375 0.0546875 0.071875
0 0.224609375 0.55703125 0.09453125 0.053125
0 0.27890625 0.63671875 0.0546875 0.0859375
0 0.409375 0.646875 0.0640625 0.084375
0 0.348046875 0.762109375 0.06640625 0.06953125
0 0.2609375 0.73984375 0.0734375 0.0734375
0 0.0421875 0.690625 0.0828125 0.0703125
0 0.008984375 0.89296875 0.01640625 0.05
0 0.165234375 0.8953125 0.06640625 0.0609375
0 0.310546875 0.884765625 0.04921875 0.06171875
0 0.358984375 0.890234375 0.04453125 0.06171875
0 0.40546875 0.890234375 0.05625 0.06484375
0 0.487109375 0.889453125 0.06640625 0.07265625
0 0.523046875 0.888671875 0.05703125 0.07578125
0 0.630078125 0.883984375 0.06953125 0.06171875
0 0.737890625 0.813671875 0.05390625 0.06328125
0 0.909375 0.685546875 0.0671875 0.07265625
0 0.941796875 0.63125 0.05859375 0.0921875