0 0.977734375 0.897265625 0.044140625 0.065625
0 0.70234375 0.728125 0.086328125 0.083203125
0 0.45859375 0.846875 0.09140625 0.0625
0 0.465234375 0.903125 0.069921875 0.053125
0 0.107421875 0.754296875 0.06484375 0.0484375
0 0.1109375 0.794921875 0.047265625 0.0453125
0 0.116015625 0.83046875 0.062890625 0.035546875
0 0.114453125 0.866796875 0.04375 0.0546875
0 0.136328125 0.87890625 0.054296875 0.05390625
0 0.13203125 0.59140625 0.07265625 0.05234375
0 0.4875 0.50078125 0.056640625 0.076171875
0 0.38515625 0.47265625 0.047265625 0.070703125
0 0.421875 0.475390625 0.071875 0.067578125
0 0.355078125 0.511328125 0.05859375 0.06953125
0 0.480078125 0.082421875 0.058203125 0.0828125
0 0.430859375 0.066015625 0.05703125 0.041796875
0 0.44375 0.109375 0.066796875 0.05
0 0.39921875 0.051953125 0.046484375 0.046484375
0 0.4015625 0.0859375 0.051953125 0.057421875
0 0.404296875 0.137109375 0.067578125 0.063671875
0 0.35859375 0.057421875 0.046875 0.053515625
0 0.27265625 0.309765625 0.050390625 0.071484375
0 0.32578125 0.314453125 0.0625 0.05390625
0 0.230859375 0.334765625 0.064453125 0.078125
0 0.265234375 0.472265625 0.06640625 0.071875
0 0.101171875 0.548828125 0.07109375 0.04296875
0 0.080859375 0.48203125 0.04921875 0.0484375
0 0.082421875 0.516796875 0.060546875 0.035546875
0 0.71171875 0.066015625 0.080859375 0.049609375
0 0.791015625 0.082421875 0.076171875 0.05859375
0 0.89609375 0.116796875 0.058984375 0.06640625
0 0.923046875 0.16171875 0.06328125 0.0640625
0 0.74609375 0.1765625 0.04453125 0.069921875
0 0.726953125 0.09375 0.06875 0.061328125
0 0.312109375 0.06796875 0.053125 0.068359375
0 0.34609375 0.096875 0.03046875 0.04453125
0 0.367578125 0.086328125 0.0296875 0.0453125
0 0.355078125 0.14609375 0.067578125 0.07265625
0 0.31640625 0.120703125 0.048828125 0.0625
0 0.28515625 0.06328125 0.0421875 0.0546875
0 0.255859375 0.062109375 0.030859375 0.04296875
0 0.2796875 0.107421875 0.0359375 0.0484375
0 0.098046875 0.094921875 0.03359375 0.036328125
0 0.12109375 0.087890625 0.039453125 0.037890625
0 0.2125 0.39765625 0.07890625 0.052734375
0 0.158984375 0.426953125 0.052734375 0.048046875
0 0.181640625 0.4109375 0.0609375 0.055859375
0 0.33125 0.3546875 0.065234375 0.049609375
0 0.288671875 0.3578125 0.06171875 0.049609375
0 0.278125 0.426171875 0.061328125 0.06796875
0 0.29921875 0.403125 0.066015625 0.04921875
0 0.349609375 0.408984375 0.058984375 0.073046875
0 0.119140625 0.48515625 0.051953125 0.034765625
0 0.125390625 0.5234375 0.045703125 0.04375
0 0.099609375 0.45625 0.058203125 0.048046875
0 0.14453125 0.453125 0.069921875 0.043359375
0 0.21015625 0.4875 0.05625 0.072265625
0 0.16328125 0.524609375 0.061328125 0.061328125
0 0.168359375 0.4796875 0.052734375 0.0484375
0 0.084375 0.426171875 0.066796875 0.03125
0 0.1 0.39375 0.0953125 0.051953125
0 0.305078125 0.25078125 0.0671875 0.07421875
0 0.0703125 0.284765625 0.079296875 0.0640625
0 0.067578125 0.323828125 0.048828125 0.064453125
0 0.091796875 0.3515625 0.039453125 0.049609375
0 0.11796875 0.3265625 0.048828125 0.062109375
0 0.14375 0.30390625 0.058203125 0.06328125
0 0.097265625 0.1296875 0.04375 0.044140625
0 0.128125 0.1125 0.03671875 0.037109375
0 0.148046875 0.080078125 0.0328125 0.04453125
0 0.172265625 0.07421875 0.03125 0.048828125
0 0.194921875 0.06875 0.03359375 0.040234375
0 0.221484375 0.061328125 0.044140625 0.040625
0 0.090625 0.180078125 0.04765625 0.054296875
0 0.112890625 0.1640625 0.03984375 0.04609375
0 0.1421875 0.158984375 0.042578125 0.066796875
0 0.173828125 0.173046875 0.043359375 0.0640625
0 0.2015625 0.1640625 0.043359375 0.060546875
0 0.151953125 0.11171875 0.043359375 0.040625
0 0.179296875 0.1171875 0.0359375 0.047265625
0 0.098828125 0.244921875 0.048828125 0.044140625
0 0.2328125 0.254296875 0.062109375 0.06953125
0 0.309375 0.162890625 0.0703125 0.040234375
0 0.301953125 0.190625 0.06484375 0.052734375
0 0.24921875 0.21796875 0.060546875 0.04140625
0 0.24921875 0.109375 0.04140625 0.056640625
0 0.208984375 0.123828125 0.04375 0.03984375
0 0.215625 0.088671875 0.0515625 0.0328125
0 0.090234375 0.212890625 0.034765625 0.0296875
0 0.130859375 0.21328125 0.055078125 0.03828125
0 0.137109375 0.251953125 0.055859375 0.037109375
0 0.166796875 0.277734375 0.06484375 0.037890625