0 0.917578125 0.77890625 0.08515625 0.06640625
0 0.890234375 0.569921875 0.095703125 0.05234375
0 0.8296875 0.694140625 0.064453125 0.08828125
0 0.675 0.675 0.06171875 0.094140625
0 0.697265625 0.780078125 0.0875 0.056640625
0 0.323046875 0.862890625 0.071484375 0.075390625
0 0.475 0.8703125 0.058203125 0.07578125
0 0.506640625 0.869140625 0.061328125 0.080859375
0 0.555859375 0.85390625 0.05625 0.089453125
0 0.644140625 0.8703125 0.084375 0.081640625
0 0.5296875 0.748828125 0.121875 0.069921875
0 0.487890625 0.793359375 0.06171875 0.08984375
0 0.371484375 0.787109375 0.0796875 0.066015625
0 0.3421875 0.715234375 0.0859375 0.071875
0 0.28671875 0.7265625 0.071875 0.06328125
0 0.474609375 0.540625 0.078125 0.06796875
0 0.37734375 0.46640625 0.085546875 0.054296875
0 0.253125 0.55 0.088671875 0.062890625
0 0.248828125 0.62109375 0.061328125 0.07734375
0 0.134765625 0.445703125 0.061328125 0.0859375
0 0.207421875 0.452734375 0.077734375 0.062109375
0 0.176171875 0.51953125 0.092578125 0.058203125
0 0.0734375 0.876953125 0.089453125 0.0609375
0 0.022265625 0.87734375 0.044140625 0.05234375
0 0.0234375 0.828515625 0.046875 0.05078125
0 0.09375 0.74921875 0.063671875 0.084765625
0 0.0453125 0.5796875 0.08359375 0.085546875
0 0.049609375 0.503125 0.065234375 0.076953125
0 0.24140625 0.141796875 0.059765625 0.084375
0 0.174609375 0.19140625 0.0921875 0.0828125
0 0.45078125 0.13046875 0.058984375 0.091015625
0 0.498828125 0.16796875 0.070703125 0.07890625
0 0.73828125 0.154296875 0.08671875 0.0609375
0 0.599609375 0.303515625 0.07265625 0.06171875
0 0.548046875 0.35390625 0.069140625 0.06953125
0 0.875 0.165234375 0.093359375 0.070703125
0 0.808984375 0.283984375 0.08984375 0.070703125
0 0.931640625 0.3265625 0.075 0.0734375