0 0.019921875 0.74609375 0.03828125 0.065625
0 0.060546875 0.755078125 0.07109375 0.05234375
0 0.039453125 0.789453125 0.06640625 0.04296875
0 0.184375 0.684765625 0.05625 0.07265625
0 0.36953125 0.608984375 0.0546875 0.06640625
0 0.40703125 0.53984375 0.0609375 0.0609375
0 0.460546875 0.387109375 0.08203125 0.05078125
0 0.9734375 0.490625 0.0484375 0.0703125
0 0.891796875 0.234375 0.05234375 0.078125
0 0.7921875 0.26796875 0.0484375 0.0703125
0 0.64140625 0.228515625 0.05625 0.07734375
0 0.641796875 0.1203125 0.07578125 0.071875
0 0.59375 0.113671875 0.0671875 0.05859375
0 0.451953125 0.078125 0.07578125 0.0578125
0 0.494921875 0.1203125 0.05234375 0.0765625
0 0.432421875 0.16328125 0.08359375 0.0765625
0 0.48671875 0.2 0.0390625 0.06875
0 0.532421875 0.20234375 0.05234375 0.05625
0 0.626171875 0.765234375 0.05703125 0.05859375
0 0.669921875 0.7671875 0.04609375 0.0703125
0 0.826171875 0.760546875 0.08203125 0.05234375
0 0.83984375 0.73203125 0.08125 0.046875
0 0.66953125 0.8796875 0.0390625 0.0640625
0 0.576953125 0.887890625 0.04921875 0.06484375
0 0.605859375 0.871875 0.05078125 0.0671875
0 0.6359375 0.890234375 0.0421875 0.06953125
0 0.14765625 0.09453125 0.05625 0.065625
0 0.250390625 0.15625 0.06484375 0.0671875
0 0.291796875 0.13984375 0.06328125 0.0546875
0 0.30546875 0.09375 0.0578125 0.053125
0 0.3359375 0.123046875 0.0578125 0.06796875
0 0.077734375 0.154296875 0.05703125 0.04765625
0 0.090625 0.08515625 0.05625 0.078125
0 0.039453125 0.180859375 0.07109375 0.05390625
0 0.05703125 0.07421875 0.046875 0.059375
0 0.01328125 0.163671875 0.025 0.05078125
0 0.025 0.131640625 0.0484375 0.05390625
0 0.0109375 0.08984375 0.0203125 0.0578125
0 0.0359375 0.09296875 0.0484375 0.06875