0 0.950390625 0.55234375 0.0734375 0.094921875
0 0.612890625 0.27109375 0.0796875 0.073046875
0 0.987109375 0.10390625 0.02578125 0.06875
0 0.962890625 0.09765625 0.058984375 0.069140625
0 0.93984375 0.151953125 0.089453125 0.063671875
0 0.894921875 0.078125 0.063671875 0.044921875
0 0.914453125 0.1328125 0.059375 0.079296875
0 0.861328125 0.13515625 0.06484375 0.078125
0 0.837890625 0.1625 0.080859375 0.067578125
0 0.82421875 0.09765625 0.0515625 0.08125
0 0.779296875 0.09140625 0.057421875 0.0625
0 0.71484375 0.073046875 0.092578125 0.04609375
0 0.731640625 0.109765625 0.079296875 0.0546875
0 0.78125 0.140625 0.055859375 0.0671875
0 0.725390625 0.18671875 0.094921875 0.057421875
0 0.720703125 0.15078125 0.0765625 0.048828125
0 0.685546875 0.1125 0.067578125 0.03359375
0 0.681640625 0.144140625 0.062109375 0.043359375
0 0.6328125 0.09453125 0.0796875 0.0671875
0 0.5984375 0.1375 0.0921875 0.060546875
0 0.60390625 0.1953125 0.05859375 0.08671875
0 0.654296875 0.187890625 0.076171875 0.056640625
0 0.70703125 0.230078125 0.0875 0.06484375
0 0.644921875 0.237890625 0.078515625 0.0640625
0 0.528125 0.156640625 0.06484375 0.080078125
0 0.490234375 0.162890625 0.048828125 0.090234375
0 0.437890625 0.1375 0.064453125 0.08828125
0 0.39921875 0.097265625 0.070703125 0.076953125
0 0.3703125 0.127734375 0.06953125 0.06875
0 0.3234375 0.1734375 0.077734375 0.062890625
0 0.309375 0.119921875 0.081640625 0.0609375
0 0.314453125 0.0765625 0.0859375 0.055859375
0 0.25 0.07734375 0.09296875 0.058984375
0 0.193359375 0.08515625 0.06796875 0.071484375
0 0.18515625 0.13359375 0.080078125 0.0546875
0 0.213671875 0.1765625 0.09140625 0.062890625
0 0.2140625 0.230078125 0.069140625 0.077734375
0 0.16328125 0.21796875 0.064453125 0.065625
0 0.0453125 0.2359375 0.062890625 0.07890625
0 0.13203125 0.233984375 0.087109375 0.065234375
0 0.153125 0.16953125 0.068359375 0.042578125
0 0.150390625 0.09375 0.044921875 0.059375
0 0.1203125 0.06640625 0.08984375 0.04296875
0 0.07734375 0.0703125 0.062109375 0.0546875
0 0.09453125 0.102734375 0.059765625 0.055859375
0 0.1203125 0.140625 0.06015625 0.0421875
0 0.069140625 0.133984375 0.058203125 0.05234375
0 0.07578125 0.21171875 0.046875 0.084375
0 0.103125 0.18203125 0.067578125 0.05390625
0 0.02421875 0.209765625 0.0484375 0.058984375
0 0.030078125 0.162890625 0.06015625 0.05546875
0 0.04453125 0.09140625 0.056640625 0.06875
0 0.023046875 0.1046875 0.04609375 0.0734375