0 0.018359375 0.158984375 0.036328125 0.066015625
0 0.408203125 0.296875 0.083984375 0.057421875
0 0.6734375 0.33359375 0.089453125 0.05859375
0 0.5890625 0.537890625 0.08359375 0.0578125
0 0.392578125 0.530859375 0.0859375 0.052734375
0 0.30546875 0.59609375 0.069140625 0.057421875
0 0.04375 0.74140625 0.0625 0.083203125
0 0.333203125 0.65859375 0.0546875 0.065625
0 0.3875 0.73671875 0.050390625 0.073046875
0 0.433203125 0.78359375 0.071875 0.053515625
0 0.537890625 0.80859375 0.06484375 0.05234375
0 0.48984375 0.8359375 0.04609375 0.066015625
0 0.52109375 0.8546875 0.05390625 0.062890625
0 0.76015625 0.83125 0.073828125 0.069921875
0 0.8375 0.830859375 0.059765625 0.070703125
0 0.876171875 0.8140625 0.059375 0.061328125
0 0.88828125 0.76875 0.05546875 0.068359375
0 0.913671875 0.8515625 0.06015625 0.0859375
0 0.987890625 0.8578125 0.02421875 0.0546875