0 0.60078125 0.576171875 0.0546875 0.07578125
0 0.8078125 0.365625 0.0703125 0.0859375
0 0.903515625 0.866796875 0.05859375 0.08203125
0 0.71484375 0.9546875 0.0484375 0.06875
0 0.469140625 0.809375 0.07265625 0.065625
0 0.25625 0.78359375 0.065625 0.0625
0 0.213671875 0.854296875 0.06796875 0.05859375
0 0.1453125 0.835546875 0.059375 0.06484375
0 0.02734375 0.790625 0.053125 0.084375
0 0.005078125 0.862109375 0.00859375 0.02421875
0 0.01875 0.70546875 0.0359375 0.075
0 0.1375 0.608203125 0.0875 0.05859375
0 0.066796875 0.520703125 0.05234375 0.07421875
0 0.020703125 0.530078125 0.03984375 0.07734375
0 0.01953125 0.44609375 0.0375 0.0765625
0 0.196875 0.448046875 0.0671875 0.05859375
0 0.10546875 0.3859375 0.06875 0.0671875
0 0.0765625 0.2890625 0.0765625 0.06875
0 0.0265625 0.290234375 0.0515625 0.06171875
0 0.0203125 0.24140625 0.0390625 0.06875
0 0.075390625 0.23359375 0.08203125 0.06875
0 0.084765625 0.17578125 0.05390625 0.078125
0 0.05625 0.119140625 0.0765625 0.06796875
0 0.016015625 0.122265625 0.03046875 0.07265625
0 0.021484375 0.178515625 0.04140625 0.05859375
0 0.646875 0.134375 0.084375 0.0609375
0 0.571484375 0.1234375 0.07578125 0.0609375
0 0.532421875 0.102734375 0.06953125 0.06328125
0 0.46171875 0.106640625 0.08125 0.07890625
0 0.43125 0.203125 0.0859375 0.05625
0 0.533203125 0.18203125 0.06171875 0.075
0 0.35625 0.27578125 0.0796875 0.05625
0 0.353125 0.21484375 0.059375 0.06875
0 0.31953125 0.242578125 0.0515625 0.06640625
0 0.205078125 0.255859375 0.04921875 0.07265625
0 0.136328125 0.1015625 0.07421875 0.0578125
0 0.191796875 0.109375 0.04453125 0.065625
0 0.235546875 0.115625 0.06953125 0.0703125
0 0.29765625 0.102734375 0.0765625 0.06171875
0 0.25625 0.225390625 0.053125 0.07421875
0 0.225390625 0.18046875 0.06015625 0.0734375
0 0.185546875 0.15703125 0.10390625 0.0546875
0 0.605859375 0.170703125 0.04921875 0.06796875