0 0.05859375 0.1546875 0.061328125 0.063671875
0 0.366796875 0.148046875 0.05703125 0.065234375
0 0.4140625 0.136328125 0.046875 0.065234375
0 0.440625 0.103125 0.0640625 0.0546875
0 0.7140625 0.146875 0.055078125 0.069921875
0 0.76328125 0.15703125 0.059375 0.065234375
0 0.823828125 0.13203125 0.06484375 0.076171875
0 0.632421875 0.27734375 0.077734375 0.0546875
0 0.140625 0.418359375 0.059375 0.069921875
0 0.703515625 0.425390625 0.06953125 0.06015625
0 0.836328125 0.4859375 0.072265625 0.06796875
0 0.8296875 0.553515625 0.053125 0.078125
0 0.9234375 0.63203125 0.05703125 0.05625
0 0.385546875 0.574609375 0.049609375 0.064453125
0 0.728125 0.68828125 0.08828125 0.0609375
0 0.36953125 0.69609375 0.062109375 0.074609375
0 0.27578125 0.721484375 0.085546875 0.051953125
0 0.030078125 0.787890625 0.049609375 0.0796875
0 0.07890625 0.8015625 0.060546875 0.063671875
0 0.12109375 0.84609375 0.077734375 0.051953125
0 0.02578125 0.875 0.0515625 0.069921875
0 0.30078125 0.871875 0.08046875 0.06171875
0 0.3953125 0.841796875 0.048828125 0.075390625
0 0.467578125 0.85234375 0.054296875 0.084375
0 0.50859375 0.840234375 0.04609375 0.0796875
0 0.579296875 0.86328125 0.048828125 0.07734375
0 0.620703125 0.782421875 0.05234375 0.07265625
0 0.68125 0.83671875 0.0453125 0.08359375
0 0.61484375 0.90078125 0.08203125 0.0546875
0 0.71640625 0.942578125 0.05234375 0.058984375
0 0.7703125 0.952734375 0.0515625 0.057421875
0 0.741796875 0.8828125 0.06484375 0.05625
0 0.83515625 0.9 0.05859375 0.0796875