0 0.0875 0.067578125 0.0609375 0.07265625
0 0.0390625 0.0578125 0.0765625 0.0515625
0 0.016796875 0.0875 0.03203125 0.0640625
0 0.062109375 0.125 0.05859375 0.08125
0 0.037890625 0.18828125 0.05078125 0.084375
0 0.009375 0.187890625 0.0171875 0.06328125
0 0.1671875 0.115234375 0.0796875 0.06171875
0 0.26015625 0.21171875 0.065625 0.08125
0 0.212109375 0.303515625 0.09453125 0.07734375
0 0.005078125 0.298828125 0.00859375 0.01640625
0 0.388671875 0.4015625 0.05078125 0.0703125
0 0.455859375 0.333203125 0.06171875 0.07109375
0 0.373828125 0.243359375 0.08203125 0.05390625
0 0.3734375 0.17734375 0.0859375 0.06875
0 0.438671875 0.168359375 0.07265625 0.07734375
0 0.26171875 0.118359375 0.0765625 0.05859375
0 0.24296875 0.057421875 0.0578125 0.06953125
0 0.296484375 0.058984375 0.05859375 0.06484375
0 0.328125 0.081640625 0.0578125 0.07421875
0 0.380859375 0.09921875 0.05078125 0.08125
0 0.407421875 0.059375 0.08359375 0.0515625
0 0.503515625 0.0546875 0.07421875 0.0578125
0 0.5546875 0.055859375 0.0484375 0.06953125
0 0.611328125 0.075390625 0.07734375 0.09921875
0 0.638671875 0.148828125 0.08828125 0.06015625
0 0.735546875 0.11328125 0.09140625 0.0859375
0 0.792578125 0.101953125 0.06953125 0.05703125
0 0.84921875 0.09765625 0.0734375 0.0953125
0 0.7671875 0.216015625 0.0703125 0.06796875
0 0.78828125 0.32890625 0.109375 0.0875
0 0.93984375 0.054296875 0.0734375 0.05390625
0 0.9859375 0.051171875 0.028125 0.05703125