0 0.015625 0.11640625 0.03125 0.071875
0 0.095703125 0.13515625 0.094921875 0.0625
0 0.009375 0.244921875 0.01875 0.051171875
0 0.034375 0.223046875 0.062109375 0.072265625
0 0.035546875 0.30859375 0.07109375 0.071875
0 0.037890625 0.3546875 0.075390625 0.05703125
0 0.11015625 0.36328125 0.06015625 0.083203125
0 0.137109375 0.29453125 0.08828125 0.051171875
0 0.146875 0.17734375 0.084375 0.067578125
0 0.21640625 0.1671875 0.055859375 0.083984375
0 0.2890625 0.169140625 0.0890625 0.062109375
0 0.303515625 0.129296875 0.08125 0.052734375
0 0.31796875 0.09609375 0.076171875 0.05234375
0 0.281640625 0.22578125 0.093359375 0.059765625
0 0.3703125 0.12109375 0.055078125 0.087890625
0 0.41484375 0.131640625 0.0515625 0.06796875
0 0.4484375 0.105078125 0.05234375 0.079296875
0 0.49609375 0.11796875 0.055859375 0.08203125
0 0.535546875 0.099609375 0.07421875 0.0546875
0 0.523046875 0.147265625 0.068359375 0.071875
0 0.58125 0.184375 0.056640625 0.084765625
0 0.53515625 0.19296875 0.079296875 0.05
0 0.51484375 0.239453125 0.083203125 0.056640625
0 0.259765625 0.294140625 0.063671875 0.08203125
0 0.190234375 0.444140625 0.072265625 0.073046875
0 0.009765625 0.529296875 0.019140625 0.06953125
0 0.036328125 0.8046875 0.07265625 0.0625
0 0.026953125 0.88828125 0.05390625 0.07109375
0 0.08203125 0.89609375 0.125390625 0.058984375
0 0.240625 0.890234375 0.090625 0.0640625
0 0.214453125 0.713671875 0.065234375 0.06640625
0 0.192578125 0.63828125 0.065234375 0.064453125
0 0.341796875 0.640234375 0.07109375 0.080859375
0 0.333984375 0.91328125 0.095703125 0.061328125
0 0.337890625 0.85703125 0.05234375 0.063671875
0 0.3703125 0.80703125 0.071484375 0.056640625
0 0.419140625 0.628125 0.075 0.064453125
0 0.434765625 0.715234375 0.078125 0.0796875
0 0.605859375 0.708203125 0.055078125 0.10078125
0 0.55 0.75546875 0.082421875 0.062890625
0 0.491015625 0.7640625 0.078125 0.066015625
0 0.445703125 0.804296875 0.08046875 0.05703125
0 0.543359375 0.81484375 0.0734375 0.058203125
0 0.619921875 0.82578125 0.06484375 0.075390625
0 0.73125 0.880078125 0.05703125 0.06953125
0 0.683203125 0.879296875 0.070703125 0.08046875
0 0.644921875 0.892578125 0.0734375 0.06484375
0 0.585546875 0.880859375 0.061328125 0.068359375
0 0.546484375 0.88203125 0.055078125 0.0765625
0 0.48671875 0.84609375 0.071484375 0.06015625
0 0.512890625 0.897265625 0.047265625 0.062109375
0 0.48359375 0.8984375 0.048046875 0.050390625
0 0.4625 0.869140625 0.044140625 0.089453125
0 0.426171875 0.859375 0.04609375 0.076953125
0 0.38671875 0.857421875 0.0546875 0.0703125
0 0.396484375 0.898828125 0.06484375 0.055859375
0 0.966015625 0.11953125 0.050390625 0.089453125
0 0.991796875 0.12578125 0.01640625 0.063671875
0 0.925 0.122265625 0.0609375 0.069140625
0 0.873046875 0.1390625 0.053515625 0.075
0 0.835546875 0.11640625 0.05703125 0.07890625
0 0.702734375 0.134375 0.08515625 0.0734375
0 0.641796875 0.16484375 0.076953125 0.061328125
0 0.635546875 0.23828125 0.074609375 0.06328125
0 0.734375 0.3015625 0.053125 0.08515625
0 0.775390625 0.21484375 0.096875 0.065234375
0 0.939453125 0.278125 0.076171875 0.0640625
0 0.990234375 0.413671875 0.019140625 0.069921875
0 0.390234375 0.396875 0.05625 0.079296875
0 0.549609375 0.473828125 0.055859375 0.087890625
0 0.5921875 0.475 0.0515625 0.088671875
0 0.972265625 0.47421875 0.053125 0.078515625
0 0.921875 0.4921875 0.068359375 0.05625
0 0.946484375 0.534765625 0.06875 0.0546875
0 0.901953125 0.573046875 0.081640625 0.057421875
0 0.834765625 0.549609375 0.080078125 0.05390625
0 0.798046875 0.580859375 0.087109375 0.055078125
0 0.71328125 0.615625 0.060546875 0.083203125