0 0.02109375 0.1359375 0.0421875 0.059375
0 0.030859375 0.20234375 0.056640625 0.081640625
0 0.06953125 0.180078125 0.0609375 0.062109375
0 0.089453125 0.1484375 0.073046875 0.050390625
0 0.11953125 0.1734375 0.0609375 0.058203125
0 0.16875 0.1640625 0.053515625 0.0875
0 0.206640625 0.159375 0.048828125 0.08125
0 0.23828125 0.16796875 0.054296875 0.08125
0 0.124609375 0.28359375 0.05859375 0.084375
0 0.07578125 0.331640625 0.08515625 0.053515625
0 0.185546875 0.337890625 0.055078125 0.085546875
0 0.0109375 0.484375 0.021484375 0.0609375
0 0.035546875 0.484375 0.05703125 0.059375
0 0.078125 0.480078125 0.06640625 0.06484375
0 0.25234375 0.513671875 0.087109375 0.048828125
0 0.2625 0.7 0.057421875 0.087890625
0 0.423046875 0.844140625 0.05859375 0.069921875
0 0.430078125 0.569140625 0.069140625 0.06171875
0 0.53515625 0.746875 0.062109375 0.069140625
0 0.58515625 0.76484375 0.06796875 0.048828125
0 0.55625 0.878515625 0.078125 0.08046875
0 0.502734375 0.828125 0.0765625 0.058984375
0 0.525 0.803125 0.06796875 0.050390625
0 0.659375 0.883984375 0.086328125 0.069140625
0 0.73203125 0.8671875 0.076171875 0.05625
0 0.762890625 0.81640625 0.053515625 0.065625
0 0.775390625 0.864453125 0.055078125 0.06015625
0 0.798046875 0.886328125 0.0625 0.055859375
0 0.862109375 0.88359375 0.05078125 0.068359375
0 0.896484375 0.878515625 0.05546875 0.06640625
0 0.944921875 0.878515625 0.065625 0.073046875
0 0.96328125 0.80703125 0.062109375 0.0734375
0 0.976171875 0.8578125 0.04765625 0.071875
0 0.828515625 0.669140625 0.080078125 0.062890625
0 0.6734375 0.624609375 0.079296875 0.05234375
0 0.63671875 0.563671875 0.06875 0.055859375
0 0.4484375 0.487109375 0.055078125 0.082421875
0 0.784765625 0.47421875 0.058984375 0.082421875
0 0.943359375 0.439453125 0.065234375 0.051171875
0 0.6328125 0.383984375 0.04609375 0.078125
0 0.48203125 0.361328125 0.053125 0.07421875
0 0.37890625 0.293359375 0.05078125 0.071875
0 0.4625 0.26953125 0.069921875 0.061328125
0 0.519921875 0.19296875 0.058203125 0.0734375
0 0.54140625 0.1453125 0.075390625 0.05625
0 0.5375 0.095703125 0.078125 0.06328125
0 0.7890625 0.15078125 0.084375 0.069140625
0 0.86484375 0.2484375 0.082421875 0.05234375
0 0.89765625 0.286328125 0.055859375 0.075390625
0 0.932421875 0.294140625 0.06015625 0.0703125
0 0.80234375 0.096484375 0.05703125 0.07734375
0 0.757421875 0.0875 0.07578125 0.055859375
0 0.742578125 0.059765625 0.081640625 0.057421875