0 0.965625 0.65390625 0.06875 0.08125
0 0.4859375 0.574609375 0.08203125 0.08125
0 0.408984375 0.62578125 0.09921875 0.069921875
0 0.44453125 0.78359375 0.08984375 0.07890625
0 0.74140625 0.8625 0.073828125 0.058203125
0 0.63515625 0.879296875 0.075 0.072265625
0 0.594921875 0.86015625 0.0609375 0.076953125
0 0.553125 0.86796875 0.060546875 0.08046875
0 0.4953125 0.88359375 0.085546875 0.068359375
0 0.437109375 0.873046875 0.06171875 0.088671875
0 0.0546875 0.8734375 0.083984375 0.029296875
0 0.2859375 0.741796875 0.083203125 0.070703125
0 0.0484375 0.6234375 0.091796875 0.06953125
0 0.023828125 0.72265625 0.04765625 0.073046875
0 0.06796875 0.694140625 0.083984375 0.076953125
0 0.028125 0.45703125 0.05625 0.059375
0 0.103515625 0.294140625 0.08125 0.0703125
0 0.3015625 0.298828125 0.069140625 0.085546875
0 0.440625 0.304296875 0.08828125 0.071875
0 0.034375 0.098046875 0.06875 0.08203125
0 0.080078125 0.1046875 0.06953125 0.08984375
0 0.10390625 0.06484375 0.08984375 0.0609375
0 0.119921875 0.1546875 0.0609375 0.087109375
0 0.22265625 0.118359375 0.078125 0.0703125
0 0.29921875 0.06796875 0.096484375 0.0640625
0 0.43671875 0.0625 0.0703125 0.092578125
0 0.388671875 0.064453125 0.06796875 0.05625
0 0.38203125 0.1203125 0.07734375 0.068359375
0 0.3234375 0.098828125 0.092578125 0.06484375
0 0.1296875 0.353515625 0.10234375 0.064453125
0 0.753515625 0.326171875 0.0734375 0.08125
0 0.471875 0.131640625 0.065625 0.076953125
0 0.51484375 0.075 0.056640625 0.083203125
0 0.5578125 0.066796875 0.05859375 0.075
0 0.566015625 0.13359375 0.08203125 0.06953125
0 0.605859375 0.066796875 0.05859375 0.06875
0 0.659765625 0.071875 0.05390625 0.08828125
0 0.712109375 0.062890625 0.0671875 0.082421875
0 0.826953125 0.071484375 0.050390625 0.0875
0 0.7421875 0.119140625 0.060546875 0.081640625
0 0.79296875 0.123828125 0.051171875 0.085546875
0 0.8390625 0.121875 0.06015625 0.079296875
0 0.879296875 0.067578125 0.057421875 0.09453125
0 0.640625 0.10546875 0.08125 0.057421875
0 0.6375 0.15390625 0.063671875 0.076171875
0 0.6984375 0.155078125 0.078515625 0.0671875
0 0.97734375 0.06796875 0.0453125 0.091015625
0 0.928515625 0.05625 0.06015625 0.055859375
0 0.940625 0.094921875 0.084375 0.043359375
0 0.953125 0.143359375 0.086328125 0.0671875
0 0.991015625 0.08359375 0.01796875 0.05
0 0.77109375 0.06953125 0.06171875 0.055859375