0 0.42421875 0.47265625 0.087109375 0.05703125
0 0.533203125 0.442578125 0.066015625 0.0671875
0 0.3984375 0.766796875 0.06875 0.090625
0 0.45390625 0.70859375 0.069140625 0.091796875
0 0.4875 0.739453125 0.08359375 0.056640625
0 0.5390625 0.863671875 0.0984375 0.05546875
0 0.610546875 0.713671875 0.053125 0.07421875
0 0.5734375 0.7984375 0.062109375 0.06640625
0 0.65546875 0.775 0.0890625 0.053515625
0 0.683984375 0.843359375 0.078515625 0.059375
0 0.73671875 0.884375 0.058984375 0.081640625
0 0.93828125 0.785546875 0.0640625 0.083984375
0 0.719921875 0.977734375 0.03828125 0.04375