0 0.0171875 0.113671875 0.034375 0.08359375
0 0.144140625 0.147265625 0.08515625 0.083203125
0 0.066796875 0.15078125 0.06484375 0.085546875
0 0.475 0.15 0.060546875 0.086328125
0 0.1046875 0.502734375 0.05859375 0.07734375
0 0.025 0.84453125 0.05 0.083203125
0 0.133984375 0.851953125 0.054296875 0.06875
0 0.471484375 0.8625 0.057421875 0.091796875
0 0.43828125 0.896484375 0.08046875 0.05859375
0 0.519140625 0.898828125 0.076171875 0.05859375
0 0.584375 0.899609375 0.062890625 0.07734375
0 0.68359375 0.8703125 0.081640625 0.055078125
0 0.63671875 0.83515625 0.08359375 0.0625
0 0.691015625 0.23671875 0.09140625 0.06953125