0 0.353515625 0.085546875 0.06875 0.059765625
0 0.308203125 0.12578125 0.04765625 0.074609375
0 0.03046875 0.229296875 0.0609375 0.06484375
0 0.103515625 0.242578125 0.079296875 0.053515625
0 0.5 0.390234375 0.051171875 0.07578125
0 0.946484375 0.416015625 0.06640625 0.07890625
0 0.780859375 0.53125 0.048828125 0.084765625
0 0.9203125 0.641796875 0.080078125 0.080078125
0 0.206640625 0.43671875 0.05703125 0.075
0 0.329296875 0.487890625 0.074609375 0.058203125
0 0.161328125 0.409765625 0.060546875 0.074609375
0 0.05234375 0.58671875 0.100390625 0.047265625
0 0.122265625 0.62265625 0.060546875 0.061328125
0 0.228515625 0.653515625 0.069140625 0.053125
0 0.402734375 0.6140625 0.073828125 0.046484375
0 0.158203125 0.678125 0.066796875 0.0484375
0 0.4375 0.676953125 0.073828125 0.05703125
0 0.39296875 0.738671875 0.0703125 0.05546875
0 0.75546875 0.79140625 0.0765625 0.070703125
0 0.6765625 0.7390625 0.050390625 0.076171875
0 0.635546875 0.705859375 0.048046875 0.069921875
0 0.607421875 0.897265625 0.061328125 0.05625
0 0.555859375 0.904296875 0.069140625 0.065625
0 0.464453125 0.868359375 0.06171875 0.056640625
0 0.505859375 0.8546875 0.04921875 0.07421875
0 0.54921875 0.781640625 0.06953125 0.057421875