0 0.03203125 0.27109375 0.0625 0.0484375
0 0.245703125 0.8546875 0.05546875 0.046875
0 0.183984375 0.846484375 0.05078125 0.06171875
0 0.133203125 0.908203125 0.06640625 0.07265625
0 0.5484375 0.864453125 0.059375 0.06015625
0 0.571875 0.890234375 0.046875 0.06015625
0 0.630859375 0.874609375 0.04765625 0.05703125
0 0.667578125 0.8875 0.05703125 0.071875
0 0.74609375 0.86875 0.0640625 0.0625
0 0.795703125 0.878515625 0.05390625 0.07734375
0 0.90390625 0.750390625 0.0546875 0.07578125
0 0.891796875 0.90625 0.07890625 0.06875
0 0.926171875 0.89921875 0.04296875 0.0828125
0 0.9828125 0.89140625 0.034375 0.0796875
0 0.96015625 0.9015625 0.04375 0.0828125
0 0.20546875 0.056640625 0.0671875 0.06640625
0 0.28828125 0.05859375 0.0453125 0.059375
0 0.31953125 0.062890625 0.0609375 0.05546875
0 0.323828125 0.114453125 0.08984375 0.06015625
0 0.530859375 0.071484375 0.06328125 0.06171875
0 0.5890625 0.0671875 0.053125 0.0828125
0 0.625 0.039453125 0.0546875 0.04921875
0 0.6328125 0.078515625 0.0625 0.04140625
0 0.5421875 0.139453125 0.075 0.04765625
0 0.48359375 0.113671875 0.059375 0.04609375
0 0.448046875 0.16953125 0.04296875 0.071875
0 0.486328125 0.17421875 0.04453125 0.0796875
0 0.52734375 0.1765625 0.0609375 0.08125
0 0.50390625 0.2171875 0.059375 0.0640625