0 0.99296875 0.0953125 0.0140625 0.027734375
0 0.98984375 0.130859375 0.0203125 0.04921875
0 0.956640625 0.09765625 0.055859375 0.04921875
0 0.969921875 0.161328125 0.059765625 0.054296875
0 0.987890625 0.18828125 0.02421875 0.040234375
0 0.973828125 0.202734375 0.0421875 0.06875
0 0.983984375 0.258984375 0.03203125 0.06328125
0 0.89140625 0.231640625 0.0625 0.0734375
0 0.943359375 0.134765625 0.0578125 0.044140625
0 0.909765625 0.115234375 0.049609375 0.078515625
0 0.8734375 0.12890625 0.05703125 0.070703125
0 0.85234375 0.1140625 0.042578125 0.079296875
0 0.828515625 0.122265625 0.044921875 0.092578125
0 0.796484375 0.119140625 0.076953125 0.063671875
0 0.71171875 0.187109375 0.05703125 0.07734375
0 0.67265625 0.2375 0.09296875 0.050390625
0 0.650390625 0.28671875 0.060546875 0.070703125
0 0.50859375 0.1859375 0.05703125 0.0859375
0 0.647265625 0.128125 0.051171875 0.078125
0 0.596484375 0.105078125 0.075390625 0.058984375
0 0.741796875 0.462890625 0.065625 0.0609375
0 0.963671875 0.568359375 0.07265625 0.066796875
0 0.931640625 0.63828125 0.092578125 0.0546875
0 0.462890625 0.643359375 0.05625 0.068359375
0 0.456640625 0.690234375 0.062890625 0.050390625
0 0.4515625 0.75 0.045703125 0.0796875
0 0.45859375 0.86875 0.08203125 0.057421875
0 0.51953125 0.880078125 0.09140625 0.075
0 0.500390625 0.829296875 0.055859375 0.0734375
0 0.4953125 0.7421875 0.05234375 0.06953125
0 0.544140625 0.754296875 0.051171875 0.0765625
0 0.51875 0.6921875 0.06484375 0.049609375
0 0.5359375 0.635546875 0.053125 0.06171875
0 0.9703125 0.68828125 0.059375 0.0671875
0 0.969140625 0.744921875 0.061328125 0.04609375
0 0.975390625 0.79375 0.04921875 0.0515625
0 0.96015625 0.876953125 0.0796875 0.05234375
0 0.930859375 0.844921875 0.07109375 0.052734375
0 0.928125 0.80078125 0.060546875 0.066796875
0 0.884375 0.792578125 0.05 0.08671875
0 0.825390625 0.801953125 0.0875 0.05859375
0 0.601953125 0.844921875 0.05390625 0.074609375
0 0.643359375 0.864453125 0.05625 0.062109375
0 0.66953125 0.8390625 0.05390625 0.069921875
0 0.63359375 0.820703125 0.078125 0.044140625
0 0.729296875 0.77109375 0.075 0.049609375
0 0.871484375 0.687109375 0.0671875 0.05390625
0 0.7734375 0.73359375 0.040625 0.066796875
0 0.8328125 0.755859375 0.08125 0.055078125
0 0.6953125 0.693359375 0.0640625 0.0578125
0 0.6546875 0.693359375 0.05078125 0.06328125
0 0.605078125 0.694921875 0.059375 0.05703125
0 0.59140625 0.725390625 0.03984375 0.05390625
0 0.61875 0.773046875 0.05234375 0.07109375
0 0.662109375 0.76796875 0.0578125 0.0640625
0 0.186328125 0.911328125 0.04375 0.033984375
0 0.376171875 0.669140625 0.065625 0.061328125
0 0.32578125 0.706640625 0.044140625 0.088671875
0 0.390234375 0.800390625 0.0453125 0.07421875
0 0.43515625 0.819921875 0.07734375 0.04765625
0 0.366015625 0.726171875 0.051953125 0.059375
0 0.390234375 0.732421875 0.051953125 0.066796875
0 0.345703125 0.801953125 0.052734375 0.080078125
0 0.33515625 0.854296875 0.059375 0.061328125
0 0.266015625 0.87578125 0.06015625 0.08125
0 0.25859375 0.809765625 0.0640625 0.0546875
0 0.2671875 0.755859375 0.06796875 0.07109375
0 0.189453125 0.806640625 0.070703125 0.059375
0 0.069921875 0.766015625 0.048828125 0.068359375
0 0.028125 0.7484375 0.05625 0.0578125
0 0.019140625 0.815234375 0.03828125 0.05703125
0 0.022265625 0.784375 0.04453125 0.041796875
0 0.055078125 0.84609375 0.066015625 0.0890625
0 0.2 0.8546875 0.05390625 0.069140625
0 0.131640625 0.873046875 0.059765625 0.087890625
0 0.255078125 0.47109375 0.058984375 0.067578125
0 0.21953125 0.517578125 0.0640625 0.06328125
0 0.178125 0.533203125 0.06015625 0.069921875
0 0.1859375 0.58359375 0.069921875 0.0578125
0 0.081640625 0.595703125 0.0875 0.0484375
0 0.095703125 0.553515625 0.06953125 0.080859375
0 0.00859375 0.473828125 0.0171875 0.0578125
0 0.020703125 0.30859375 0.041015625 0.075
0 0.12578125 0.3171875 0.07109375 0.076171875
0 0.23203125 0.324609375 0.076953125 0.0578125
0 0.28828125 0.31015625 0.049609375 0.071875
0 0.2453125 0.2734375 0.072265625 0.0515625
0 0.033984375 0.1578125 0.06796875 0.06796875
0 0.0796875 0.207421875 0.068359375 0.05234375
0 0.13125 0.194921875 0.055859375 0.083203125
0 0.18046875 0.180078125 0.08359375 0.071484375
0 0.104296875 0.1296875 0.0625 0.085546875
0 0.061328125 0.108984375 0.050390625 0.069921875
0 0.109375 0.091796875 0.09453125 0.049609375
0 0.200390625 0.128515625 0.04921875 0.079296875
0 0.235546875 0.148046875 0.045703125 0.074609375
0 0.279296875 0.21640625 0.0625 0.066015625
0 0.30703125 0.248828125 0.051171875 0.07734375
0 0.353515625 0.228125 0.052734375 0.07421875
0 0.37890625 0.19609375 0.06796875 0.094140625
0 0.336328125 0.1515625 0.06953125 0.059375
0 0.298828125 0.123828125 0.043359375 0.082421875
0 0.276953125 0.1671875 0.0515625 0.077734375
0 0.265625 0.11015625 0.051953125 0.05546875
0 0.327734375 0.10078125 0.071875 0.054296875
0 0.4 0.102734375 0.087109375 0.0703125
0 0.412890625 0.098828125 0.05546875 0.065625
0 0.458984375 0.11640625 0.0546875 0.094921875
0 0.427734375 0.162890625 0.042578125 0.075
0 0.401953125 0.13515625 0.048046875 0.051171875