0 0.675 0.826953125 0.096484375 0.06640625
0 0.727734375 0.687109375 0.0640625 0.08359375
0 0.82734375 0.702734375 0.085546875 0.065234375
0 0.84609375 0.809765625 0.091015625 0.077734375
0 0.3328125 0.737890625 0.07109375 0.082421875
0 0.231640625 0.728125 0.06640625 0.06640625
0 0.1671875 0.717578125 0.053125 0.0609375
0 0.15625 0.7640625 0.08359375 0.0578125
0 0.19609375 0.79140625 0.06953125 0.075390625
0 0.338671875 0.873046875 0.06796875 0.063671875
0 0.453125 0.863671875 0.06953125 0.055078125
0 0.405859375 0.883984375 0.04375 0.0625
0 0.53046875 0.890625 0.05859375 0.061328125
0 0.494921875 0.899609375 0.038671875 0.07578125
0 0.4671875 0.9078125 0.043359375 0.073046875
0 0.433984375 0.913671875 0.066796875 0.073828125
0 0.36796875 0.91875 0.065625 0.05078125
0 0.327734375 0.916015625 0.05546875 0.062109375
0 0.317578125 0.60546875 0.0671875 0.0703125
0 0.505859375 0.508203125 0.07265625 0.057421875
0 0.1546875 0.4421875 0.075390625 0.05078125
0 0.441796875 0.375390625 0.056640625 0.071484375
0 0.37421875 0.425 0.06015625 0.06796875
0 0.32421875 0.44140625 0.060546875 0.053125
0 0.212109375 0.49921875 0.082421875 0.058203125
0 0.38359375 0.480859375 0.046484375 0.076171875
0 0.27578125 0.446875 0.06171875 0.039453125
0 0.234375 0.46953125 0.051171875 0.048046875
0 0.273046875 0.48828125 0.059765625 0.063671875
0 0.30625 0.492578125 0.052734375 0.0671875
0 0.34609375 0.490234375 0.03984375 0.07265625
0 0.476171875 0.656640625 0.07421875 0.049609375
0 0.497265625 0.613671875 0.0609375 0.062890625
0 0.64375 0.573828125 0.058203125 0.077734375
0 0.528515625 0.59453125 0.0546875 0.069140625
0 0.587109375 0.571875 0.068359375 0.0484375
0 0.9703125 0.862890625 0.059375 0.08046875
0 0.962109375 0.649609375 0.07578125 0.07109375
0 0.91328125 0.70390625 0.066796875 0.065625
0 0.016015625 0.292578125 0.03203125 0.06953125
0 0.055859375 0.28125 0.0625 0.080859375
0 0.74140625 0.3671875 0.0640625 0.063671875
0 0.708203125 0.40703125 0.046875 0.069921875
0 0.764453125 0.407421875 0.071484375 0.056640625
0 0.7390625 0.4359375 0.0421875 0.06171875