0 0.7640625 0.323046875 0.074609375 0.071875
0 0.594140625 0.156640625 0.067578125 0.0859375
0 0.891796875 0.133203125 0.069140625 0.073828125
0 0.78828125 0.114453125 0.097265625 0.07890625
0 0.935546875 0.17578125 0.066796875 0.07421875
0 0.8015625 0.187890625 0.087890625 0.079296875
0 0.734375 0.742578125 0.059765625 0.07578125
0 0.78046875 0.7171875 0.059765625 0.077734375
0 0.5890625 0.771875 0.062890625 0.088671875
0 0.7859375 0.790625 0.090625 0.08125
0 0.848828125 0.887890625 0.0609375 0.084765625
0 0.019140625 0.812890625 0.03828125 0.05546875
0 0.031640625 0.546484375 0.06015625 0.073828125
0 0.4078125 0.4328125 0.070703125 0.078515625
0 0.269921875 0.4015625 0.05390625 0.080078125
0 0.326953125 0.383984375 0.06953125 0.080078125
0 0.0140625 0.146875 0.027734375 0.05859375