0 0.945703125 0.1 0.0640625 0.05546875
0 0.926953125 0.13046875 0.0765625 0.05703125
0 0.934765625 0.3015625 0.08359375 0.05859375
0 0.784765625 0.314453125 0.078125 0.059375
0 0.691015625 0.56015625 0.06328125 0.066796875
0 0.9828125 0.696875 0.033984375 0.07109375
0 0.990625 0.733203125 0.01875 0.07109375
0 0.93828125 0.705859375 0.075390625 0.05703125
0 0.890234375 0.731640625 0.065625 0.069140625
0 0.81875 0.75703125 0.052734375 0.078125
0 0.744921875 0.71015625 0.059375 0.081640625
0 0.68515625 0.7078125 0.061328125 0.063671875
0 0.669140625 0.75234375 0.06953125 0.056640625
0 0.612890625 0.82265625 0.05234375 0.0859375
0 0.56015625 0.762109375 0.04921875 0.07265625
0 0.564453125 0.8140625 0.067578125 0.050390625
0 0.54296875 0.868359375 0.062890625 0.0609375
0 0.5296875 0.82578125 0.053125 0.055078125
0 0.51640625 0.78359375 0.040625 0.068359375
0 0.495703125 0.85859375 0.042578125 0.0625
0 0.450390625 0.873828125 0.064453125 0.051171875
0 0.4484375 0.8265625 0.0546875 0.057421875
0 0.48203125 0.77265625 0.06484375 0.059375
0 0.4828125 0.82265625 0.049609375 0.04921875
0 0.4578125 0.748046875 0.0546875 0.072265625
0 0.55078125 0.669921875 0.0578125 0.075
0 0.4125 0.769921875 0.069140625 0.082421875
0 0.32578125 0.812890625 0.0578125 0.069140625
0 0.26484375 0.830078125 0.059765625 0.080859375
0 0.191015625 0.740625 0.062109375 0.079296875
0 0.219921875 0.6546875 0.067578125 0.076171875
0 0.11875 0.6515625 0.072265625 0.055078125
0 0.032421875 0.8125 0.064453125 0.078125
0 0.024609375 0.723046875 0.04921875 0.05703125
0 0.014453125 0.77109375 0.02890625 0.05
0 0.038671875 0.640625 0.064453125 0.078515625
0 0.19296875 0.551953125 0.0796875 0.06640625
0 0.285546875 0.57578125 0.05390625 0.080859375
0 0.0203125 0.555078125 0.040625 0.09453125
0 0.148828125 0.38125 0.065234375 0.062890625
0 0.0375 0.38828125 0.074609375 0.04921875
0 0.28671875 0.38828125 0.063671875 0.080859375
0 0.461328125 0.455859375 0.076953125 0.0578125
0 0.49609375 0.308984375 0.05546875 0.080859375
0 0.116796875 0.30703125 0.08515625 0.086328125
0 0.180859375 0.276171875 0.06171875 0.082421875
0 0.299609375 0.27109375 0.065625 0.05
0 0.390625 0.228515625 0.08515625 0.062890625
0 0.470703125 0.24375 0.087890625 0.056640625
0 0.033984375 0.232421875 0.06796875 0.05234375
0 0.08515625 0.19375 0.06484375 0.054296875
0 0.204296875 0.111328125 0.063671875 0.084375
0 0.175 0.153125 0.050390625 0.0734375
0 0.153125 0.110546875 0.05859375 0.07265625
0 0.1140625 0.088671875 0.07265625 0.049609375
0 0.121875 0.137109375 0.05078125 0.070703125
0 0.077734375 0.125 0.0609375 0.05078125
0 0.065625 0.154296875 0.0625 0.03671875
0 0.038671875 0.184765625 0.047265625 0.06640625
0 0.053125 0.0890625 0.05234375 0.04921875
0 0.013671875 0.16953125 0.02734375 0.066015625
0 0.023828125 0.11796875 0.04765625 0.047265625
0 0.01640625 0.076953125 0.0328125 0.0328125
0 0.426171875 0.30859375 0.049609375 0.0765625
0 0.403125 0.331640625 0.055859375 0.078515625
0 0.3 0.103515625 0.061328125 0.0640625
0 0.2296875 0.266015625 0.05859375 0.064453125
0 0.202734375 0.2125 0.07890625 0.079296875
0 0.26796875 0.23046875 0.06875 0.08515625
0 0.324609375 0.205859375 0.053125 0.087890625
0 0.2390625 0.175 0.05859375 0.065234375
0 0.287109375 0.171875 0.057421875 0.05625
0 0.344140625 0.16875 0.046484375 0.066015625
0 0.31953125 0.13515625 0.050390625 0.07578125
0 0.34921875 0.103125 0.04375 0.080859375
0 0.376171875 0.10703125 0.053515625 0.060546875
0 0.47578125 0.177734375 0.078515625 0.049609375
0 0.383203125 0.150390625 0.0515625 0.062109375
0 0.424609375 0.09375 0.053125 0.05
0 0.4171875 0.13515625 0.046875 0.08203125
0 0.45703125 0.10625 0.047265625 0.06796875
0 0.44609375 0.1453125 0.044140625 0.04921875
0 0.497265625 0.147265625 0.047265625 0.043359375
0 0.484765625 0.0984375 0.054296875 0.06015625
0 0.528125 0.105859375 0.040625 0.055078125
0 0.5484375 0.1375 0.066015625 0.045703125
0 0.541015625 0.177734375 0.065234375 0.04609375
0 0.53046875 0.2078125 0.069140625 0.059375
0 0.554296875 0.10703125 0.044140625 0.07109375
0 0.58359375 0.09375 0.062890625 0.042578125
0 0.638671875 0.100390625 0.06796875 0.051953125
0 0.6203125 0.126171875 0.042578125 0.05078125
0 0.5859375 0.130859375 0.037109375 0.056640625
0 0.596484375 0.173828125 0.053515625 0.074609375
0 0.627734375 0.185546875 0.052734375 0.096484375
0 0.672265625 0.111328125 0.053515625 0.071484375
0 0.714453125 0.10390625 0.057421875 0.06640625
0 0.7109375 0.146484375 0.0625 0.0578125
0 0.665234375 0.16328125 0.05234375 0.0671875
0 0.7640625 0.196875 0.069140625 0.04765625
0 0.726953125 0.2359375 0.07109375 0.053515625
0 0.708984375 0.207421875 0.07578125 0.066015625
0 0.366796875 0.6953125 0.072265625 0.055078125