0 0.320703125 0.112109375 0.088671875 0.06484375
0 0.323046875 0.4328125 0.083203125 0.065625
0 0.173046875 0.577734375 0.062890625 0.087890625
0 0.44140625 0.5046875 0.061328125 0.07578125
0 0.51953125 0.435546875 0.063671875 0.091796875
0 0.2796875 0.66875 0.061328125 0.0796875
0 0.373828125 0.74765625 0.061328125 0.06953125
0 0.614453125 0.687890625 0.060546875 0.081640625
0 0.471875 0.784375 0.061328125 0.087109375
0 0.54609375 0.79921875 0.07578125 0.0578125
0 0.3078125 0.818359375 0.1015625 0.0703125
0 0.448828125 0.882421875 0.0578125 0.08203125
0 0.504296875 0.864453125 0.083203125 0.071875
0 0.3640625 0.901953125 0.076953125 0.06171875
0 0.148046875 0.87265625 0.068359375 0.0875
0 0.172265625 0.901171875 0.0640625 0.06640625
0 0.21640625 0.89921875 0.0671875 0.073046875
0 0.261328125 0.88515625 0.0578125 0.080078125
0 0.305078125 0.890625 0.055859375 0.08828125
0 0.04609375 0.80546875 0.0828125 0.066796875
0 0.079296875 0.851171875 0.076953125 0.0875
0 0.828125 0.124609375 0.086328125 0.06796875
0 0.888671875 0.155078125 0.085546875 0.068359375
0 0.674609375 0.27578125 0.060546875 0.08828125
0 0.876953125 0.258203125 0.074609375 0.069140625
0 0.966015625 0.28515625 0.06796875 0.069921875
0 0.8265625 0.423046875 0.09296875 0.053125
0 0.878125 0.4828125 0.076953125 0.056640625
0 0.908984375 0.31015625 0.0625 0.091796875
0 0.9859375 0.3578125 0.028125 0.065625
0 0.84765625 0.6046875 0.08515625 0.054296875
0 0.839453125 0.644921875 0.080078125 0.056640625
0 0.86171875 0.690625 0.084375 0.0515625
0 0.7453125 0.855859375 0.058984375 0.0734375
0 0.909375 0.861328125 0.081640625 0.06015625
0 0.983984375 0.784765625 0.03203125 0.05546875
0 0.63828125 0.86875 0.070703125 0.085546875
0 0.4203125 0.33984375 0.08046875 0.0640625