0 0.298828125 0.146484375 0.053515625 0.05546875
0 0.32890625 0.194921875 0.075 0.070703125
0 0.556640625 0.249609375 0.06484375 0.076953125
0 0.884375 0.38984375 0.078515625 0.0578125
0 0.6984375 0.540625 0.070703125 0.046875
0 0.462109375 0.46953125 0.09453125 0.0578125
0 0.503125 0.53984375 0.061328125 0.0546875
0 0.485546875 0.576953125 0.066796875 0.0625
0 0.383203125 0.61796875 0.07109375 0.0484375
0 0.00703125 0.855078125 0.0140625 0.048046875
0 0.10078125 0.815234375 0.069140625 0.06875
0 0.043359375 0.89375 0.068359375 0.083203125
0 0.090625 0.8875 0.06484375 0.063671875
0 0.151171875 0.88984375 0.06171875 0.05390625
0 0.191796875 0.89375 0.065625 0.065234375
0 0.2515625 0.87578125 0.046484375 0.07578125
0 0.334375 0.873828125 0.0671875 0.0609375
0 0.478515625 0.868359375 0.045703125 0.075
0 0.519921875 0.683203125 0.0546875 0.077734375
0 0.601171875 0.675390625 0.069140625 0.068359375
0 0.76953125 0.642578125 0.092578125 0.059765625
0 0.87578125 0.705078125 0.061328125 0.080078125
0 0.935546875 0.8015625 0.0859375 0.064453125
0 0.81484375 0.726953125 0.067578125 0.06328125
0 0.72578125 0.76875 0.08203125 0.05234375
0 0.608203125 0.84921875 0.05234375 0.07421875
0 0.66796875 0.869921875 0.075390625 0.0640625