0 0.923046875 0.690234375 0.074609375 0.04921875
0 0.930859375 0.73046875 0.062890625 0.052734375
0 0.69609375 0.723046875 0.07109375 0.0578125
0 0.5609375 0.807421875 0.05625 0.073046875
0 0.59921875 0.85703125 0.0578125 0.076953125
0 0.65703125 0.85859375 0.050390625 0.080078125
0 0.706640625 0.86328125 0.0703125 0.048046875
0 0.4578125 0.842578125 0.069140625 0.063671875
0 0.012109375 0.847265625 0.02421875 0.05078125
0 0.07890625 0.779296875 0.056640625 0.0734375
0 0.31875 0.74765625 0.0640625 0.056640625
0 0.391796875 0.6890625 0.066015625 0.055078125
0 0.325390625 0.8 0.067578125 0.05
0 0.3765625 0.540625 0.059765625 0.08359375
0 0.4875 0.528515625 0.050390625 0.0703125
0 0.257421875 0.628125 0.061328125 0.078515625
0 0.066796875 0.700390625 0.077734375 0.07578125
0 0.0171875 0.741015625 0.033984375 0.06953125
0 0.02890625 0.7796875 0.05546875 0.078515625
0 0.401171875 0.443359375 0.070703125 0.0578125
0 0.328125 0.482421875 0.071875 0.053515625
0 0.429296875 0.771484375 0.048046875 0.07890625