0 0.066015625 0.6015625 0.072265625 0.1046875
0 0.026171875 0.09140625 0.05234375 0.1046875
0 0.07109375 0.115625 0.0578125 0.092578125
0 0.089453125 0.0671875 0.076953125 0.076171875
0 0.14921875 0.068359375 0.06875 0.084765625
0 0.203515625 0.065625 0.06875 0.069921875
0 0.249609375 0.08203125 0.076171875 0.07578125
0 0.330078125 0.06328125 0.09375 0.067578125
0 0.4640625 0.0625 0.068359375 0.063671875
0 0.553125 0.071875 0.057421875 0.094140625
0 0.41171875 0.06640625 0.081640625 0.069140625
0 0.396484375 0.10859375 0.05703125 0.08515625
0 0.34609375 0.096484375 0.0609375 0.081640625
0 0.154296875 0.146484375 0.061328125 0.07734375
0 0.1140625 0.2 0.06328125 0.092578125
0 0.18125 0.2125 0.06953125 0.091015625
0 0.433984375 0.155859375 0.06484375 0.09375
0 0.481640625 0.131640625 0.06875 0.08046875
0 0.503515625 0.197265625 0.068359375 0.073046875
0 0.540234375 0.159765625 0.05546875 0.0890625
0 0.602734375 0.07421875 0.064453125 0.087109375
0 0.513671875 0.260546875 0.08828125 0.069921875
0 0.375390625 0.27734375 0.080859375 0.066796875
0 0.580078125 0.449609375 0.106640625 0.065234375
0 0.544921875 0.6171875 0.078125 0.06328125
0 0.465625 0.673828125 0.05390625 0.083984375
0 0.52578125 0.716015625 0.084375 0.059765625
0 0.535546875 0.6703125 0.08671875 0.0515625
0 0.3734375 0.864453125 0.0625 0.0828125
0 0.25 0.864453125 0.07421875 0.03984375
0 0.076953125 0.8296875 0.08671875 0.103125
0 0.021875 0.8265625 0.04375 0.075390625
0 0.692578125 0.701953125 0.08203125 0.071875
0 0.9078125 0.58203125 0.113671875 0.0890625
0 0.786328125 0.32578125 0.08828125 0.086328125
0 0.928515625 0.25546875 0.090625 0.0671875
0 0.746484375 0.21953125 0.06328125 0.07421875
0 0.783984375 0.202734375 0.0640625 0.08046875
0 0.96953125 0.051953125 0.0609375 0.06640625
0 0.953125 0.101953125 0.0859375 0.07109375
0 0.981640625 0.170703125 0.03671875 0.097265625
0 0.891796875 0.059375 0.06796875 0.055859375
0 0.854296875 0.106640625 0.0515625 0.0890625
0 0.810546875 0.1203125 0.0484375 0.078515625
0 0.83984375 0.05390625 0.064453125 0.0546875
0 0.7109375 0.066796875 0.057421875 0.078515625
0 0.715625 0.126171875 0.05703125 0.0859375
0 0.764453125 0.109765625 0.058203125 0.08984375
0 0.7546875 0.05625 0.04765625 0.060546875
0 0.79609375 0.05625 0.047265625 0.055859375
0 0.655078125 0.078125 0.067578125 0.066796875
0 0.603515625 0.146875 0.083203125 0.066796875
0 0.61328125 0.1953125 0.06171875 0.070703125
0 0.5953125 0.24453125 0.071875 0.06015625