0 0.974609375 0.276953125 0.05078125 0.1
0 0.98125 0.1625 0.0375 0.06875
0 0.895703125 0.101171875 0.075 0.07578125
0 0.87421875 0.13046875 0.04765625 0.076953125
0 0.838671875 0.125 0.071875 0.093359375
0 0.440234375 0.11484375 0.083984375 0.066796875
0 0.3046875 0.105859375 0.06171875 0.094140625
0 0.195703125 0.1734375 0.097265625 0.06796875
0 0.019140625 0.481640625 0.03828125 0.05859375
0 0.01015625 0.608984375 0.0203125 0.04453125
0 0.1984375 0.62734375 0.083203125 0.075390625
0 0.372265625 0.5875 0.086328125 0.068359375
0 0.055078125 0.483984375 0.069140625 0.091015625
0 0.11875 0.48671875 0.08828125 0.07109375
0 0.23125 0.505078125 0.059375 0.10625
0 0.23984375 0.4265625 0.0828125 0.06875
0 0.355078125 0.435546875 0.06875 0.0703125
0 0.3640625 0.299609375 0.078125 0.079296875
0 0.280859375 0.255859375 0.09296875 0.066796875
0 0.577734375 0.287109375 0.095703125 0.0625
0 0.615234375 0.35703125 0.07578125 0.069921875
0 0.70625 0.49375 0.062109375 0.07734375
0 0.477734375 0.33671875 0.087890625 0.075
0 0.07890625 0.684375 0.085546875 0.05859375
0 0.091796875 0.762890625 0.087890625 0.065625
0 0.201171875 0.7609375 0.064453125 0.07578125
0 0.241796875 0.836328125 0.067578125 0.08203125
0 0.4015625 0.888671875 0.06015625 0.088671875
0 0.4734375 0.9 0.0828125 0.065234375
0 0.9203125 0.881640625 0.070703125 0.038671875
0 0.616015625 0.844921875 0.082421875 0.096875
0 0.58046875 0.696875 0.0671875 0.07421875
0 0.553515625 0.659375 0.066796875 0.09296875
0 0.76640625 0.76796875 0.070703125 0.08125
0 0.774609375 0.693359375 0.092578125 0.080859375
0 0.876953125 0.707421875 0.07734375 0.0796875