0 0.96875 0.74765625 0.0625 0.0921875
0 0.6953125 0.774609375 0.059765625 0.094140625
0 0.985546875 0.828515625 0.02890625 0.059375
0 0.97734375 0.886328125 0.0453125 0.06328125
0 0.96484375 0.863671875 0.055859375 0.069140625
0 0.410546875 0.828125 0.05859375 0.087109375
0 0.462109375 0.8265625 0.050390625 0.078125
0 0.58671875 0.835546875 0.072265625 0.062109375
0 0.625 0.85 0.049609375 0.083203125
0 0.535546875 0.86015625 0.080078125 0.080078125
0 0.580078125 0.886328125 0.06953125 0.05703125
0 0.644921875 0.878125 0.04921875 0.08828125
0 0.693359375 0.893359375 0.0671875 0.07578125
0 0.70546875 0.864453125 0.064453125 0.080859375
0 0.7359375 0.88359375 0.046875 0.078125
0 0.779296875 0.88125 0.054296875 0.072265625
0 0.47890625 0.6921875 0.05703125 0.07578125
0 0.428125 0.71640625 0.071875 0.065234375
0 0.921875 0.230078125 0.06875 0.080859375
0 0.81796875 0.096484375 0.06015625 0.0921875
0 0.751171875 0.10390625 0.089453125 0.06953125
0 0.724609375 0.059765625 0.0875 0.0640625
0 0.583984375 0.077734375 0.1015625 0.06875
0 0.776171875 0.32421875 0.098046875 0.080859375
0 0.659765625 0.280859375 0.071484375 0.087109375
0 0.375390625 0.196484375 0.071484375 0.083984375
0 0.16640625 0.15 0.080078125 0.078125
0 0.35703125 0.423046875 0.065625 0.0859375
0 0.3296875 0.9015625 0.081640625 0.062109375