0 0.9671875 0.141796875 0.065234375 0.065625
0 0.810546875 0.154296875 0.0671875 0.08515625
0 0.665625 0.203125 0.07734375 0.07578125
0 0.575390625 0.333984375 0.088671875 0.057421875
0 0.692578125 0.39296875 0.074609375 0.062109375
0 0.69765625 0.56015625 0.089453125 0.0609375
0 0.6265625 0.60546875 0.0703125 0.06328125
0 0.955078125 0.68125 0.075390625 0.051953125
0 0.7265625 0.7609375 0.05546875 0.064453125
0 0.371875 0.89375 0.05234375 0.078125
0 0.42109375 0.860546875 0.06796875 0.05703125
0 0.446875 0.825 0.052734375 0.06796875
0 0.49453125 0.824609375 0.040234375 0.068359375
0 0.473828125 0.881640625 0.040625 0.053125
0 0.522265625 0.798046875 0.05078125 0.06796875
0 0.54765625 0.8296875 0.04921875 0.062890625
0 0.510546875 0.885546875 0.053125 0.04296875
0 0.565625 0.880078125 0.04453125 0.0546875
0 0.5796875 0.82109375 0.03671875 0.06953125
0 0.603515625 0.890625 0.056640625 0.0375
0 0.60390625 0.84609375 0.0390625 0.049609375
0 0.6796875 0.862109375 0.04296875 0.091015625
0 0.70625 0.884375 0.050390625 0.063671875
0 0.735546875 0.865625 0.034765625 0.066796875
0 0.828515625 0.692578125 0.07109375 0.028515625
0 0.65 0.88671875 0.04296875 0.064453125
0 0.642578125 0.834375 0.037109375 0.043359375
0 0.29140625 0.773046875 0.078515625 0.0640625
0 0.278515625 0.818359375 0.0625 0.06484375
0 0.172265625 0.658203125 0.073046875 0.05625
0 0.219140625 0.7328125 0.05390625 0.099609375
0 0.081640625 0.802734375 0.059765625 0.08125
0 0.026953125 0.76484375 0.05390625 0.086328125
0 0.055859375 0.349609375 0.09765625 0.084375
0 0.1546875 0.218359375 0.064453125 0.074609375
0 0.228515625 0.22109375 0.066796875 0.0765625
0 0.177734375 0.28671875 0.078125 0.0546875
0 0.384765625 0.41640625 0.0828125 0.066015625
0 0.251953125 0.126953125 0.057421875 0.078125
0 0.117578125 0.115234375 0.073828125 0.066015625
0 0.175390625 0.11484375 0.074609375 0.05546875
0 0.0421875 0.1140625 0.06015625 0.082421875
0 0.308984375 0.157421875 0.071875 0.074609375
0 0.307421875 0.226171875 0.059375 0.079296875
0 0.353515625 0.22734375 0.0578125 0.084375
0 0.508984375 0.21796875 0.063671875 0.070703125