0 0.024609375 0.67421875 0.04921875 0.07578125
0 0.025 0.857421875 0.049609375 0.07109375
0 0.1484375 0.778515625 0.05859375 0.072265625
0 0.188671875 0.744921875 0.057421875 0.082421875
0 0.077734375 0.77265625 0.07890625 0.056640625
0 0.08359375 0.82421875 0.085546875 0.054296875
0 0.2234375 0.7765625 0.08984375 0.0609375
0 0.240234375 0.83046875 0.073046875 0.06640625
0 0.22421875 0.873828125 0.06953125 0.059375
0 0.115625 0.864453125 0.0625 0.067578125
0 0.15234375 0.88125 0.071484375 0.064453125
0 0.352734375 0.878125 0.06796875 0.076953125
0 0.39296875 0.86875 0.042578125 0.07890625
0 0.4359375 0.852734375 0.05234375 0.075
0 0.505859375 0.887109375 0.090234375 0.059375
0 0.44375 0.88671875 0.056640625 0.05859375
0 0.465234375 0.776953125 0.064453125 0.072265625
0 0.53203125 0.752734375 0.113671875 0.059375
0 0.43125 0.784375 0.046484375 0.062890625
0 0.519921875 0.8109375 0.058984375 0.09609375
0 0.563671875 0.830859375 0.0578125 0.076171875
0 0.575390625 0.869921875 0.07421875 0.059375
0 0.73984375 0.79609375 0.06015625 0.075390625
0 0.782421875 0.928125 0.04765625 0.03984375
0 0.793359375 0.834375 0.06171875 0.06328125
0 0.833984375 0.87265625 0.0578125 0.08125
0 0.876171875 0.89375 0.070703125 0.0765625
0 0.94140625 0.73359375 0.058203125 0.0796875
0 0.529296875 0.659765625 0.05859375 0.080078125
0 0.515625 0.5890625 0.075390625 0.0609375
0 0.701953125 0.598828125 0.059765625 0.08125
0 0.398046875 0.64453125 0.087109375 0.06484375
0 0.295703125 0.481640625 0.059375 0.07578125
0 0.271875 0.3734375 0.08046875 0.069921875
0 0.128125 0.32265625 0.087890625 0.059765625
0 0.980859375 0.32421875 0.03828125 0.0671875
0 0.671875 0.210546875 0.061328125 0.087890625
0 0.768359375 0.289453125 0.09609375 0.055859375