0 0.028515625 0.11015625 0.05703125 0.0796875
0 0.1078125 0.1109375 0.0921875 0.075
0 0.180078125 0.080078125 0.066015625 0.08203125
0 0.224609375 0.0671875 0.053515625 0.073046875
0 0.24609375 0.0890625 0.068359375 0.0734375
0 0.308203125 0.073828125 0.091015625 0.06015625
0 0.284765625 0.12109375 0.076171875 0.065625
0 0.31484375 0.146875 0.06484375 0.08125
0 0.36484375 0.11953125 0.062109375 0.096484375
0 0.12421875 0.81015625 0.093359375 0.09296875
0 0.98125 0.047265625 0.0375 0.05234375
0 0.990234375 0.098828125 0.01953125 0.064453125
0 0.96640625 0.092578125 0.066796875 0.060546875
0 0.98671875 0.19765625 0.0265625 0.0625
0 0.968359375 0.16484375 0.062890625 0.08125
0 0.937890625 0.1390625 0.0609375 0.085546875
0 0.88671875 0.144921875 0.07734375 0.066015625
0 0.860546875 0.11796875 0.061328125 0.0921875
0 0.92109375 0.092578125 0.0796875 0.05
0 0.950390625 0.0515625 0.058203125 0.055859375
0 0.9046875 0.046484375 0.048046875 0.067578125
0 0.860546875 0.11328125 0.05 0.090234375
0 0.866015625 0.058203125 0.043359375 0.069140625
0 0.81875 0.058203125 0.0765625 0.07578125
0 0.809375 0.10234375 0.0625 0.107421875
0 0.769921875 0.096484375 0.047265625 0.103515625
0 0.742578125 0.083203125 0.054296875 0.101953125
0 0.69375 0.08671875 0.064453125 0.07890625
0 0.97421875 0.876953125 0.051171875 0.085546875
0 0.94453125 0.88203125 0.0578125 0.078515625
0 0.898046875 0.87421875 0.063671875 0.08671875
0 0.861328125 0.878515625 0.0546875 0.0765625
0 0.8203125 0.88046875 0.05390625 0.087109375
0 0.78359375 0.88046875 0.058984375 0.07890625
0 0.73984375 0.88125 0.058203125 0.087890625
0 0.7140625 0.857421875 0.057421875 0.079296875
0 0.660546875 0.888671875 0.066015625 0.05546875
0 0.67578125 0.83671875 0.063671875 0.09609375
0 0.650390625 0.803515625 0.075 0.076953125
0 0.62734375 0.85625 0.061328125 0.060546875
0 0.596875 0.88671875 0.0734375 0.059375
0 0.547265625 0.898828125 0.063671875 0.059375
0 0.50703125 0.86796875 0.071875 0.074609375
0 0.537890625 0.853125 0.06328125 0.076953125
0 0.57890625 0.8375 0.086328125 0.066015625
0 0.45 0.828515625 0.07265625 0.064453125
0 0.450390625 0.887109375 0.079296875 0.065625
0 0.476171875 0.784765625 0.065625 0.087109375