0 0.93671875 0.838671875 0.066796875 0.06328125
0 0.96328125 0.6484375 0.055859375 0.07109375
0 0.6734375 0.68671875 0.048828125 0.079296875
0 0.761328125 0.76015625 0.054296875 0.087109375
0 0.797265625 0.84140625 0.052734375 0.06953125
0 0.62265625 0.7953125 0.05703125 0.084375
0 0.65078125 0.8359375 0.047265625 0.07109375
0 0.471484375 0.6671875 0.0515625 0.07421875
0 0.557421875 0.52734375 0.0765625 0.051171875
0 0.724609375 0.42734375 0.0625 0.056640625
0 0.576953125 0.3359375 0.07421875 0.05546875
0 0.896484375 0.11328125 0.059765625 0.05703125
0 0.638671875 0.1078125 0.051953125 0.07421875
0 0.780859375 0.11015625 0.05625 0.062109375
0 0.740234375 0.101171875 0.04609375 0.06171875
0 0.676171875 0.12265625 0.046484375 0.07890625
0 0.7109375 0.10859375 0.0359375 0.079296875
0 0.240625 0.19375 0.05390625 0.071875
0 0.19765625 0.26953125 0.07109375 0.084375
0 0.208203125 0.40703125 0.0546875 0.07578125
0 0.328125 0.478515625 0.065234375 0.066015625
0 0.318359375 0.58359375 0.0703125 0.067578125
0 0.414453125 0.616015625 0.053515625 0.084765625
0 0.28828125 0.690625 0.056640625 0.087109375
0 0.337890625 0.7 0.06328125 0.081640625
0 0.157421875 0.661328125 0.056640625 0.066015625
0 0.19921875 0.73515625 0.087890625 0.050390625
0 0.2640625 0.82890625 0.058984375 0.088671875
0 0.04453125 0.8390625 0.0859375 0.079296875
0 0.13203125 0.858203125 0.0796875 0.05234375
0 0.2609375 0.87890625 0.08515625 0.05390625
0 0.53203125 0.834765625 0.06796875 0.060546875
0 0.480859375 0.84296875 0.0453125 0.07265625
0 0.500390625 0.870703125 0.070703125 0.0515625
0 0.355859375 0.86796875 0.08359375 0.059765625
0 0.011328125 0.678125 0.02265625 0.071875
0 0.080859375 0.479296875 0.0609375 0.0578125
0 0.170703125 0.543359375 0.080859375 0.059765625
0 0.026171875 0.48046875 0.05234375 0.075