0 0.032421875 0.121484375 0.064453125 0.082421875
0 0.13203125 0.06953125 0.09609375 0.05234375
0 0.165625 0.10546875 0.062890625 0.07109375
0 0.27578125 0.091015625 0.061328125 0.08046875
0 0.348828125 0.123046875 0.0578125 0.07109375
0 0.134765625 0.3765625 0.065234375 0.092578125
0 0.30859375 0.434375 0.060546875 0.079296875
0 0.158984375 0.45625 0.05625 0.083984375
0 0.45078125 0.26796875 0.07109375 0.066015625
0 0.622265625 0.259375 0.065625 0.0609375
0 0.686328125 0.300390625 0.058984375 0.07890625
0 0.657421875 0.09375 0.055859375 0.07421875
0 0.727734375 0.098828125 0.078125 0.062109375
0 0.779296875 0.060546875 0.0734375 0.0625
0 0.833984375 0.0765625 0.051953125 0.07734375
0 0.871875 0.069140625 0.046875 0.085546875
0 0.89921875 0.06875 0.0484375 0.083203125
0 0.94140625 0.066015625 0.055859375 0.066015625
0 0.14296875 0.77421875 0.080859375 0.091796875
0 0.35390625 0.7984375 0.080859375 0.068359375
0 0.4921875 0.79375 0.059375 0.083984375
0 0.57109375 0.709375 0.062890625 0.05078125
0 0.432421875 0.854296875 0.0625 0.07109375
0 0.40859375 0.891796875 0.071875 0.058203125
0 0.487890625 0.852734375 0.07265625 0.058203125
0 0.490625 0.887890625 0.0578125 0.059375
0 0.537109375 0.873046875 0.0484375 0.06328125
0 0.621875 0.8234375 0.056640625 0.0765625
0 0.594921875 0.881640625 0.06640625 0.060546875
0 0.62578125 0.88515625 0.045703125 0.06484375
0 0.662109375 0.890625 0.05078125 0.0640625
0 0.67734375 0.8703125 0.04921875 0.07578125
0 0.7109375 0.785546875 0.05546875 0.078515625
0 0.737109375 0.71171875 0.0828125 0.05078125
0 0.755078125 0.9109375 0.08046875 0.053125
0 0.72734375 0.8625 0.0546875 0.064453125
0 0.7859375 0.818359375 0.083984375 0.066796875
0 0.7671875 0.866015625 0.047265625 0.05703125
0 0.80078125 0.881640625 0.03828125 0.07265625
0 0.832421875 0.883984375 0.046875 0.071875
0 0.9234375 0.704296875 0.079296875 0.062890625
0 0.907421875 0.77109375 0.090234375 0.060546875
0 0.870703125 0.888671875 0.06484375 0.06015625
0 0.88203125 0.864453125 0.05 0.076953125
0 0.931640625 0.86484375 0.059765625 0.078125
0 0.962890625 0.85390625 0.07421875 0.065625
0 0.975390625 0.887109375 0.04921875 0.04921875