0 0.965625 0.13203125 0.06875 0.109765625
0 0.8703125 0.139453125 0.093359375 0.083984375
0 0.665625 0.14765625 0.087109375 0.07421875
0 0.4765625 0.2 0.063671875 0.075
0 0.851171875 0.502734375 0.069140625 0.05390625
0 0.930078125 0.432421875 0.065625 0.081640625
0 0.969140625 0.382421875 0.06171875 0.06953125
0 0.607421875 0.48984375 0.05234375 0.08828125
0 0.455078125 0.431640625 0.0765625 0.055078125
0 0.6703125 0.613671875 0.057421875 0.08984375
0 0.491015625 0.71328125 0.08828125 0.0609375
0 0.528515625 0.747265625 0.114453125 0.073046875
0 0.421875 0.863671875 0.06796875 0.07890625
0 0.570703125 0.884765625 0.078125 0.06640625
0 0.64375 0.85078125 0.071875 0.091796875
0 0.884765625 0.792578125 0.080859375 0.079296875
0 0.409765625 0.7046875 0.05859375 0.080859375
0 0.015625 0.8109375 0.03125 0.0671875
0 0.310546875 0.878515625 0.05078125 0.06015625
0 0.3140625 0.7578125 0.08046875 0.06796875
0 0.183984375 0.72109375 0.091015625 0.059765625
0 0.0921875 0.721875 0.07578125 0.08984375
0 0.09375 0.783984375 0.087890625 0.083984375
0 0.18515625 0.8015625 0.05234375 0.0734375
0 0.141796875 0.8140625 0.0734375 0.059375
0 0.211328125 0.8171875 0.05625 0.065625
0 0.028125 0.844140625 0.05625 0.05546875
0 0.105859375 0.824609375 0.0515625 0.075390625
0 0.142578125 0.855859375 0.07265625 0.04140625
0 0.20859375 0.8609375 0.083984375 0.0515625
0 0.223046875 0.884375 0.072265625 0.07109375
0 0.251171875 0.886328125 0.074609375 0.07578125
0 0.03203125 0.894140625 0.063671875 0.0609375
0 0.014453125 0.8765625 0.028515625 0.046484375
0 0.081640625 0.900390625 0.05078125 0.04375
0 0.10234375 0.875390625 0.047265625 0.041015625
0 0.1453125 0.89609375 0.065625 0.062109375
0 0.303515625 0.8171875 0.09609375 0.060546875
0 0.08984375 0.6125 0.074609375 0.086328125
0 0.23515625 0.3703125 0.06015625 0.093359375
0 0.358203125 0.23828125 0.084375 0.06015625
0 0.4234375 0.11640625 0.078515625 0.06484375
0 0.27890625 0.115234375 0.058984375 0.075
0 0.31640625 0.12734375 0.0546875 0.07734375
0 0.359375 0.168359375 0.059375 0.08671875
0 0.076171875 0.29375 0.083984375 0.065625