0 0.987109375 0.19921875 0.02578125 0.0890625
0 0.979296875 0.101953125 0.04140625 0.04921875
0 0.976171875 0.158203125 0.04765625 0.08203125
0 0.949609375 0.150390625 0.035546875 0.066015625
0 0.7484375 0.256640625 0.06328125 0.091015625
0 0.866015625 0.3125 0.095703125 0.05390625
0 0.964453125 0.391796875 0.063671875 0.083203125
0 0.786328125 0.43515625 0.093359375 0.06171875
0 0.823828125 0.591796875 0.068359375 0.062109375
0 0.983984375 0.5828125 0.031640625 0.047265625
0 0.98125 0.66796875 0.0375 0.0671875
0 0.940234375 0.74375 0.075390625 0.056640625
0 0.83359375 0.735546875 0.065625 0.0796875
0 0.765234375 0.644140625 0.0625 0.080859375
0 0.697265625 0.65703125 0.058984375 0.07578125
0 0.67421875 0.718359375 0.09921875 0.05
0 0.721484375 0.76328125 0.053125 0.078125
0 0.8484375 0.816796875 0.083203125 0.0640625
0 0.96484375 0.80546875 0.0703125 0.075
0 0.770703125 0.8453125 0.069921875 0.081640625
0 0.644921875 0.784375 0.045703125 0.079296875
0 0.68203125 0.7921875 0.0484375 0.06875
0 0.592578125 0.83984375 0.06640625 0.062109375
0 0.47734375 0.81796875 0.04765625 0.076171875
0 0.51953125 0.840625 0.062109375 0.0546875
0 0.5609375 0.8546875 0.056640625 0.065234375
0 0.533203125 0.8859375 0.058203125 0.044921875
0 0.478515625 0.88203125 0.04921875 0.054296875
0 0.449609375 0.869921875 0.046875 0.073046875
0 0.430859375 0.810546875 0.04765625 0.08046875
0 0.38203125 0.82890625 0.05078125 0.078125
0 0.401171875 0.871484375 0.065234375 0.05390625
0 0.39140625 0.708984375 0.063671875 0.06328125
0 0.46640625 0.610546875 0.053515625 0.0796875
0 0.63828125 0.6078125 0.081640625 0.059375
0 0.0125 0.85625 0.025 0.06875
0 0.021484375 0.76640625 0.04296875 0.083984375
0 0.04296875 0.713671875 0.08359375 0.058984375
0 0.19140625 0.666796875 0.0734375 0.094921875
0 0.2703125 0.579296875 0.066796875 0.076953125
0 0.16328125 0.562109375 0.0671875 0.084765625
0 0.241796875 0.3640625 0.06640625 0.084765625
0 0.300390625 0.358203125 0.063671875 0.073828125
0 0.084765625 0.434375 0.078515625 0.058203125
0 0.06640625 0.33125 0.073828125 0.06484375
0 0.03828125 0.25859375 0.0765625 0.0609375
0 0.030078125 0.185546875 0.05 0.055078125
0 0.065625 0.221875 0.06328125 0.04375
0 0.10078125 0.20390625 0.062890625 0.053125
0 0.14921875 0.2640625 0.06015625 0.060546875
0 0.302734375 0.248828125 0.06484375 0.055859375
0 0.3875 0.269140625 0.0484375 0.08828125
0 0.341796875 0.259765625 0.057421875 0.070703125
0 0.4390625 0.21328125 0.051171875 0.070703125
0 0.494921875 0.26640625 0.0484375 0.074609375
0 0.418359375 0.098828125 0.05390625 0.055078125
0 0.466796875 0.096875 0.0578125 0.047265625
0 0.51015625 0.099609375 0.064453125 0.051953125
0 0.503125 0.13359375 0.065625 0.037890625
0 0.48046875 0.169140625 0.0390625 0.073046875
0 0.440234375 0.141015625 0.072265625 0.051171875
0 0.421484375 0.19140625 0.05390625 0.0640625
0 0.373828125 0.09375 0.04453125 0.0421875
0 0.373046875 0.133203125 0.04921875 0.048828125
0 0.396484375 0.15859375 0.0671875 0.044921875
0 0.3671875 0.20390625 0.065625 0.034765625
0 0.351953125 0.1796875 0.059765625 0.044921875
0 0.33515625 0.13125 0.03671875 0.05703125
0 0.3015625 0.166796875 0.05 0.06796875
0 0.26640625 0.2125 0.066796875 0.0453125
0 0.273046875 0.093359375 0.02890625 0.053515625
0 0.33671875 0.087890625 0.033984375 0.03359375
0 0.55625 0.30546875 0.07265625 0.05546875
0 0.61953125 0.258984375 0.039453125 0.07890625
0 0.552734375 0.24140625 0.04609375 0.066796875
0 0.53203125 0.205859375 0.053515625 0.066796875
0 0.578515625 0.101953125 0.062890625 0.045703125
0 0.623828125 0.101171875 0.033984375 0.0515625
0 0.636328125 0.15 0.03515625 0.05859375
0 0.651171875 0.103515625 0.03828125 0.06640625
0 0.68125 0.09375 0.04765625 0.05078125
0 0.69609375 0.234765625 0.0578125 0.05546875
0 0.601953125 0.14609375 0.037109375 0.069140625
0 0.57109375 0.14140625 0.05625 0.044921875
0 0.574609375 0.18125 0.044140625 0.059765625
0 0.585546875 0.221875 0.033984375 0.05625
0 0.62109375 0.20625 0.0515625 0.053125
0 0.67421875 0.1390625 0.03984375 0.066015625
0 0.65 0.1828125 0.042578125 0.058984375
0 0.680078125 0.1921875 0.055078125 0.045703125
0 0.72578125 0.19453125 0.04921875 0.056640625
0 0.721484375 0.101171875 0.030078125 0.044140625
0 0.74140625 0.147265625 0.059765625 0.04921875
0 0.7140625 0.1484375 0.05 0.04375
0 0.823828125 0.101171875 0.039453125 0.058203125
0 0.7484375 0.099609375 0.04453125 0.044140625
0 0.785546875 0.09609375 0.040625 0.037890625
0 0.778125 0.13984375 0.037109375 0.065234375
0 0.851953125 0.113671875 0.03671875 0.056640625
0 0.875390625 0.103515625 0.0453125 0.0578125
0 0.88359375 0.20078125 0.05 0.075390625
0 0.848046875 0.16328125 0.04765625 0.05703125
0 0.80546875 0.1578125 0.043359375 0.05625
0 0.79296875 0.213671875 0.05390625 0.074609375
0 0.9234375 0.098046875 0.048828125 0.044921875
0 0.916015625 0.165234375 0.04765625 0.06328125
0 0.88046875 0.14609375 0.03515625 0.03828125
0 0.05 0.083203125 0.04375 0.0515625
0 0.01875 0.0796875 0.0296875 0.040625
0 0.253125 0.1625 0.04453125 0.055078125
0 0.17578125 0.178515625 0.0390625 0.06484375
0 0.187890625 0.134765625 0.03828125 0.048828125
0 0.17578125 0.087890625 0.048828125 0.056640625
0 0.209375 0.112109375 0.035546875 0.052734375
0 0.22734375 0.08671875 0.05546875 0.0375
0 0.17578125 0.231640625 0.06328125 0.0484375
0 0.212890625 0.220703125 0.044140625 0.069921875
0 0.038671875 0.140625 0.042578125 0.061328125
0 0.07265625 0.169140625 0.051953125 0.051171875
0 0.14453125 0.15546875 0.044921875 0.041796875
0 0.10390625 0.088671875 0.057421875 0.055859375
0 0.147265625 0.128515625 0.05625 0.03125
0 0.14296875 0.090234375 0.043359375 0.045703125
0 0.11171875 0.161328125 0.039453125 0.03984375
0 0.012109375 0.137890625 0.02421875 0.06953125
0 0.11640625 0.130859375 0.0546875 0.034765625
0 0.085546875 0.117578125 0.040625 0.045703125
0 0.212109375 0.160546875 0.0421875 0.048046875
0 0.30234375 0.091796875 0.03359375 0.0515625
0 0.2640625 0.12265625 0.041015625 0.0546875