0 0.97578125 0.730078125 0.0484375 0.09140625
0 0.937890625 0.74609375 0.064453125 0.089453125
0 0.90078125 0.7609375 0.076171875 0.059765625
0 0.962109375 0.877734375 0.065625 0.08125
0 0.908984375 0.86953125 0.069140625 0.062890625
0 0.905078125 0.81640625 0.0796875 0.064453125
0 0.85 0.69609375 0.063671875 0.07265625
0 0.8140625 0.708203125 0.060546875 0.065625
0 0.692578125 0.730859375 0.061328125 0.07734375
0 0.910546875 0.451953125 0.07734375 0.060546875
0 0.970703125 0.51328125 0.05859375 0.058984375
0 0.84296875 0.498046875 0.059375 0.08125
0 0.87734375 0.48984375 0.057421875 0.078125
0 0.6578125 0.5421875 0.062890625 0.094921875
0 0.7515625 0.6171875 0.07421875 0.051953125
0 0.826953125 0.529296875 0.065234375 0.069921875
0 0.852734375 0.57734375 0.06796875 0.07578125
0 0.905859375 0.5453125 0.060546875 0.088671875
0 0.650390625 0.79375 0.0578125 0.08359375
0 0.56328125 0.731640625 0.0625 0.062109375
0 0.594921875 0.775390625 0.071484375 0.052734375
0 0.572265625 0.812890625 0.084375 0.047265625
0 0.60859375 0.826953125 0.065234375 0.0578125
0 0.618359375 0.871875 0.050390625 0.0671875
0 0.57734375 0.87578125 0.050390625 0.056640625
0 0.539453125 0.853125 0.08125 0.0609375
0 0.516015625 0.877734375 0.073828125 0.04765625
0 0.53984375 0.78125 0.056640625 0.054296875
0 0.498046875 0.802734375 0.0640625 0.05703125
0 0.511328125 0.743359375 0.048046875 0.071484375
0 0.4546875 0.776171875 0.0609375 0.058984375
0 0.48046875 0.7609375 0.05 0.05234375
0 0.46171875 0.71953125 0.075390625 0.056640625
0 0.341796875 0.83125 0.0703125 0.083203125
0 0.396484375 0.842578125 0.055859375 0.084765625
0 0.356640625 0.8765625 0.10078125 0.056640625
0 0.312890625 0.805859375 0.05390625 0.0734375
0 0.211328125 0.746484375 0.06640625 0.076171875
0 0.159375 0.7625 0.06875 0.076171875
0 0.05390625 0.66875 0.078515625 0.05390625
0 0.035546875 0.727734375 0.070703125 0.0703125
0 0.09296875 0.7578125 0.07578125 0.060546875
0 0.037109375 0.816015625 0.057421875 0.07265625
0 0.07890625 0.860546875 0.064453125 0.080859375
0 0.020703125 0.18671875 0.04140625 0.08359375
0 0.141015625 0.28828125 0.0703125 0.08515625
0 0.305859375 0.2640625 0.0640625 0.076953125
0 0.11875 0.3359375 0.094921875 0.06796875
0 0.198828125 0.377734375 0.077734375 0.05234375
0 0.15625 0.1078125 0.0796875 0.062109375
0 0.22109375 0.11484375 0.06640625 0.071875
0 0.274609375 0.100390625 0.073828125 0.05390625
0 0.312890625 0.11484375 0.076171875 0.056640625
0 0.980078125 0.101953125 0.03984375 0.087109375
0 0.91484375 0.0953125 0.084375 0.065625
0 0.95 0.10859375 0.05625 0.076953125
0 0.68515625 0.10390625 0.076953125 0.0625
0 0.711328125 0.173828125 0.06484375 0.078515625
0 0.816015625 0.242578125 0.08203125 0.079296875
0 0.91484375 0.27734375 0.06953125 0.0859375
0 0.888671875 0.35546875 0.084375 0.0734375
0 0.66953125 0.3359375 0.080078125 0.0625
0 0.384765625 0.142578125 0.06015625 0.070703125
0 0.4390625 0.12734375 0.0609375 0.091015625
0 0.478125 0.10078125 0.0765625 0.062109375
0 0.5296875 0.109765625 0.06015625 0.078125
0 0.212109375 0.806640625 0.06796875 0.079296875
0 0.133203125 0.846875 0.072265625 0.075390625