0 0.732421875 0.247265625 0.055859375 0.07265625
0 0.655078125 0.376171875 0.070703125 0.075390625
0 0.98203125 0.50546875 0.0359375 0.059375
0 0.975 0.7109375 0.049609375 0.08359375
0 0.741796875 0.729296875 0.0921875 0.06953125
0 0.903515625 0.812890625 0.09921875 0.072265625
0 0.660546875 0.869921875 0.069140625 0.07734375
0 0.3546875 0.810546875 0.070703125 0.065625
0 0.081640625 0.799609375 0.06875 0.06484375
0 0.07734375 0.856640625 0.071875 0.053515625
0 0.053125 0.83828125 0.039453125 0.0375