0 0.986328125 0.556640625 0.02734375 0.078125
0 0.838671875 0.559765625 0.095703125 0.0625
0 0.859765625 0.891015625 0.070703125 0.066796875
0 0.98046875 0.88828125 0.038671875 0.072265625
0 0.958984375 0.90390625 0.065625 0.073828125
0 0.348828125 0.882421875 0.076171875 0.069921875
0 0.404296875 0.79140625 0.0640625 0.06015625
0 0.673046875 0.80625 0.05859375 0.062890625
0 0.652734375 0.85625 0.067578125 0.062890625
0 0.41015625 0.590234375 0.065234375 0.049609375
0 0.469140625 0.599609375 0.048828125 0.08203125
0 0.500390625 0.61953125 0.061328125 0.05546875
0 0.43125 0.634765625 0.062109375 0.057421875