0 0.993359375 0.26171875 0.01328125 0.046484375
0 0.977734375 0.08359375 0.04453125 0.0359375
0 0.934765625 0.1046875 0.06328125 0.048828125
0 0.969921875 0.123046875 0.059765625 0.04296875
0 0.9890625 0.15546875 0.021875 0.051953125
0 0.97421875 0.187890625 0.051171875 0.070703125
0 0.93984375 0.189453125 0.0484375 0.08125
0 0.899609375 0.18046875 0.0515625 0.084375
0 0.883203125 0.149609375 0.06796875 0.062890625
0 0.803515625 0.112890625 0.07265625 0.053515625
0 0.82265625 0.174609375 0.0625 0.07578125
0 0.752734375 0.154296875 0.04765625 0.071484375
0 0.7265625 0.191796875 0.076953125 0.052734375
0 0.708984375 0.1421875 0.05390625 0.062109375
0 0.67578125 0.164453125 0.044921875 0.08046875
0 0.637890625 0.14765625 0.05390625 0.069921875
0 0.608984375 0.165234375 0.046875 0.07578125
0 0.568359375 0.175390625 0.04765625 0.08046875
0 0.580859375 0.118359375 0.06171875 0.068359375
0 0.548828125 0.103125 0.042578125 0.070703125
0 0.519140625 0.14453125 0.044921875 0.07578125
0 0.506640625 0.103515625 0.04921875 0.069921875
0 0.4703125 0.103125 0.04765625 0.062890625
0 0.436328125 0.1375 0.0671875 0.062109375
0 0.364453125 0.104296875 0.042578125 0.08046875
0 0.4046875 0.1140625 0.0453125 0.0796875
0 0.4390625 0.0921875 0.04609375 0.050390625
0 0.3390625 0.114453125 0.044140625 0.073046875
0 0.31640625 0.14921875 0.05859375 0.066796875
0 0.298828125 0.21171875 0.059375 0.068359375
0 0.2484375 0.160546875 0.078515625 0.055859375
0 0.260546875 0.1 0.07421875 0.061328125
0 0.22265625 0.109765625 0.05625 0.071484375
0 0.18515625 0.10234375 0.06171875 0.070703125
0 0.142578125 0.146875 0.06796875 0.051171875
0 0.1390625 0.102734375 0.0578125 0.051171875
0 0.09609375 0.1109375 0.046875 0.075390625
0 0.06484375 0.115625 0.05703125 0.072265625
0 0.025 0.10078125 0.05 0.058203125
0 0.01875 0.1265625 0.0375 0.0578125
0 0.055078125 0.1609375 0.053125 0.069140625
0 0.012890625 0.1765625 0.025390625 0.062890625
0 0.020703125 0.346875 0.04140625 0.071875
0 0.4546875 0.192578125 0.0515625 0.072265625
0 0.480859375 0.20859375 0.065625 0.060546875
0 0.543359375 0.240234375 0.0515625 0.071484375
0 0.79296875 0.33671875 0.06171875 0.069140625
0 0.476953125 0.28828125 0.053125 0.069140625
0 0.055859375 0.392578125 0.080859375 0.053515625
0 0.015625 0.477734375 0.03125 0.08203125
0 0.235546875 0.365625 0.0515625 0.073046875
0 0.622265625 0.361328125 0.07109375 0.060546875
0 0.65078125 0.415625 0.076171875 0.059765625
0 0.728125 0.45859375 0.05234375 0.084375
0 0.765625 0.533984375 0.0640625 0.058984375
0 0.9484375 0.7 0.0546875 0.075390625
0 0.811328125 0.68828125 0.084765625 0.049609375
0 0.884765625 0.725 0.05234375 0.069140625
0 0.83203125 0.73828125 0.0671875 0.054296875
0 0.821484375 0.7875 0.06640625 0.052734375
0 0.86328125 0.8375 0.0703125 0.072265625
0 0.7265625 0.83203125 0.06484375 0.055078125
0 0.702734375 0.68203125 0.07421875 0.054296875
0 0.607421875 0.47734375 0.053125 0.073828125
0 0.419921875 0.409375 0.0484375 0.066015625
0 0.4515625 0.4859375 0.0703125 0.052734375
0 0.347265625 0.468359375 0.07421875 0.055859375
0 0.39375 0.520703125 0.065625 0.055859375
0 0.365234375 0.550390625 0.05625 0.066015625
0 0.37578125 0.611328125 0.06640625 0.050390625
0 0.15234375 0.506640625 0.0640625 0.084375
0 0.10703125 0.584375 0.076953125 0.053515625
0 0.069921875 0.6828125 0.0640625 0.07578125
0 0.05 0.784375 0.06015625 0.0828125
0 0.147265625 0.773046875 0.083203125 0.060546875
0 0.184375 0.858203125 0.04609375 0.0796875
0 0.276171875 0.830078125 0.078515625 0.057421875
0 0.321875 0.791796875 0.071875 0.053515625
0 0.4671875 0.838671875 0.065625 0.057421875
0 0.525390625 0.875390625 0.06484375 0.048828125
0 0.55625 0.85234375 0.07421875 0.051171875
0 0.61328125 0.868359375 0.07109375 0.053515625
0 0.6359375 0.827734375 0.05 0.068359375
0 0.535546875 0.66328125 0.0484375 0.070703125
0 0.24296875 0.591015625 0.05546875 0.071484375
0 0.589453125 0.669140625 0.06796875 0.055078125