0 0.214453125 0.094921875 0.062109375 0.08828125
0 0.1609375 0.089453125 0.05859375 0.080078125
0 0.13515625 0.1265625 0.036328125 0.0640625
0 0.19609375 0.13046875 0.053515625 0.06171875
0 0.173828125 0.156640625 0.051953125 0.0671875
0 0.029296875 0.168359375 0.058203125 0.06484375
0 0.54453125 0.663671875 0.048828125 0.094921875
0 0.49453125 0.8578125 0.05234375 0.071875
0 0.41796875 0.827734375 0.0671875 0.073828125
0 0.45390625 0.84453125 0.0421875 0.070703125
0 0.4125 0.862890625 0.06328125 0.051171875
0 0.4125 0.8953125 0.05234375 0.0484375
0 0.456640625 0.898046875 0.055078125 0.055078125
0 0.961328125 0.788671875 0.07734375 0.07734375
0 0.866796875 0.791796875 0.096484375 0.052734375
0 0.891796875 0.854296875 0.0609375 0.059375
0 0.908984375 0.905859375 0.084765625 0.052734375
0 0.1140625 0.14453125 0.051953125 0.082421875