0 0.03046875 0.805078125 0.0609375 0.094140625
0 0.48359375 0.85390625 0.0546875 0.069140625
0 0.5109375 0.886328125 0.080078125 0.055859375
0 0.554296875 0.90078125 0.04921875 0.0578125
0 0.591796875 0.898828125 0.04453125 0.059765625
0 0.541796875 0.84453125 0.068359375 0.06953125
0 0.58359375 0.816015625 0.0546875 0.08046875
0 0.6328125 0.79609375 0.064453125 0.068359375
0 0.604296875 0.8515625 0.056640625 0.061328125
0 0.505859375 0.54453125 0.069921875 0.068359375
0 0.5546875 0.56875 0.068359375 0.09609375
0 0.9359375 0.484765625 0.070703125 0.081640625
0 0.9609375 0.59140625 0.073046875 0.080859375
0 0.956640625 0.854296875 0.073828125 0.061328125
0 0.983984375 0.88828125 0.03203125 0.0734375
0 0.965625 0.90703125 0.047265625 0.06796875
0 0.923828125 0.90703125 0.061328125 0.0703125
0 0.893359375 0.85703125 0.058203125 0.090234375
0 0.84375 0.844140625 0.051171875 0.08359375
0 0.813671875 0.85078125 0.05703125 0.078515625
0 0.880859375 0.89921875 0.059375 0.06796875
0 0.84375 0.907421875 0.053125 0.063671875
0 0.800390625 0.906640625 0.078125 0.066796875
0 0.75390625 0.902734375 0.07421875 0.056640625
0 0.779296875 0.8421875 0.051953125 0.08359375
0 0.71875 0.847265625 0.0828125 0.087890625
0 0.70390625 0.899609375 0.0546875 0.069140625
0 0.65859375 0.90703125 0.076953125 0.05390625
0 0.6703125 0.8578125 0.0765625 0.064453125
0 0.08359375 0.40390625 0.080859375 0.058984375
0 0.126171875 0.434765625 0.068359375 0.08125
0 0.121875 0.33828125 0.05625 0.08203125
0 0.076953125 0.315625 0.071484375 0.075390625
0 0.077734375 0.253515625 0.084765625 0.06953125
0 0.09609375 0.182421875 0.078125 0.085546875
0 0.006640625 0.166796875 0.012890625 0.048828125
0 0.126171875 0.09765625 0.0703125 0.083203125
0 0.062890625 0.121875 0.066015625 0.065234375
0 0.017578125 0.117578125 0.03515625 0.0796875
0 0.0859375 0.088671875 0.050390625 0.081640625
0 0.0390625 0.070703125 0.078125 0.051171875
0 0.2 0.18984375 0.052734375 0.075390625
0 0.240234375 0.323046875 0.066015625 0.083203125
0 0.370703125 0.328125 0.107421875 0.089453125
0 0.53359375 0.33125 0.0796875 0.07109375
0 0.357421875 0.264453125 0.08046875 0.06015625
0 0.36484375 0.21796875 0.07109375 0.053125
0 0.314453125 0.221484375 0.07265625 0.04375
0 0.287890625 0.2640625 0.07890625 0.0515625
0 0.236328125 0.248828125 0.091796875 0.055078125
0 0.27421875 0.213671875 0.08203125 0.051953125
0 0.248828125 0.196484375 0.06328125 0.06796875
0 0.291796875 0.160546875 0.07890625 0.062109375
0 0.3125 0.13359375 0.073828125 0.085546875
0 0.2328125 0.142578125 0.05859375 0.079296875
0 0.207421875 0.12421875 0.066015625 0.080078125
0 0.43046875 0.174609375 0.062109375 0.079296875
0 0.3640625 0.123828125 0.07109375 0.07109375
0 0.351953125 0.074609375 0.0671875 0.05546875
0 0.398046875 0.083203125 0.048828125 0.078125
0 0.441015625 0.077734375 0.048828125 0.061328125
0 0.47734375 0.08984375 0.050390625 0.07109375
0 0.512109375 0.0734375 0.053125 0.073828125
0 0.553125 0.0703125 0.05703125 0.055859375
0 0.60703125 0.076953125 0.071484375 0.056640625
0 0.6578125 0.0984375 0.054296875 0.08984375
0 0.5921875 0.12734375 0.080859375 0.055859375
0 0.55625 0.1125 0.051171875 0.063671875
0 0.511328125 0.11953125 0.056640625 0.0796875
0 0.42890625 0.12265625 0.053125 0.0671875
0 0.476953125 0.146875 0.04765625 0.087109375
0 0.517578125 0.180078125 0.064453125 0.069140625
0 0.555859375 0.220703125 0.073828125 0.06796875
0 0.600390625 0.194921875 0.093359375 0.093359375
0 0.55859375 0.1609375 0.05859375 0.074609375
0 0.655078125 0.194140625 0.09375 0.078515625
0 0.9578125 0.086328125 0.070703125 0.073046875
0 0.908984375 0.05234375 0.06015625 0.1046875
0 0.8546875 0.086328125 0.05625 0.08671875
0 0.806640625 0.084375 0.066796875 0.086328125
0 0.749609375 0.067578125 0.082421875 0.05625
0 0.783203125 0.121875 0.088671875 0.063671875
0 0.74140625 0.1125 0.07734375 0.058203125
0 0.693359375 0.13359375 0.065625 0.072265625
0 0.983984375 0.31640625 0.03203125 0.075
0 0.966796875 0.389453125 0.06640625 0.0671875
0 0.869921875 0.393359375 0.082421875 0.06328125
0 0.937109375 0.308203125 0.078125 0.069921875
0 0.951171875 0.273046875 0.0703125 0.06015625
0 0.959375 0.23125 0.08125 0.059375
0 0.915234375 0.197265625 0.07578125 0.099609375
0 0.8734375 0.1890625 0.055859375 0.071875
0 0.81796875 0.158984375 0.051953125 0.085546875
0 0.771875 0.174609375 0.05546875 0.056640625
0 0.715234375 0.178515625 0.08125 0.065234375
0 0.840625 0.21328125 0.061328125 0.075390625
0 0.790625 0.2140625 0.06875 0.066015625
0 0.828125 0.269140625 0.059375 0.08203125
0 0.78984375 0.28125 0.054296875 0.065234375
0 0.75078125 0.2953125 0.07890625 0.07109375
0 0.716796875 0.3265625 0.06015625 0.073046875
0 0.665234375 0.339453125 0.063671875 0.064453125
0 0.67109375 0.289453125 0.079296875 0.055078125
0 0.68203125 0.25 0.080078125 0.0515625
0 0.726171875 0.226953125 0.06171875 0.06171875
0 0.764453125 0.222265625 0.057421875 0.06328125