0 0.023828125 0.25703125 0.04765625 0.0671875
0 0.017578125 0.194140625 0.03515625 0.05859375
0 0.059375 0.220703125 0.06640625 0.0578125
0 0.082421875 0.26328125 0.089453125 0.056640625
0 0.154296875 0.25234375 0.066015625 0.075
0 0.18828125 0.28984375 0.067578125 0.08515625
0 0.033203125 0.075 0.06015625 0.084375
0 0.028515625 0.141796875 0.056640625 0.066015625
0 0.080078125 0.165234375 0.040625 0.09453125
0 0.11484375 0.1765625 0.05078125 0.090234375
0 0.153515625 0.192578125 0.069140625 0.064453125
0 0.07109375 0.115625 0.038671875 0.05859375
0 0.0828125 0.07109375 0.036328125 0.023046875
0 0.090625 0.09921875 0.031640625 0.037890625
0 0.112109375 0.10625 0.03046875 0.076953125
0 0.14609375 0.085546875 0.037109375 0.048828125
0 0.146484375 0.13671875 0.048828125 0.055078125
0 0.181640625 0.08984375 0.053125 0.055078125
0 0.2359375 0.0875 0.04765625 0.04609375
0 0.235546875 0.138671875 0.070703125 0.062890625
0 0.188671875 0.12734375 0.044140625 0.054296875
0 0.228125 0.179296875 0.074609375 0.06796875
0 0.221484375 0.225390625 0.0578125 0.059375
0 0.287890625 0.1875 0.039453125 0.072265625
0 0.26953125 0.115234375 0.043359375 0.0734375
0 0.30234375 0.239453125 0.07265625 0.055859375
0 0.328515625 0.088671875 0.04921875 0.046484375
0 0.28984375 0.086328125 0.040625 0.0328125
0 0.3234375 0.183203125 0.039453125 0.0625
0 0.384375 0.222265625 0.048828125 0.0828125
0 0.355859375 0.193359375 0.035546875 0.064453125
0 0.306640625 0.13515625 0.0359375 0.057421875
0 0.33828125 0.130078125 0.048046875 0.058203125
0 0.376171875 0.130859375 0.033203125 0.0453125
0 0.371875 0.09296875 0.041015625 0.041015625
0 0.3390625 0.101953125 0.04609375 0.034375
0 0.42265625 0.230859375 0.05234375 0.060546875
0 0.46640625 0.22109375 0.04375 0.056640625
0 0.411328125 0.130078125 0.040625 0.071484375
0 0.38671875 0.16328125 0.052734375 0.04375
0 0.428125 0.171875 0.041015625 0.05625
0 0.45625 0.18828125 0.055859375 0.04609375
0 0.45234375 0.1265625 0.039453125 0.0375
0 0.459375 0.15859375 0.055078125 0.03828125
0 0.45 0.08671875 0.052734375 0.039453125
0 0.403515625 0.089453125 0.02890625 0.0375
0 0.480859375 0.09140625 0.035546875 0.05078125
0 0.51328125 0.092578125 0.0328125 0.048828125
0 0.4984375 0.11796875 0.039453125 0.06015625
0 0.53515625 0.12109375 0.030078125 0.04453125
0 0.562890625 0.148828125 0.069921875 0.050390625
0 0.54296875 0.180078125 0.056640625 0.0359375
0 0.50234375 0.1515625 0.0421875 0.046875
0 0.503125 0.19921875 0.040234375 0.078125
0 0.549609375 0.212109375 0.065234375 0.050390625
0 0.59296875 0.203125 0.05 0.0671875
0 0.54921875 0.091015625 0.0640625 0.035546875
0 0.566796875 0.1078125 0.0453125 0.035546875
0 0.60234375 0.0953125 0.051953125 0.05
0 0.6484375 0.088671875 0.0546875 0.046875
0 0.525390625 0.28046875 0.080859375 0.0515625
0 0.474609375 0.262109375 0.085546875 0.066015625
0 0.612109375 0.26328125 0.08203125 0.068359375
0 0.658984375 0.258203125 0.030859375 0.075390625
0 0.6390625 0.214453125 0.056640625 0.04375
0 0.619140625 0.1390625 0.05859375 0.037890625
0 0.650390625 0.130078125 0.04765625 0.05625
0 0.656640625 0.185546875 0.03359375 0.050390625
0 0.617578125 0.174609375 0.04453125 0.037890625
0 0.681640625 0.1546875 0.05 0.055078125
0 0.691796875 0.19453125 0.0421875 0.052734375
0 0.688671875 0.244921875 0.04765625 0.077734375
0 0.723046875 0.262109375 0.04609375 0.086328125
0 0.780859375 0.110546875 0.047265625 0.058984375
0 0.805859375 0.14921875 0.066796875 0.0453125
0 0.698046875 0.1265625 0.041796875 0.057421875
0 0.7125 0.097265625 0.02890625 0.047265625
0 0.689453125 0.09375 0.034375 0.040625
0 0.75234375 0.093359375 0.056640625 0.04375
0 0.73984375 0.12578125 0.04765625 0.04921875
0 0.7328125 0.159765625 0.05 0.05078125
0 0.777734375 0.1625 0.0453125 0.060546875
0 0.74765625 0.19765625 0.042578125 0.0796875
0 0.729296875 0.212109375 0.03984375 0.053515625
0 0.82578125 0.109375 0.051953125 0.07421875
0 0.862890625 0.11328125 0.05703125 0.079296875
0 0.884765625 0.113671875 0.06328125 0.06015625
0 0.878515625 0.151171875 0.066015625 0.059765625
0 0.920703125 0.155859375 0.041015625 0.05390625
0 0.825390625 0.231640625 0.0609375 0.05234375
0 0.7765625 0.228515625 0.037890625 0.053125
0 0.814453125 0.191796875 0.064453125 0.040625
0 0.8515625 0.201953125 0.053515625 0.04921875
0 0.87109375 0.228515625 0.0546875 0.0875
0 0.901953125 0.200390625 0.037109375 0.068359375
0 0.946484375 0.200390625 0.06484375 0.053515625
0 0.926171875 0.112890625 0.051171875 0.06328125
0 0.982421875 0.2640625 0.03515625 0.06328125
0 0.98203125 0.200390625 0.0359375 0.06328125
0 0.964453125 0.167578125 0.046484375 0.037890625
0 0.96796875 0.133984375 0.041796875 0.034375
0 0.96640625 0.099609375 0.04921875 0.033203125
0 0.991015625 0.111328125 0.017578125 0.0328125
0 0.9921875 0.150390625 0.015625 0.03984375
0 0.762109375 0.258203125 0.058203125 0.046875
0 0.796484375 0.301171875 0.058984375 0.072265625
0 0.852734375 0.31640625 0.076953125 0.050390625
0 0.749609375 0.3453125 0.070703125 0.07265625
0 0.7640625 0.433203125 0.087890625 0.049609375
0 0.838671875 0.56796875 0.087109375 0.0671875
0 0.908984375 0.648828125 0.077734375 0.06796875
0 0.908984375 0.744921875 0.074609375 0.06875
0 0.734375 0.741015625 0.073828125 0.05625
0 0.8109375 0.840234375 0.055078125 0.084375
0 0.717578125 0.833984375 0.061328125 0.0765625
0 0.78515625 0.88828125 0.074609375 0.07890625
0 0.851953125 0.9125 0.06953125 0.0375
0 0.61015625 0.701953125 0.08828125 0.059375
0 0.52890625 0.7546875 0.08046875 0.06640625
0 0.599609375 0.80625 0.075 0.075
0 0.630859375 0.87109375 0.071875 0.0515625
0 0.598046875 0.84609375 0.0546875 0.04453125
0 0.560546875 0.837109375 0.05546875 0.0640625
0 0.570703125 0.8828125 0.062109375 0.04921875
0 0.51171875 0.821484375 0.0703125 0.1
0 0.48984375 0.856640625 0.05546875 0.0796875
0 0.532421875 0.881640625 0.051171875 0.04296875
0 0.465625 0.871875 0.061328125 0.092578125
0 0.316796875 0.877734375 0.0625 0.08203125
0 0.37421875 0.864453125 0.05390625 0.0703125
0 0.41640625 0.875 0.046875 0.076171875
0 0.39453125 0.787109375 0.07109375 0.0890625
0 0.346875 0.7328125 0.080078125 0.066015625
0 0.25234375 0.79609375 0.0703125 0.07265625
0 0.312890625 0.803125 0.087109375 0.05859375
0 0.430859375 0.658203125 0.05625 0.078125
0 0.591015625 0.612109375 0.08828125 0.06171875
0 0.47421875 0.524609375 0.076953125 0.046484375
0 0.3203125 0.65078125 0.08046875 0.08203125
0 0.415234375 0.466015625 0.0796875 0.069140625
0 0.30859375 0.43671875 0.07890625 0.0546875
0 0.328515625 0.526953125 0.091015625 0.053515625
0 0.316015625 0.58671875 0.092578125 0.05703125
0 0.387109375 0.37578125 0.07734375 0.060546875
0 0.5140625 0.339453125 0.0796875 0.055859375
0 0.07890625 0.3375 0.081640625 0.06171875
0 0.0171875 0.362109375 0.033984375 0.054296875
0 0.059375 0.471875 0.07109375 0.0765625
0 0.1828125 0.51484375 0.06953125 0.080078125
0 0.1 0.658984375 0.10546875 0.072265625
0 0.13984375 0.71484375 0.058984375 0.080078125
0 0.2015625 0.86015625 0.091796875 0.07890625
0 0.146875 0.843359375 0.073046875 0.0921875
0 0.108203125 0.78125 0.096875 0.069140625
0 0.015234375 0.87421875 0.03046875 0.080859375
0 0.03515625 0.8390625 0.0640625 0.082421875
0 0.086328125 0.85 0.055859375 0.075
0 0.990625 0.73046875 0.01875 0.070703125