0 0.023046875 0.854296875 0.04609375 0.06015625
0 0.165625 0.70390625 0.055078125 0.062109375
0 0.234765625 0.7859375 0.065625 0.086328125
0 0.151953125 0.630078125 0.046875 0.066015625
0 0.825 0.6953125 0.058984375 0.079296875
0 0.8671875 0.570703125 0.0796875 0.0578125
0 0.977734375 0.573828125 0.04453125 0.0671875
0 0.8703125 0.63203125 0.08125 0.065234375
0 0.97265625 0.715234375 0.0546875 0.07734375
0 0.715234375 0.792578125 0.060546875 0.085546875
0 0.53671875 0.83203125 0.049609375 0.078515625
0 0.429296875 0.85859375 0.05390625 0.069140625
0 0.41484375 0.72421875 0.06015625 0.059375
0 0.462890625 0.622265625 0.0484375 0.080078125
0 0.539453125 0.593359375 0.07421875 0.06328125
0 0.401953125 0.66796875 0.073828125 0.052734375
0 0.32890625 0.678125 0.059765625 0.05
0 0.301171875 0.544921875 0.069140625 0.07890625
0 0.265625 0.450390625 0.07109375 0.066796875
0 0.409765625 0.455859375 0.0625 0.0578125
0 0.598828125 0.637890625 0.0703125 0.04296875
0 0.779296875 0.640234375 0.06796875 0.03828125