0 0.9625 0.81875 0.075 0.05859375
0 0.90625 0.74375 0.0609375 0.0828125
0 0.844140625 0.733984375 0.06171875 0.08046875
0 0.825390625 0.664453125 0.077734375 0.067578125
0 0.91796875 0.658984375 0.081640625 0.06171875
0 0.95703125 0.585546875 0.084765625 0.059765625
0 0.7796875 0.548046875 0.06953125 0.0640625
0 0.68984375 0.56640625 0.061328125 0.064453125
0 0.74609375 0.6765625 0.061328125 0.066015625
0 0.76484375 0.73359375 0.089453125 0.065625
0 0.656640625 0.75390625 0.07109375 0.06796875
0 0.773046875 0.816796875 0.068359375 0.063671875
0 0.839453125 0.856640625 0.079296875 0.06484375
0 0.80546875 0.801953125 0.088671875 0.066796875
0 0.58671875 0.6953125 0.07421875 0.065625
0 0.65234375 0.675 0.0546875 0.074609375
0 0.469140625 0.70859375 0.061328125 0.083203125
0 0.341015625 0.694921875 0.0796875 0.06484375
0 0.230859375 0.54609375 0.088671875 0.056640625
0 0.528125 0.486328125 0.060546875 0.080078125
0 0.425390625 0.58671875 0.07890625 0.055859375
0 0.542578125 0.5859375 0.069140625 0.06328125
0 0.65703125 0.858203125 0.05703125 0.07578125
0 0.606640625 0.868359375 0.065625 0.06171875
0 0.57421875 0.838671875 0.0625 0.0640625
0 0.556640625 0.8734375 0.069921875 0.0703125
0 0.524609375 0.855078125 0.040625 0.070703125
0 0.490234375 0.869921875 0.059375 0.071484375
0 0.491015625 0.828125 0.05546875 0.074609375
0 0.451953125 0.855078125 0.044140625 0.06875
0 0.4234375 0.878125 0.0375 0.05546875
0 0.381640625 0.873828125 0.056640625 0.055078125
0 0.406640625 0.831640625 0.062890625 0.06328125
0 0.379296875 0.81171875 0.059375 0.088671875
0 0.34140625 0.85234375 0.05234375 0.087109375
0 0.280859375 0.859765625 0.084375 0.07109375
0 0.15859375 0.851953125 0.057421875 0.084765625
0 0.030859375 0.80703125 0.06171875 0.05
0 0.008984375 0.7734375 0.01796875 0.05390625
0 0.049609375 0.774609375 0.072265625 0.053515625
0 0.0421875 0.740234375 0.083203125 0.06640625
0 0.08046875 0.70390625 0.094921875 0.0765625
0 0.10078125 0.64921875 0.094921875 0.06875
0 0.09453125 0.587109375 0.0765625 0.0578125
0 0.162109375 0.6875 0.081640625 0.056640625
0 0.197265625 0.712109375 0.076171875 0.0921875
0 0.18359375 0.782421875 0.07109375 0.065234375
0 0.2140625 0.808984375 0.06171875 0.0609375
0 0.287109375 0.777734375 0.076953125 0.05078125
0 0.241796875 0.745703125 0.065625 0.079296875
0 0.0296875 0.45234375 0.058984375 0.085546875
0 0.08359375 0.441796875 0.088671875 0.05390625
0 0.225390625 0.41796875 0.089453125 0.05
0 0.55703125 0.33203125 0.074609375 0.066015625
0 0.8734375 0.42734375 0.0890625 0.0546875
0 0.98359375 0.28125 0.032421875 0.05234375
0 0.9875 0.23515625 0.025 0.0578125
0 0.8625 0.365234375 0.096875 0.06484375
0 0.7875 0.27109375 0.0828125 0.065625
0 0.639453125 0.245703125 0.071875 0.062109375
0 0.50625 0.25625 0.05390625 0.069921875
0 0.98515625 0.11484375 0.0296875 0.0734375
0 0.93828125 0.17578125 0.062890625 0.08203125
0 0.95234375 0.112890625 0.070703125 0.0703125
0 0.907421875 0.106640625 0.05625 0.08125
0 0.87265625 0.10078125 0.047265625 0.0734375
0 0.83984375 0.1296875 0.05546875 0.07578125
0 0.866796875 0.16484375 0.0703125 0.073828125
0 0.828125 0.089453125 0.069921875 0.05859375
0 0.800390625 0.152734375 0.05 0.094921875
0 0.767578125 0.1390625 0.0640625 0.0734375
0 0.773828125 0.090625 0.06015625 0.064453125
0 0.728125 0.1 0.04765625 0.0640625
0 0.7453125 0.1546875 0.06328125 0.073046875
0 0.7046875 0.138671875 0.052734375 0.09453125
0 0.69296875 0.098828125 0.048046875 0.066015625
0 0.64375 0.096875 0.071484375 0.05625
0 0.659765625 0.12109375 0.053515625 0.076171875
0 0.666015625 0.18671875 0.0578125 0.081640625
0 0.634765625 0.1703125 0.0546875 0.065234375
0 0.6125 0.124609375 0.05625 0.0546875
0 0.58828125 0.08828125 0.059375 0.0484375
0 0.565234375 0.121484375 0.052734375 0.071484375
0 0.58984375 0.17421875 0.0515625 0.069140625
0 0.56875 0.20078125 0.0546875 0.086328125
0 0.531640625 0.22109375 0.05078125 0.078125
0 0.5296875 0.17578125 0.05078125 0.05390625
0 0.53359375 0.129296875 0.048046875 0.077734375
0 0.491796875 0.10078125 0.055078125 0.06640625
0 0.4890625 0.156640625 0.04765625 0.0421875
0 0.49453125 0.208203125 0.05703125 0.076953125
0 0.45625 0.212890625 0.055859375 0.074609375
0 0.436328125 0.172265625 0.062890625 0.05390625
0 0.465625 0.137109375 0.067578125 0.056640625
0 0.444921875 0.094921875 0.0484375 0.092578125
0 0.38125 0.090625 0.058984375 0.073828125
0 0.416796875 0.14375 0.055859375 0.04765625
0 0.420703125 0.21171875 0.0453125 0.08671875
0 0.3875 0.191796875 0.051953125 0.0890625
0 0.3625 0.2140625 0.05234375 0.09765625
0 0.316796875 0.228515625 0.0515625 0.078125
0 0.27578125 0.20703125 0.04609375 0.078125
0 0.236328125 0.21171875 0.0484375 0.07890625
0 0.325 0.173046875 0.04296875 0.056640625
0 0.35 0.14765625 0.090625 0.046484375
0 0.3703125 0.121484375 0.053125 0.04609375
0 0.41875 0.100390625 0.03671875 0.06875
0 0.331640625 0.089453125 0.0640625 0.04765625
0 0.329296875 0.11015625 0.045703125 0.0578125
0 0.30078125 0.101953125 0.04453125 0.062890625
0 0.290234375 0.15859375 0.048828125 0.075
0 0.2484375 0.157421875 0.058203125 0.05390625
0 0.19765625 0.170703125 0.069140625 0.046875
0 0.196484375 0.212109375 0.053125 0.070703125
0 0.1578125 0.20546875 0.0578125 0.07734375
0 0.173828125 0.153125 0.0546875 0.05390625
0 0.216015625 0.130078125 0.04296875 0.052734375
0 0.2734375 0.116015625 0.050390625 0.055859375
0 0.258984375 0.100390625 0.044921875 0.06484375
0 0.22109375 0.100390625 0.065234375 0.065625
0 0.185546875 0.11640625 0.0484375 0.069921875
0 0.150390625 0.128125 0.045703125 0.08984375
0 0.14921875 0.09296875 0.069921875 0.04453125
0 0.119140625 0.122265625 0.055078125 0.070703125
0 0.11328125 0.171875 0.05390625 0.06796875
0 0.07890625 0.133203125 0.039453125 0.062890625
0 0.063671875 0.18828125 0.065234375 0.085546875
0 0.099609375 0.09609375 0.0703125 0.049609375
0 0.0671875 0.10859375 0.04609375 0.078515625
0 0.027734375 0.169140625 0.05546875 0.0984375
0 0.03125 0.103515625 0.062109375 0.06953125