0 0.962890625 0.15703125 0.07421875 0.075
0 0.61484375 0.246875 0.06328125 0.091015625
0 0.69296875 0.51640625 0.07734375 0.050390625
0 0.813671875 0.778125 0.057421875 0.06640625
0 0.4171875 0.7453125 0.0765625 0.08125
0 0.1625 0.651171875 0.08671875 0.0765625
0 0.02890625 0.64140625 0.057421875 0.0875
0 0.11328125 0.679296875 0.07265625 0.0765625
0 0.3140625 0.85234375 0.072265625 0.06796875
0 0.20859375 0.84375 0.055859375 0.078125
0 0.19453125 0.80546875 0.076953125 0.0796875
0 0.130078125 0.801171875 0.08046875 0.084765625
0 0.094921875 0.85390625 0.083984375 0.062109375
0 0.020703125 0.814453125 0.04140625 0.06015625
0 0.023046875 0.72734375 0.045703125 0.060546875
0 0.038671875 0.763671875 0.076953125 0.05546875
0 0.148828125 0.167578125 0.07890625 0.058984375