0 0.273828125 0.47265625 0.04765625 0.087890625
0 0.3375 0.401171875 0.080859375 0.0578125
0 0.4421875 0.443359375 0.051953125 0.102734375
0 0.506640625 0.583203125 0.052734375 0.0921875
0 0.452734375 0.84140625 0.06015625 0.09140625
0 0.483984375 0.86484375 0.067578125 0.06015625
0 0.50703125 0.89296875 0.051171875 0.07421875
0 0.541015625 0.883203125 0.04296875 0.08359375
0 0.558984375 0.771484375 0.058984375 0.08671875
0 0.71328125 0.678125 0.055078125 0.09375
0 0.791015625 0.71796875 0.06953125 0.084375
0 0.977734375 0.613671875 0.04453125 0.06328125
0 0.976171875 0.475390625 0.047265625 0.0578125
0 0.575 0.839453125 0.065234375 0.059765625
0 0.6546875 0.79375 0.074609375 0.0609375
0 0.6109375 0.799609375 0.0453125 0.067578125
0 0.635546875 0.893359375 0.044140625 0.051953125
0 0.674609375 0.8921875 0.048828125 0.06875
0 0.713671875 0.81796875 0.055078125 0.06484375
0 0.748046875 0.784765625 0.081640625 0.05
0 0.8171875 0.783203125 0.06484375 0.062109375
0 0.868359375 0.77890625 0.041015625 0.075390625
0 0.818359375 0.89765625 0.047265625 0.043359375
0 0.779296875 0.891796875 0.05703125 0.0484375
0 0.801171875 0.851953125 0.04140625 0.057421875
0 0.7625 0.844921875 0.034375 0.05546875
0 0.724609375 0.86328125 0.049609375 0.071875
0 0.892578125 0.823828125 0.05078125 0.055078125
0 0.84375 0.84609375 0.04765625 0.0484375
0 0.8625 0.892578125 0.0453125 0.0484375
0 0.9421875 0.815234375 0.05546875 0.065625
0 0.97890625 0.7875 0.037109375 0.076171875
0 0.951171875 0.887890625 0.038671875 0.07109375
0 0.98359375 0.89375 0.0328125 0.0484375
0 0.9796875 0.85234375 0.040625 0.054296875
0 0.673046875 0.838671875 0.03984375 0.030859375
0 0.6078125 0.883203125 0.038671875 0.059765625
0 0.8765625 0.073046875 0.0765625 0.0703125
0 0.834375 0.115625 0.0515625 0.072265625
0 0.799609375 0.08203125 0.055078125 0.055078125
0 0.77578125 0.13515625 0.05703125 0.07265625
0 0.74609375 0.101171875 0.056640625 0.08984375
0 0.71953125 0.076953125 0.0578125 0.087890625
0 0.6640625 0.12578125 0.077734375 0.06484375
0 0.65546875 0.08125 0.060546875 0.06953125
0 0.624609375 0.0546875 0.0453125 0.048046875
0 0.60546875 0.111328125 0.046875 0.088671875
0 0.577734375 0.048046875 0.050390625 0.03828125
0 0.52890625 0.047265625 0.041796875 0.04609375
0 0.530859375 0.133203125 0.0546875 0.087890625
0 0.562109375 0.108203125 0.0421875 0.07421875
0 0.486328125 0.071875 0.044140625 0.083984375
0 0.469140625 0.13046875 0.050390625 0.08515625
0 0.45234375 0.057421875 0.043359375 0.0640625
0 0.425 0.11640625 0.055078125 0.05390625
0 0.41171875 0.058203125 0.049609375 0.055078125
0 0.3625 0.047265625 0.061328125 0.034765625
0 0.3859375 0.080859375 0.03359375 0.061328125
0 0.376171875 0.182421875 0.07734375 0.061328125
0 0.298046875 0.210546875 0.072265625 0.0859375
0 0.27578125 0.1515625 0.061328125 0.0546875
0 0.311328125 0.12890625 0.046484375 0.08671875
0 0.308984375 0.058984375 0.04375 0.0640625
0 0.268359375 0.09375 0.041796875 0.06953125
0 0.2484375 0.05234375 0.0625 0.036328125
0 0.22734375 0.1609375 0.05390625 0.087890625
0 0.191796875 0.110546875 0.040234375 0.07734375
0 0.202734375 0.04921875 0.0484375 0.0515625
0 0.1609375 0.057421875 0.042578125 0.0515625
0 0.115625 0.056640625 0.0578125 0.044921875
0 0.072265625 0.05703125 0.04609375 0.042578125
0 0.15078125 0.1203125 0.05703125 0.069140625
0 0.095703125 0.11875 0.058984375 0.0671875
0 0.041796875 0.07734375 0.048828125 0.08046875
0 0.013671875 0.086328125 0.02734375 0.07890625
0 0.352734375 0.10703125 0.036328125 0.07109375