0 0.792578125 0.108203125 0.101953125 0.06875
0 0.821875 0.15703125 0.06875 0.094921875
0 0.730859375 0.20390625 0.073046875 0.093359375
0 0.853515625 0.28515625 0.0796875 0.057421875
0 0.966015625 0.41640625 0.06796875 0.0625
0 0.946484375 0.480859375 0.08359375 0.066796875
0 0.767578125 0.40234375 0.0859375 0.053125
0 0.75546875 0.35546875 0.0734375 0.05859375
0 0.5921875 0.353515625 0.061328125 0.10078125
0 0.01171875 0.09609375 0.0234375 0.05625
0 0.073828125 0.080078125 0.065234375 0.075390625
0 0.099609375 0.154296875 0.0921875 0.05546875
0 0.433203125 0.352734375 0.083203125 0.053125
0 0.6359375 0.177734375 0.075 0.066796875
0 0.66015625 0.115234375 0.076953125 0.05703125
0 0.58984375 0.088671875 0.06796875 0.053125
0 0.593359375 0.133984375 0.095703125 0.055078125
0 0.5765625 0.20390625 0.0890625 0.068359375
0 0.4640625 0.148046875 0.06875 0.063671875
0 0.448828125 0.234375 0.0828125 0.063671875
0 0.34765625 0.251953125 0.078515625 0.0671875
0 0.316796875 0.1609375 0.07890625 0.064453125
0 0.07265625 0.4140625 0.078515625 0.074609375
0 0.232421875 0.430859375 0.073828125 0.059375
0 0.396484375 0.5046875 0.07734375 0.053515625
0 0.361328125 0.561328125 0.0828125 0.05703125
0 0.267578125 0.621875 0.07890625 0.0578125
0 0.2640625 0.762890625 0.078515625 0.06484375
0 0.4296875 0.9 0.07421875 0.0671875
0 0.477734375 0.891015625 0.056640625 0.07421875
0 0.490625 0.84609375 0.07109375 0.0734375
0 0.580859375 0.88671875 0.051171875 0.0890625
0 0.651171875 0.906640625 0.083984375 0.06328125
0 0.64453125 0.833203125 0.081640625 0.07265625
0 0.5609375 0.745703125 0.07265625 0.069140625
0 0.548828125 0.675390625 0.0609375 0.06328125
0 0.61484375 0.617578125 0.073046875 0.053125
0 0.791015625 0.689453125 0.08359375 0.0828125
0 0.783203125 0.831640625 0.071875 0.08671875
0 0.88203125 0.87265625 0.0875 0.0609375
0 0.916796875 0.833984375 0.075 0.093359375
0 0.928515625 0.746484375 0.0921875 0.061328125