0 0.396875 0.897265625 0.075390625 0.05859375
0 0.4828125 0.900390625 0.0828125 0.056640625
0 0.212109375 0.89765625 0.066015625 0.040625
0 0.133984375 0.887890625 0.056640625 0.041015625
0 0.119140625 0.846484375 0.049609375 0.05
0 0.186328125 0.86640625 0.0578125 0.04453125
0 0.200390625 0.844921875 0.080859375 0.046484375
0 0.2984375 0.83046875 0.083984375 0.0625
0 0.56875 0.844140625 0.071484375 0.0515625
0 0.66796875 0.875 0.073046875 0.06015625
0 0.752734375 0.908203125 0.084375 0.06328125
0 0.727734375 0.8203125 0.055859375 0.075
0 0.95859375 0.897265625 0.0640625 0.08125
0 0.808203125 0.77421875 0.063671875 0.040625
0 0.80078125 0.7296875 0.048828125 0.059375
0 0.84921875 0.747265625 0.04921875 0.053515625
0 0.869140625 0.713671875 0.062890625 0.046484375
0 0.923828125 0.525390625 0.06875 0.0609375
0 0.87734375 0.4484375 0.074609375 0.05546875
0 0.917578125 0.367578125 0.059765625 0.057421875
0 0.630859375 0.4359375 0.05703125 0.06796875
0 0.49921875 0.53046875 0.0640625 0.073046875
0 0.440234375 0.542578125 0.058984375 0.055078125
0 0.465625 0.634375 0.048046875 0.07578125
0 0.3890625 0.62421875 0.068359375 0.058203125
0 0.486328125 0.7203125 0.06328125 0.04453125
0 0.445703125 0.69296875 0.066796875 0.046875
0 0.391015625 0.704296875 0.06015625 0.04609375
0 0.416015625 0.78984375 0.071875 0.060546875
0 0.3515625 0.75625 0.066015625 0.063671875
0 0.3375 0.682421875 0.06171875 0.056640625
0 0.276953125 0.75390625 0.099609375 0.0578125
0 0.101171875 0.730859375 0.056640625 0.06875
0 0.1546875 0.732421875 0.05390625 0.05703125
0 0.198828125 0.712890625 0.0515625 0.065625
0 0.269140625 0.687890625 0.0734375 0.053515625
0 0.246875 0.651953125 0.060546875 0.06328125
0 0.21796875 0.6265625 0.071875 0.048828125
0 0.1078125 0.678515625 0.079296875 0.036328125
0 0.098828125 0.6390625 0.065234375 0.05625
0 0.30703125 0.576171875 0.08359375 0.04765625
0 0.320703125 0.528125 0.07109375 0.051171875
0 0.214453125 0.516796875 0.06171875 0.0734375
0 0.076171875 0.537890625 0.06328125 0.0546875
0 0.124609375 0.51015625 0.0484375 0.066015625
0 0.165625 0.4921875 0.0484375 0.071875
0 0.205859375 0.448046875 0.053515625 0.0578125
0 0.108984375 0.454296875 0.0515625 0.048828125
0 0.0890625 0.398828125 0.039453125 0.0640625
0 0.149609375 0.230859375 0.047265625 0.065625
0 0.1140625 0.22421875 0.035546875 0.05546875
0 0.10546875 0.187890625 0.04375 0.051953125
0 0.20546875 0.08828125 0.051953125 0.044140625
0 0.331640625 0.076953125 0.07578125 0.058203125
0 0.38828125 0.070703125 0.07109375 0.05859375
0 0.458203125 0.078515625 0.05390625 0.07734375
0 0.49921875 0.113671875 0.0453125 0.06171875
0 0.505859375 0.07109375 0.071484375 0.07421875
0 0.524609375 0.1875 0.063671875 0.07734375
0 0.494140625 0.2671875 0.05625 0.073046875
0 0.586328125 0.080078125 0.058203125 0.064453125
0 0.633203125 0.158984375 0.061328125 0.075
0 0.612109375 0.230859375 0.08828125 0.046875
0 0.6453125 0.0890625 0.038671875 0.087890625
0 0.680078125 0.0828125 0.05859375 0.080859375
0 0.72578125 0.089453125 0.041796875 0.0734375
0 0.79375 0.068359375 0.072265625 0.05
0 0.86875 0.13359375 0.0625 0.053125
0 0.8765625 0.086328125 0.062109375 0.06484375
0 0.90703125 0.21328125 0.046875 0.06640625
0 0.983984375 0.081640625 0.03203125 0.053125