0 0.257421875 0.144921875 0.04453125 0.06953125
0 0.38984375 0.162890625 0.0578125 0.05859375
0 0.496484375 0.1703125 0.06015625 0.059375
0 0.557421875 0.159375 0.06796875 0.0390625
0 0.55625 0.23828125 0.05 0.046875
0 0.88671875 0.29921875 0.065625 0.05
0 0.56484375 0.550390625 0.04375 0.06328125
0 0.97421875 0.869921875 0.0515625 0.06796875
0 0.11171875 0.358203125 0.075 0.04140625
0 0.1765625 0.49453125 0.071875 0.0734375
0 0.424609375 0.6171875 0.03828125 0.0625
0 0.48046875 0.673828125 0.0609375 0.04921875
0 0.395703125 0.68671875 0.06328125 0.053125
0 0.244140625 0.653515625 0.04609375 0.05390625
0 0.406640625 0.80078125 0.05859375 0.053125
0 0.52265625 0.84296875 0.0671875 0.04375
0 0.046484375 0.818359375 0.05859375 0.06015625
0 0.32265625 0.8453125 0.065625 0.0515625