0 0.773046875 0.3046875 0.076171875 0.058984375
0 0.753125 0.351171875 0.080859375 0.051171875
0 0.719140625 0.40078125 0.075 0.06484375
0 0.716796875 0.480078125 0.078125 0.056640625
0 0.846484375 0.571875 0.066015625 0.074609375
0 0.81484375 0.791796875 0.09765625 0.062890625
0 0.57265625 0.859375 0.04765625 0.0609375
0 0.546875 0.89296875 0.071484375 0.066015625
0 0.61171875 0.883203125 0.06015625 0.0609375
0 0.819140625 0.851953125 0.055859375 0.06640625
0 0.862109375 0.892578125 0.083203125 0.05390625
0 0.9546875 0.864453125 0.090625 0.05546875
0 0.94375 0.894921875 0.065234375 0.05
0 0.983984375 0.90390625 0.03203125 0.0515625
0 0.31015625 0.900390625 0.0375 0.064453125
0 0.259375 0.871875 0.048046875 0.025390625
0 0.256640625 0.716796875 0.079296875 0.07109375
0 0.112109375 0.855859375 0.0609375 0.053515625
0 0.18203125 0.828515625 0.073828125 0.06328125
0 0.017578125 0.71796875 0.03515625 0.053125
0 0.031640625 0.6375 0.062890625 0.053125
0 0.06796875 0.571484375 0.066015625 0.06796875
0 0.187890625 0.467578125 0.05859375 0.07265625
0 0.13515625 0.48203125 0.05703125 0.083203125