0 0.52734375 0.315234375 0.0703125 0.05390625
0 0.473046875 0.289453125 0.069921875 0.05078125
0 0.370703125 0.34140625 0.053515625 0.06953125
0 0.457421875 0.63671875 0.049609375 0.079296875
0 0.54375 0.6609375 0.05703125 0.0796875
0 0.044921875 0.61015625 0.079296875 0.04609375
0 0.229296875 0.459375 0.063671875 0.04921875
0 0.276953125 0.511328125 0.0734375 0.05078125
0 0.17578125 0.484765625 0.0703125 0.055859375
0 0.202734375 0.5125 0.053125 0.065625
0 0.021484375 0.402734375 0.042578125 0.056640625
0 0.063671875 0.436328125 0.064453125 0.06328125
0 0.07109375 0.506640625 0.043359375 0.071875
0 0.11484375 0.47265625 0.060546875 0.055078125
0 0.114453125 0.519140625 0.05546875 0.068359375
0 0.930859375 0.77578125 0.064453125 0.086328125
0 0.773046875 0.791015625 0.05859375 0.0765625
0 0.632421875 0.7875 0.078125 0.059765625
0 0.429296875 0.84140625 0.07109375 0.076953125
0 0.73828125 0.9078125 0.066796875 0.044921875