0 0.130078125 0.334375 0.058984375 0.078125
0 0.13515625 0.4171875 0.063671875 0.090234375
0 0.0296875 0.64921875 0.059375 0.073046875
0 0.111328125 0.717578125 0.0625 0.068359375
0 0.300390625 0.61171875 0.05703125 0.06875
0 0.58984375 0.705859375 0.080859375 0.059375
0 0.698828125 0.580078125 0.080859375 0.066015625
0 0.6984375 0.501171875 0.07265625 0.05078125
0 0.688671875 0.42109375 0.083203125 0.048046875
0 0.5375 0.3859375 0.0796875 0.055078125
0 0.5609375 0.851953125 0.06484375 0.087109375
0 0.459375 0.8890625 0.051953125 0.076171875
0 0.41171875 0.902734375 0.055078125 0.07109375
0 0.379296875 0.901171875 0.052734375 0.06953125
0 0.3453125 0.898046875 0.04765625 0.08046875
0 0.30546875 0.9171875 0.04921875 0.05859375
0 0.283984375 0.894921875 0.0609375 0.069140625
0 0.12734375 0.85078125 0.069921875 0.0703125
0 0.023046875 0.89140625 0.04609375 0.0609375