0 0.009765625 0.727734375 0.01953125 0.04921875
0 0.019140625 0.778125 0.037890625 0.062109375
0 0.030078125 0.8390625 0.057421875 0.07734375
0 0.1703125 0.886328125 0.07265625 0.076953125
0 0.309375 0.93671875 0.05078125 0.064453125
0 0.325 0.8890625 0.05703125 0.081640625
0 0.381640625 0.85703125 0.049609375 0.069140625
0 0.430078125 0.87109375 0.06640625 0.06015625
0 0.4796875 0.8484375 0.0515625 0.07109375
0 0.502734375 0.883203125 0.07890625 0.05
0 0.621875 0.825 0.061328125 0.076953125
0 0.52734375 0.845703125 0.07578125 0.062109375
0 0.405859375 0.791796875 0.052734375 0.0671875
0 0.26953125 0.845703125 0.06953125 0.047265625
0 0.188671875 0.81796875 0.055859375 0.047265625
0 0.091796875 0.83125 0.065234375 0.071875
0 0.234765625 0.821484375 0.060546875 0.0890625
0 0.560546875 0.65546875 0.06171875 0.07109375
0 0.41171875 0.6609375 0.058203125 0.06953125
0 0.39765625 0.73828125 0.058984375 0.055078125
0 0.338671875 0.748828125 0.066796875 0.058984375
0 0.3 0.787890625 0.052734375 0.069921875
0 0.06953125 0.694140625 0.04765625 0.064453125
0 0.114453125 0.623046875 0.0609375 0.071875
0 0.1125 0.688671875 0.05859375 0.0609375
0 0.171484375 0.596484375 0.06328125 0.05390625
0 0.299609375 0.607421875 0.05390625 0.080078125
0 0.318359375 0.669140625 0.0578125 0.084765625
0 0.25703125 0.740625 0.04765625 0.06796875
0 0.22421875 0.747265625 0.041015625 0.074609375
0 0.196875 0.703125 0.053125 0.06640625
0 0.22265625 0.55625 0.06328125 0.0515625
0 0.179296875 0.523828125 0.08515625 0.069140625
0 0.3984375 0.545703125 0.074609375 0.057421875
0 0.030859375 0.4609375 0.05703125 0.05859375
0 0.096484375 0.4078125 0.0546875 0.082421875
0 0.04140625 0.382421875 0.068359375 0.069140625
0 0.02890625 0.32109375 0.0578125 0.05
0 0.0234375 0.2875 0.046875 0.04921875
0 0.075 0.29921875 0.058203125 0.075390625
0 0.20703125 0.234765625 0.050390625 0.0765625
0 0.2578125 0.198828125 0.0484375 0.06171875
0 0.22421875 0.315234375 0.066796875 0.080078125
0 0.2375 0.434765625 0.053515625 0.066015625
0 0.305859375 0.47890625 0.05625 0.0578125
0 0.380078125 0.46796875 0.062109375 0.075390625
0 0.48984375 0.44375 0.06015625 0.059765625
0 0.567578125 0.420703125 0.051171875 0.058203125
0 0.365625 0.39765625 0.07734375 0.042578125
0 0.29296875 0.372265625 0.060546875 0.073046875
0 0.603515625 0.30078125 0.0625 0.057421875
0 0.433984375 0.23671875 0.06875 0.055078125
0 0.583203125 0.198046875 0.067578125 0.058203125
0 0.030859375 0.198828125 0.06171875 0.06640625
0 0.008984375 0.154296875 0.017578125 0.0453125
0 0.00703125 0.240234375 0.013671875 0.044921875
0 0.112109375 0.11171875 0.067578125 0.073828125
0 0.172265625 0.140234375 0.06953125 0.07421875
0 0.26171875 0.103515625 0.055859375 0.06796875
0 0.358203125 0.177734375 0.06015625 0.071484375
0 0.471484375 0.191796875 0.05625 0.070703125
0 0.525 0.180078125 0.06015625 0.059375
0 0.616796875 0.142578125 0.051171875 0.070703125
0 0.9859375 0.16640625 0.028125 0.0703125
0 0.938671875 0.100390625 0.071875 0.0734375
0 0.803125 0.113671875 0.052734375 0.079296875
0 0.647265625 0.207421875 0.06953125 0.048046875
0 0.65234375 0.266796875 0.069140625 0.050390625
0 0.859375 0.246875 0.055859375 0.071875
0 0.962890625 0.426171875 0.059375 0.06484375
0 0.76875 0.49296875 0.0734375 0.06015625
0 0.690625 0.521484375 0.066015625 0.053125
0 0.699609375 0.667578125 0.047265625 0.073828125
0 0.701171875 0.743359375 0.048828125 0.073046875
0 0.732421875 0.7453125 0.068359375 0.062890625
0 0.818359375 0.662109375 0.066796875 0.055078125
0 0.720703125 0.8828125 0.06015625 0.072265625
0 0.79375 0.96953125 0.078125 0.0609375
0 0.929296875 0.96640625 0.0703125 0.0640625
0 0.975 0.968359375 0.05 0.06328125
0 0.816796875 0.944921875 0.07421875 0.07421875
0 0.9171875 0.862890625 0.063671875 0.057421875
0 0.969921875 0.8703125 0.05 0.076953125