0 0.977734375 0.0578125 0.04453125 0.0515625
0 0.975 0.096484375 0.05 0.05234375
0 0.962890625 0.141015625 0.073828125 0.0640625
0 0.930859375 0.10859375 0.05625 0.075390625
0 0.9296875 0.0515625 0.06484375 0.045703125
0 0.89765625 0.08125 0.058984375 0.092578125
0 0.858984375 0.0765625 0.060546875 0.0921875
0 0.959375 0.82578125 0.060546875 0.0890625
0 0.78984375 0.839453125 0.073046875 0.0765625
0 0.644921875 0.875390625 0.067578125 0.081640625
0 0.58984375 0.856640625 0.08984375 0.080078125
0 0.601171875 0.67578125 0.0609375 0.10078125
0 0.4203125 0.795703125 0.09140625 0.0765625
0 0.36796875 0.862109375 0.0796875 0.082421875
0 0.2484375 0.283203125 0.08125 0.0671875
0 0.1609375 0.340625 0.0578125 0.09375
0 0.419140625 0.296875 0.08359375 0.084765625