0 0.040234375 0.57578125 0.066015625 0.085546875
0 0.076171875 0.51953125 0.091015625 0.0515625
0 0.27890625 0.540625 0.078125 0.061328125
0 0.259375 0.626953125 0.080859375 0.0515625
0 0.134765625 0.68828125 0.070703125 0.066015625
0 0.318359375 0.719921875 0.06875 0.063671875
0 0.371484375 0.759765625 0.06953125 0.06640625
0 0.283203125 0.791796875 0.069140625 0.077734375
0 0.29453125 0.840234375 0.078125 0.062109375
0 0.40390625 0.82890625 0.06640625 0.07578125
0 0.637109375 0.835546875 0.074609375 0.062890625
0 0.708984375 0.84375 0.063671875 0.06484375
0 0.531640625 0.89140625 0.083984375 0.053125
0 0.96171875 0.848828125 0.05703125 0.071484375
0 0.9875 0.86328125 0.024609375 0.06328125
0 0.982421875 0.61640625 0.03515625 0.0515625
0 0.938671875 0.577734375 0.090625 0.055078125