0 0.023828125 0.903515625 0.04765625 0.08359375
0 0.318359375 0.810546875 0.075 0.05703125
0 0.262109375 0.89609375 0.066796875 0.06796875
0 0.30625 0.903125 0.064453125 0.0609375
0 0.325 0.871484375 0.06015625 0.051171875
0 0.3640625 0.85390625 0.08125 0.059375
0 0.3765625 0.891796875 0.05859375 0.063671875
0 0.9765625 0.7390625 0.046875 0.071875
0 0.89453125 0.729296875 0.082421875 0.066015625
0 0.789453125 0.787109375 0.078515625 0.058203125
0 0.8375 0.84765625 0.0625 0.0828125
0 0.79921875 0.861328125 0.06171875 0.05625
0 0.5859375 0.161328125 0.04921875 0.080859375
0 0.634375 0.162890625 0.065625 0.08359375