0 0.888671875 0.866796875 0.075 0.06171875
0 0.952734375 0.836328125 0.09453125 0.06328125
0 0.7609375 0.609765625 0.05625 0.08203125
0 0.92109375 0.644140625 0.052734375 0.071875
0 0.9109375 0.57265625 0.07890625 0.051953125
0 0.9109375 0.46875 0.06484375 0.065625
0 0.940234375 0.345703125 0.053125 0.074609375
0 0.985546875 0.335546875 0.02890625 0.0453125
0 0.7953125 0.38359375 0.071484375 0.087890625
0 0.67421875 0.439453125 0.0765625 0.076953125
0 0.753515625 0.461328125 0.050390625 0.086328125
0 0.828125 0.527734375 0.048828125 0.078515625
0 0.657421875 0.556640625 0.06953125 0.059765625
0 0.584765625 0.530078125 0.053515625 0.0828125
0 0.9375 0.117578125 0.048046875 0.0921875
0 0.969921875 0.15234375 0.06015625 0.0484375
0 0.980859375 0.13046875 0.03828125 0.05625
0 0.963671875 0.191796875 0.07265625 0.05703125
0 0.929296875 0.22578125 0.0515625 0.0828125
0 0.85234375 0.183203125 0.061328125 0.0578125
0 0.896875 0.170703125 0.053515625 0.061328125
0 0.89609375 0.112890625 0.05703125 0.07265625
0 0.851171875 0.11953125 0.0609375 0.071875
0 0.81484375 0.0796875 0.05234375 0.069921875
0 0.720703125 0.112109375 0.0890625 0.05859375
0 0.74453125 0.0640625 0.06328125 0.05859375
0 0.67265625 0.076171875 0.05390625 0.074609375
0 0.632421875 0.088671875 0.05 0.07421875
0 0.423828125 0.091015625 0.04921875 0.081640625
0 0.463671875 0.104296875 0.0578125 0.06796875
0 0.65078125 0.23125 0.08828125 0.069921875
0 0.374609375 0.101953125 0.083203125 0.06171875
0 0.303125 0.06875 0.073828125 0.055078125
0 0.244140625 0.074609375 0.0671875 0.05078125
0 0.243359375 0.134375 0.07421875 0.069140625
0 0.30390625 0.21328125 0.078125 0.06328125
0 0.405078125 0.237109375 0.0703125 0.078125
0 0.106640625 0.08359375 0.05546875 0.046875
0 0.1703125 0.10625 0.081640625 0.065234375
0 0.1453125 0.11953125 0.03828125 0.03984375
0 0.175 0.1671875 0.066015625 0.07578125
0 0.080078125 0.17265625 0.04765625 0.08125
0 0.098828125 0.12578125 0.0515625 0.038671875
0 0.1140625 0.14296875 0.049609375 0.051171875
0 0.120703125 0.2421875 0.06015625 0.049609375
0 0.190625 0.25078125 0.07734375 0.086328125
0 0.304296875 0.309765625 0.0765625 0.08984375
0 0.487109375 0.336328125 0.0765625 0.072265625
0 0.09921875 0.279296875 0.05 0.03359375
0 0.079296875 0.308203125 0.07578125 0.046484375
0 0.144921875 0.323828125 0.07734375 0.056640625
0 0.147265625 0.283203125 0.080859375 0.058984375
0 0.083203125 0.349609375 0.0609375 0.05546875
0 0.092578125 0.38828125 0.063671875 0.044921875
0 0.220703125 0.45078125 0.065625 0.0671875
0 0.13828125 0.43125 0.052734375 0.078125
0 0.0703125 0.426171875 0.084375 0.048046875
0 0.094140625 0.449609375 0.0640625 0.05390625
0 0.088671875 0.4875 0.1109375 0.05078125
0 0.056640625 0.466796875 0.05390625 0.03203125
0 0.05703125 0.532421875 0.080078125 0.06328125
0 0.12265625 0.52890625 0.0796875 0.0578125
0 0.111328125 0.63125 0.062890625 0.0671875
0 0.090234375 0.708984375 0.070703125 0.06484375
0 0.180859375 0.655078125 0.067578125 0.05703125
0 0.2 0.683203125 0.0828125 0.054296875
0 0.14453125 0.770703125 0.0609375 0.046875
0 0.19609375 0.769921875 0.06953125 0.060546875
0 0.215625 0.8140625 0.06953125 0.0671875
0 0.153515625 0.81328125 0.05703125 0.05859375
0 0.08984375 0.798046875 0.04609375 0.0453125
0 0.119921875 0.799609375 0.04375 0.05859375
0 0.112109375 0.845703125 0.042578125 0.042578125
0 0.1328125 0.874609375 0.047265625 0.048828125
0 0.298828125 0.8890625 0.090234375 0.068359375
0 0.465234375 0.894140625 0.096484375 0.06171875
0 0.601171875 0.8359375 0.0703125 0.073828125
0 0.51484375 0.75859375 0.06875 0.069921875
0 0.41640625 0.7109375 0.06484375 0.080859375
0 0.405078125 0.61875 0.08125 0.058203125
0 0.473046875 0.64609375 0.09375 0.059765625
0 0.583984375 0.73203125 0.076171875 0.067578125