0 0.7890625 0.919140625 0.1 0.083984375
0 0.50625 0.91484375 0.080078125 0.061328125
0 0.303515625 0.891015625 0.104296875 0.082421875
0 0.0890625 0.921484375 0.09140625 0.078125
0 0.0515625 0.8921875 0.084765625 0.07265625
0 0.014453125 0.226171875 0.02890625 0.062109375
0 0.412109375 0.48046875 0.0640625 0.101171875
0 0.944921875 0.389453125 0.0828125 0.0578125
0 0.8265625 0.39921875 0.08828125 0.059375
0 0.79140625 0.219921875 0.066796875 0.077734375
0 0.86640625 0.18515625 0.098828125 0.067578125
0 0.953515625 0.15859375 0.084375 0.067578125
0 0.90234375 0.101171875 0.0890625 0.071875
0 0.59375 0.2390625 0.083984375 0.075390625
0 0.472265625 0.22109375 0.066796875 0.066015625
0 0.46484375 0.0984375 0.069140625 0.07890625
0 0.54453125 0.079296875 0.082421875 0.081640625
0 0.31328125 0.09375 0.073828125 0.071484375
0 0.32109375 0.269140625 0.054296875 0.073828125
0 0.20625 0.261328125 0.074609375 0.096875
0 0.15078125 0.20546875 0.06796875 0.06953125
0 0.128125 0.228125 0.05390625 0.07109375
0 0.23515625 0.096875 0.080078125 0.0671875
0 0.106640625 0.08515625 0.087109375 0.073828125
0 0.03515625 0.1046875 0.0703125 0.072265625