0 0.523828125 0.7953125 0.07578125 0.0609375
0 0.52578125 0.871875 0.065234375 0.07265625
0 0.5671875 0.853125 0.0546875 0.0875
0 0.661328125 0.878125 0.092578125 0.07421875
0 0.759375 0.855078125 0.047265625 0.083203125
0 0.7015625 0.845703125 0.089453125 0.0578125
0 0.7234375 0.810546875 0.08984375 0.06328125
0 0.82890625 0.85 0.055859375 0.08359375
0 0.805859375 0.8828125 0.072265625 0.071875
0 0.855859375 0.88828125 0.05078125 0.07578125
0 0.21875 0.700390625 0.066796875 0.094140625
0 0.231640625 0.5203125 0.066015625 0.0921875
0 0.29140625 0.569921875 0.062109375 0.088671875
0 0.645703125 0.593359375 0.0734375 0.067578125
0 0.5171875 0.398828125 0.073828125 0.069140625
0 0.355859375 0.3671875 0.07265625 0.075390625
0 0.231640625 0.15625 0.09609375 0.098046875
0 0.2046875 0.20703125 0.065625 0.07265625
0 0.041015625 0.17265625 0.073828125 0.06640625
0 0.97109375 0.071875 0.057421875 0.05859375
0 0.84921875 0.066796875 0.089453125 0.066015625
0 0.86953125 0.098828125 0.073828125 0.07421875
0 0.92890625 0.06875 0.073046875 0.066015625
0 0.92265625 0.13203125 0.065234375 0.06796875
0 0.97578125 0.121875 0.0484375 0.05625