0 0.888671875 0.89765625 0.06953125 0.0703125
0 0.919921875 0.89296875 0.053515625 0.07265625
0 0.960546875 0.89453125 0.048828125 0.080078125
0 0.591796875 0.851171875 0.079296875 0.058984375
0 0.350390625 0.88125 0.08515625 0.0703125
0 0.256640625 0.888671875 0.073046875 0.06328125
0 0.398828125 0.639453125 0.0609375 0.089453125
0 0.628125 0.579296875 0.069921875 0.058984375
0 0.676953125 0.66875 0.06640625 0.055078125
0 0.72734375 0.62734375 0.08125 0.05625
0 0.057421875 0.683203125 0.084765625 0.0546875
0 0.205078125 0.45625 0.075 0.049609375
0 0.240625 0.503515625 0.07421875 0.058203125
0 0.40703125 0.486328125 0.05625 0.0703125
0 0.53984375 0.303125 0.056640625 0.06015625
0 0.716015625 0.065234375 0.06640625 0.091015625