0 0.803125 0.71640625 0.066796875 0.060546875
0 0.93515625 0.837890625 0.070703125 0.065625
0 0.662890625 0.7234375 0.059375 0.064453125
0 0.805078125 0.77109375 0.080859375 0.049609375
0 0.84140625 0.83828125 0.08515625 0.051171875
0 0.78515625 0.854296875 0.0625 0.059375
0 0.809375 0.89375 0.044921875 0.062890625
0 0.748828125 0.873828125 0.075 0.06875
0 0.60703125 0.839453125 0.049609375 0.07265625
0 0.6453125 0.76328125 0.08046875 0.053125
0 0.4921875 0.687109375 0.053515625 0.067578125
0 0.47265625 0.728515625 0.051953125 0.062109375
0 0.341015625 0.8140625 0.053125 0.080859375
0 0.452734375 0.813671875 0.066796875 0.06875
0 0.51953125 0.711328125 0.046484375 0.065625
0 0.519921875 0.7515625 0.056640625 0.0625
0 0.587890625 0.76015625 0.06171875 0.053125
0 0.5578125 0.7796875 0.0640625 0.059375
0 0.50078125 0.815625 0.067578125 0.04609375
0 0.50234375 0.7875 0.06640625 0.047265625
0 0.482421875 0.85625 0.078125 0.0453125
0 0.427734375 0.883203125 0.063671875 0.058984375
0 0.375 0.874609375 0.045703125 0.070703125
0 0.723828125 0.9390625 0.055859375 0.08671875
0 0.7453125 0.9671875 0.040625 0.060546875
0 0.790625 0.967578125 0.062890625 0.06484375
0 0.363671875 0.679296875 0.041796875 0.0765625
0 0.275 0.562109375 0.0578125 0.071484375
0 0.297265625 0.676953125 0.051953125 0.070703125
0 0.215625 0.646484375 0.05234375 0.069140625
0 0.05078125 0.65625 0.06015625 0.0671875
0 0.016015625 0.68203125 0.03203125 0.0859375
0 0.0140625 0.6296875 0.027734375 0.041796875
0 0.1625 0.69140625 0.05 0.05859375
0 0.199609375 0.689453125 0.043359375 0.062890625
0 0.235546875 0.69453125 0.048046875 0.0625
0 0.023046875 0.824609375 0.04609375 0.0640625
0 0.11875 0.766015625 0.051171875 0.0640625
0 0.184765625 0.84296875 0.0578125 0.081640625
0 0.126171875 0.8484375 0.05078125 0.08125
0 0.019921875 0.872265625 0.03984375 0.05234375
0 0.308203125 0.2015625 0.061328125 0.0609375
0 0.400390625 0.10390625 0.073828125 0.04296875
0 0.348046875 0.109375 0.04375 0.06640625
0 0.39296875 0.148828125 0.04921875 0.05625
0 0.485546875 0.3 0.04375 0.075
0 0.565625 0.2515625 0.046875 0.0796875
0 0.5328125 0.09609375 0.066015625 0.05
0 0.1109375 0.10625 0.068359375 0.055078125
0 0.20703125 0.196484375 0.068359375 0.090625
0 0.2609375 0.159375 0.056640625 0.060546875
0 0.13125 0.253125 0.065625 0.0671875
0 0.112109375 0.317578125 0.065625 0.0484375
0 0.10078125 0.475 0.055078125 0.05703125
0 0.17109375 0.459765625 0.082421875 0.0375
0 0.287109375 0.490625 0.06328125 0.0515625
0 0.251953125 0.371484375 0.051953125 0.059375
0 0.389453125 0.3625 0.083203125 0.04375
0 0.44140625 0.32734375 0.05390625 0.0625
0 0.38828125 0.255078125 0.066796875 0.05703125
0 0.1984375 0.36328125 0.060546875 0.05390625
0 0.933203125 0.100390625 0.064453125 0.0625
0 0.964453125 0.078515625 0.05546875 0.037890625
0 0.980859375 0.11328125 0.03828125 0.0609375
0 0.94765625 0.144140625 0.0546875 0.056640625
0 0.973828125 0.156640625 0.05234375 0.04609375
0 0.860546875 0.160546875 0.058984375 0.06875
0 0.890234375 0.081640625 0.049609375 0.053125
0 0.862109375 0.09765625 0.062890625 0.053515625
0 0.80078125 0.095703125 0.048046875 0.0609375
0 0.823046875 0.105078125 0.04296875 0.06953125
0 0.750390625 0.09375 0.057421875 0.05703125
0 0.578125 0.105859375 0.05390625 0.055078125
0 0.618359375 0.105859375 0.0671875 0.042578125
0 0.697265625 0.09296875 0.058984375 0.048828125
0 0.705859375 0.13671875 0.053125 0.075390625
0 0.7296875 0.18828125 0.044921875 0.070703125
0 0.770703125 0.188671875 0.076171875 0.059375
0 0.826171875 0.2171875 0.048046875 0.062890625
0 0.518359375 0.140625 0.0484375 0.061328125
0 0.565625 0.1421875 0.053125 0.05
0 0.591015625 0.188671875 0.08046875 0.05078125
0 0.73359375 0.51875 0.0484375 0.070703125
0 0.85234375 0.48828125 0.061328125 0.058984375
0 0.646875 0.401953125 0.06328125 0.068359375
0 0.730078125 0.370703125 0.069921875 0.060546875
0 0.579296875 0.3671875 0.072265625 0.07578125
0 0.030078125 0.375 0.06015625 0.05859375
0 0.00859375 0.51484375 0.0171875 0.03984375
0 0.1828125 0.41640625 0.05703125 0.05078125
0 0.314453125 0.10546875 0.040234375 0.062890625
0 0.2796875 0.094140625 0.04921875 0.05703125
0 0.216796875 0.13359375 0.0640625 0.0421875
0 0.251171875 0.103515625 0.05 0.045703125
0 0.2109375 0.094921875 0.0453125 0.045703125
0 0.169921875 0.107421875 0.048828125 0.062109375
0 0.03515625 0.11171875 0.069921875 0.056640625
0 0.09375 0.218359375 0.05078125 0.058203125
0 0.01171875 0.26484375 0.0234375 0.04375
0 0.04140625 0.2 0.051171875 0.03203125
0 0.0546875 0.23828125 0.063671875 0.05078125
0 0.0515625 0.285546875 0.07109375 0.04609375
0 0.0125 0.320703125 0.025 0.05390625
0 0.0375 0.31796875 0.04609375 0.062890625
0 0.06796875 0.34140625 0.046875 0.057421875
0 0.985546875 0.819140625 0.02890625 0.05390625
0 0.1953125 0.49296875 0.0703125 0.046484375
0 0.421875 0.19375 0.05390625 0.054296875
0 0.396484375 0.217578125 0.062109375 0.0375
0 0.36796875 0.193359375 0.061328125 0.0515625
0 0.660546875 0.084375 0.048046875 0.03125
0 0.665625 0.111328125 0.0515625 0.033203125
0 0.662109375 0.147265625 0.057421875 0.049609375
0 0.619140625 0.154296875 0.0640625 0.046875