0 0.02421875 0.16328125 0.0484375 0.09375
0 0.075 0.190234375 0.0828125 0.08984375
0 0.417578125 0.141796875 0.073046875 0.0734375
0 0.4296875 0.055078125 0.058203125 0.097265625
0 0.4765625 0.06484375 0.06484375 0.066015625
0 0.337890625 0.0734375 0.079296875 0.072265625
0 0.306640625 0.048828125 0.067578125 0.051953125
0 0.072265625 0.416796875 0.079296875 0.08046875
0 0.028125 0.62734375 0.05625 0.06171875
0 0.3828125 0.616796875 0.075390625 0.069921875
0 0.405859375 0.66953125 0.055078125 0.076953125
0 0.25703125 0.78046875 0.06328125 0.08359375
0 0.51171875 0.8671875 0.065625 0.076953125
0 0.9015625 0.6796875 0.063671875 0.083984375
0 0.737890625 0.42890625 0.082421875 0.065625
0 0.8890625 0.46328125 0.0671875 0.0828125
0 0.387890625 0.234375 0.071875 0.0859375
0 0.6828125 0.097265625 0.06015625 0.09453125