0 0.012109375 0.109375 0.02421875 0.0484375
0 0.01171875 0.1578125 0.0234375 0.059375
0 0.039453125 0.133984375 0.059375 0.071875
0 0.0609375 0.1046875 0.076171875 0.05546875
0 0.09453125 0.140625 0.05703125 0.06171875
0 0.1421875 0.207421875 0.066015625 0.058984375
0 0.20625 0.216796875 0.060546875 0.0734375
0 0.137109375 0.124609375 0.053515625 0.07734375
0 0.178515625 0.119921875 0.04921875 0.06015625
0 0.2015625 0.15625 0.076953125 0.06171875
0 0.227734375 0.137109375 0.083203125 0.05078125
0 0.221484375 0.09140625 0.0859375 0.05703125
0 0.441796875 0.104296875 0.07109375 0.06015625
0 0.087890625 0.405078125 0.095703125 0.058203125
0 0.0265625 0.438671875 0.053125 0.07578125
0 0.325390625 0.33125 0.078125 0.054296875
0 0.56640625 0.416015625 0.051953125 0.094921875
0 0.98046875 0.096484375 0.0390625 0.055078125
0 0.935546875 0.11796875 0.073828125 0.081640625
0 0.89296875 0.18203125 0.07265625 0.055859375
0 0.878125 0.2375 0.084765625 0.0578125
0 0.808203125 0.2890625 0.0546875 0.071875
0 0.786328125 0.39140625 0.073828125 0.057421875
0 0.645703125 0.433203125 0.058203125 0.071484375
0 0.693359375 0.2125 0.053515625 0.090234375
0 0.625390625 0.22890625 0.056640625 0.091796875
0 0.5609375 0.22421875 0.06171875 0.076171875
0 0.5375 0.169140625 0.056640625 0.061328125
0 0.5796875 0.16328125 0.064453125 0.065234375
0 0.576953125 0.122265625 0.07734375 0.055078125
0 0.6046875 0.094140625 0.041015625 0.05625
0 0.641796875 0.09609375 0.048046875 0.06640625
0 0.6796875 0.09609375 0.046875 0.06171875
0 0.72109375 0.094140625 0.069921875 0.0484375
0 0.71015625 0.13515625 0.0546875 0.064453125
0 0.673046875 0.1375 0.061328125 0.064453125
0 0.620703125 0.1375 0.058203125 0.08203125
0 0.98359375 0.82265625 0.0328125 0.0578125
0 0.8921875 0.696875 0.083203125 0.053125
0 0.823828125 0.734765625 0.07890625 0.0625
0 0.73984375 0.729296875 0.075 0.061328125
0 0.767578125 0.707421875 0.07734375 0.04296875
0 0.737890625 0.683984375 0.08125 0.04921875
0 0.71015625 0.655859375 0.077734375 0.051171875
0 0.69140625 0.614453125 0.069140625 0.061328125
0 0.651171875 0.57734375 0.047265625 0.0765625
0 0.63515625 0.6375 0.06875 0.0515625
0 0.637890625 0.678515625 0.07890625 0.047265625
0 0.664453125 0.7125 0.05625 0.070703125
0 0.686328125 0.736328125 0.05546875 0.083203125
0 0.50703125 0.7046875 0.075 0.051953125
0 0.63046875 0.83671875 0.069140625 0.058203125
0 0.560546875 0.872265625 0.065234375 0.05234375
0 0.516015625 0.86171875 0.04921875 0.0765625
0 0.470703125 0.853125 0.054296875 0.0671875
0 0.44453125 0.814453125 0.058984375 0.073046875
0 0.383984375 0.73046875 0.068359375 0.065234375
0 0.353515625 0.703125 0.046875 0.06875
0 0.275 0.687890625 0.08125 0.06484375
0 0.166015625 0.683984375 0.0640625 0.059765625
0 0.3 0.850390625 0.048046875 0.075390625
0 0.375 0.86640625 0.0609375 0.058984375
0 0.216015625 0.86640625 0.080859375 0.05859375
0 0.099609375 0.711328125 0.0734375 0.071484375
0 0.10390625 0.631640625 0.07421875 0.05546875
0 0.0296875 0.65546875 0.059375 0.0671875