0 0.97890625 0.721875 0.041796875 0.0859375
0 0.747265625 0.638671875 0.0671875 0.075390625
0 0.603125 0.644140625 0.073828125 0.07265625
0 0.53046875 0.81953125 0.080859375 0.083984375
0 0.679296875 0.768359375 0.086328125 0.078125
0 0.63359375 0.714453125 0.061328125 0.08984375
0 0.83203125 0.75078125 0.05859375 0.10078125
0 0.753125 0.77890625 0.04765625 0.084375
0 0.4890625 0.901171875 0.076171875 0.054296875
0 0.896484375 0.89453125 0.05234375 0.073046875
0 0.9234375 0.859765625 0.048046875 0.08359375
0 0.966796875 0.86171875 0.048046875 0.081640625
0 0.93359375 0.9140625 0.07421875 0.05078125
0 0.983203125 0.904296875 0.03359375 0.06171875
0 0.976953125 0.27578125 0.045703125 0.087890625
0 0.87109375 0.48203125 0.0734375 0.06796875
0 0.835546875 0.541015625 0.05625 0.07578125
0 0.555078125 0.06484375 0.05078125 0.05625
0 0.60703125 0.058203125 0.053125 0.060546875
0 0.675390625 0.13671875 0.06953125 0.07421875
0 0.67421875 0.105078125 0.073828125 0.071484375
0 0.6546875 0.06171875 0.053515625 0.0578125
0 0.586328125 0.109765625 0.0609375 0.076171875
0 0.720703125 0.130078125 0.06640625 0.069140625
0 0.751171875 0.06328125 0.06875 0.058203125
0 0.922265625 0.226953125 0.05546875 0.08828125
0 0.976953125 0.166796875 0.045703125 0.05859375
0 0.95703125 0.047265625 0.07734375 0.049609375
0 0.9828125 0.071484375 0.034375 0.06484375
0 0.8359375 0.1703125 0.065234375 0.06171875
0 0.845703125 0.064453125 0.053125 0.06875
0 0.864453125 0.102734375 0.049609375 0.076953125
0 0.8078125 0.123046875 0.0625 0.083984375
0 0.808984375 0.062890625 0.066796875 0.068359375
0 0.76875 0.120703125 0.0421875 0.061328125
0 0.755859375 0.174609375 0.068359375 0.065234375
0 0.91953125 0.1078125 0.059375 0.045703125
0 0.89765625 0.065625 0.0375 0.0546875
0 0.9359375 0.07109375 0.04921875 0.059375
0 0.971875 0.1296875 0.05625 0.051953125
0 0.88828125 0.1390625 0.06328125 0.055078125
0 0.88203125 0.203515625 0.055078125 0.076953125
0 0.923046875 0.163671875 0.066796875 0.0640625
0 0.50234375 0.067578125 0.0578125 0.0671875
0 0.43828125 0.16484375 0.06484375 0.087890625
0 0.436328125 0.091015625 0.03203125 0.073828125
0 0.448828125 0.061328125 0.049609375 0.048046875
0 0.465625 0.1140625 0.047265625 0.06640625
0 0.344921875 0.153515625 0.05625 0.07890625
0 0.410546875 0.078125 0.04375 0.07890625
0 0.28046875 0.13359375 0.043359375 0.0609375
0 0.380859375 0.05859375 0.059375 0.044140625
0 0.388671875 0.109765625 0.054296875 0.076171875
0 0.35625 0.11328125 0.05703125 0.073046875
0 0.278125 0.062109375 0.055078125 0.046484375
0 0.331640625 0.0578125 0.046875 0.0421875
0 0.3171875 0.094921875 0.0390625 0.047265625
0 0.264453125 0.098828125 0.062890625 0.041796875
0 0.30390625 0.52109375 0.06875 0.0734375
0 0.35859375 0.58671875 0.08203125 0.0953125
0 0.432421875 0.444921875 0.082421875 0.065625
0 0.35859375 0.462109375 0.083984375 0.061328125
0 0.198046875 0.43984375 0.081640625 0.07421875
0 0.1609375 0.49140625 0.077734375 0.062109375
0 0.174609375 0.55859375 0.073828125 0.071875
0 0.253125 0.7875 0.0890625 0.062109375
0 0.167578125 0.887890625 0.065234375 0.042578125
0 0.116796875 0.88359375 0.044921875 0.04375
0 0.2 0.67265625 0.10078125 0.052734375
0 0.241796875 0.735546875 0.0625 0.06328125
0 0.082421875 0.588671875 0.0703125 0.043359375
0 0.10859375 0.653515625 0.066796875 0.0515625
0 0.0890625 0.626171875 0.054296875 0.0453125
0 0.18671875 0.642578125 0.1 0.05390625
0 0.187890625 0.606640625 0.10703125 0.059375
0 0.121484375 0.60078125 0.037890625 0.04609375
0 0.079296875 0.683984375 0.04921875 0.03984375
0 0.136328125 0.691796875 0.060546875 0.052734375
0 0.09609375 0.73984375 0.0390625 0.03125
0 0.087890625 0.72109375 0.040625 0.02734375
0 0.195703125 0.743359375 0.075 0.054296875
0 0.328125 0.337109375 0.090625 0.06015625
0 0.575390625 0.243359375 0.065234375 0.061328125
0 0.28984375 0.209765625 0.062109375 0.05859375
0 0.305078125 0.262109375 0.0640625 0.063671875
0 0.35703125 0.225 0.075390625 0.0609375
0 0.41171875 0.206640625 0.061328125 0.06953125
0 0.085546875 0.140625 0.053125 0.039453125
0 0.123828125 0.12421875 0.03984375 0.051953125
0 0.157421875 0.155078125 0.05625 0.053125
0 0.102734375 0.207421875 0.06328125 0.046875
0 0.081640625 0.180859375 0.044921875 0.044140625
0 0.11875 0.172265625 0.043359375 0.05390625
0 0.20703125 0.267578125 0.08984375 0.05625
0 0.190234375 0.21640625 0.08125 0.049609375
0 0.187890625 0.1890625 0.082421875 0.05078125
0 0.16484375 0.0828125 0.057421875 0.057421875
0 0.202734375 0.07265625 0.033203125 0.0484375
0 0.23203125 0.0734375 0.035546875 0.042578125
0 0.227734375 0.125 0.06796875 0.054296875
0 0.187890625 0.1140625 0.04609375 0.04296875
0 0.12421875 0.08671875 0.04296875 0.03828125
0 0.094140625 0.09921875 0.04453125 0.058984375
0 0.0796875 0.428515625 0.046484375 0.05390625
0 0.078515625 0.479296875 0.062890625 0.057421875
0 0.12890625 0.44609375 0.047265625 0.038671875
0 0.143359375 0.407421875 0.0578125 0.051171875
0 0.23984375 0.39609375 0.065234375 0.052734375
0 0.246875 0.34609375 0.082421875 0.07265625
0 0.079296875 0.2578125 0.0421875 0.064453125
0 0.144921875 0.230859375 0.034765625 0.064453125
0 0.1078125 0.249609375 0.049609375 0.048828125
0 0.13828125 0.28125 0.07421875 0.042578125
0 0.083984375 0.298828125 0.051953125 0.03828125
0 0.080859375 0.333203125 0.05390625 0.04296875
0 0.096875 0.394921875 0.069140625 0.044140625
0 0.08046875 0.3703125 0.045703125 0.02890625
0 0.113671875 0.34765625 0.044140625 0.046484375
0 0.1453125 0.365234375 0.04921875 0.0328125
0 0.186328125 0.385546875 0.049609375 0.0484375
0 0.184765625 0.341015625 0.060546875 0.044140625
0 0.205859375 0.306640625 0.058203125 0.048828125
0 0.1578125 0.321484375 0.040234375 0.0515625
0 0.12265625 0.311328125 0.038671875 0.03828125
0 0.169140625 0.280078125 0.04453125 0.03359375
0 0.4234375 0.298046875 0.096875 0.091015625
0 0.12109375 0.554296875 0.0640625 0.045703125
0 0.12734375 0.518359375 0.058984375 0.038671875
0 0.08125 0.5359375 0.040625 0.067578125
0 0.216015625 0.828515625 0.046484375 0.065234375
0 0.15703125 0.7203125 0.044140625 0.041015625
0 0.175390625 0.815234375 0.034765625 0.075
0 0.190625 0.85 0.053515625 0.04453125
0 0.158984375 0.8578125 0.041015625 0.03515625
0 0.112109375 0.8453125 0.063671875 0.0484375
0 0.107421875 0.804296875 0.054296875 0.033984375
0 0.14453125 0.8078125 0.037890625 0.04921875
0 0.099609375 0.77421875 0.037890625 0.040234375
0 0.141796875 0.7625 0.056640625 0.04375
0 0.198046875 0.778515625 0.04765625 0.037890625
0 0.13203125 0.685546875 0.04765625 0.037890625
0 0.205859375 0.710546875 0.056640625 0.0484375
0 0.32109375 0.17578125 0.06015625 0.054296875