0 0.173046875 0.13984375 0.048046875 0.04765625
0 0.225390625 0.118359375 0.054296875 0.06875
0 0.2515625 0.130859375 0.05390625 0.065625
0 0.3015625 0.109375 0.080859375 0.063671875
0 0.369140625 0.106640625 0.077734375 0.05546875
0 0.352734375 0.160546875 0.087890625 0.053515625
0 0.158203125 0.212109375 0.051171875 0.05
0 0.159375 0.248828125 0.06328125 0.0578125
0 0.138671875 0.296875 0.05625 0.059765625
0 0.2 0.293359375 0.067578125 0.05390625
0 0.16328125 0.33671875 0.0609375 0.03984375
0 0.2234375 0.36875 0.073046875 0.073046875
0 0.176171875 0.36328125 0.05234375 0.053515625
0 0.15 0.38125 0.054296875 0.057421875
0 0.15625 0.423046875 0.0625 0.048046875
0 0.20703125 0.45859375 0.0609375 0.05625
0 0.253515625 0.448046875 0.069921875 0.049609375
0 0.15703125 0.49296875 0.0625 0.045703125
0 0.161328125 0.466796875 0.07421875 0.047265625
0 0.151171875 0.5328125 0.0765625 0.048828125
0 0.159765625 0.5796875 0.071875 0.051953125
0 0.2015625 0.616015625 0.075 0.0578125
0 0.167578125 0.648046875 0.07578125 0.05078125
0 0.2046875 0.66484375 0.059765625 0.058984375
0 0.161328125 0.690625 0.04453125 0.062109375
0 0.1921875 0.70625 0.0703125 0.03515625
0 0.184375 0.736328125 0.0609375 0.04140625
0 0.220703125 0.729296875 0.0640625 0.074609375
0 0.163671875 0.75703125 0.051953125 0.06015625
0 0.165234375 0.801171875 0.059375 0.04453125
0 0.2078125 0.78515625 0.06875 0.06796875
0 0.25 0.715234375 0.07265625 0.062890625
0 0.152734375 0.85 0.04140625 0.05625
0 0.169921875 0.867578125 0.050390625 0.041796875
0 0.194921875 0.87421875 0.0421875 0.0578125
0 0.205078125 0.8265625 0.0671875 0.055859375
0 0.23046875 0.86796875 0.051171875 0.055859375
0 0.278515625 0.858984375 0.075 0.076953125
0 0.24453125 0.817578125 0.050390625 0.0671875
0 0.2640625 0.78125 0.07265625 0.05703125
0 0.298046875 0.73125 0.051953125 0.0609375
0 0.321875 0.79140625 0.063671875 0.065625
0 0.359375 0.807421875 0.078125 0.062890625
0 0.348046875 0.86171875 0.06640625 0.0640625
0 0.409375 0.86875 0.076953125 0.059375
0 0.459375 0.851171875 0.078125 0.0875
0 0.507421875 0.855859375 0.04609375 0.06328125
0 0.530859375 0.837890625 0.05546875 0.06328125
0 0.559765625 0.87421875 0.05703125 0.071484375
0 0.57734375 0.826953125 0.06484375 0.077734375
0 0.619921875 0.873046875 0.074609375 0.04609375
0 0.626171875 0.825390625 0.059765625 0.059765625
0 0.675 0.859375 0.049609375 0.07109375
0 0.716015625 0.846875 0.06875 0.048046875
0 0.74453125 0.823828125 0.05703125 0.051953125
0 0.555078125 0.92890625 0.08984375 0.06015625
0 0.403125 0.933984375 0.051171875 0.041796875
0 0.35546875 0.9265625 0.05546875 0.06484375
0 0.286328125 0.927734375 0.05234375 0.046875
0 0.977734375 0.848046875 0.04453125 0.0734375
0 0.98671875 0.889453125 0.0265625 0.05546875
0 0.953515625 0.8796875 0.047265625 0.065234375
0 0.9125 0.766015625 0.06875 0.048046875
0 0.889453125 0.8015625 0.06015625 0.0421875
0 0.91328125 0.8453125 0.069140625 0.054296875
0 0.915234375 0.87890625 0.06875 0.052734375
0 0.87578125 0.88671875 0.06796875 0.048046875
0 0.7765625 0.882421875 0.06171875 0.053125
0 0.81171875 0.836328125 0.054296875 0.083984375
0 0.825390625 0.882421875 0.065625 0.055078125
0 0.86015625 0.8484375 0.05234375 0.06875
0 0.982421875 0.759375 0.03515625 0.058203125
0 0.930078125 0.7078125 0.06953125 0.04609375
0 0.94609375 0.62734375 0.04921875 0.071484375
0 0.972265625 0.669921875 0.05546875 0.06640625
0 0.76015625 0.61328125 0.057421875 0.0859375
0 0.807421875 0.595703125 0.065234375 0.05390625
0 0.85390625 0.612109375 0.07265625 0.0546875
0 0.8734375 0.64296875 0.062109375 0.05390625
0 0.835546875 0.67109375 0.0609375 0.05546875
0 0.80546875 0.69921875 0.070703125 0.050390625
0 0.861328125 0.70859375 0.04609375 0.059765625
0 0.832421875 0.739453125 0.050390625 0.06484375
0 0.787890625 0.74375 0.0625 0.05703125
0 0.78828125 0.79140625 0.056640625 0.05546875
0 0.715234375 0.78125 0.05546875 0.075390625
0 0.643359375 0.77265625 0.0734375 0.053515625
0 0.66796875 0.651953125 0.086328125 0.058203125
0 0.619921875 0.705078125 0.059765625 0.078515625
0 0.33125 0.742578125 0.075390625 0.058203125
0 0.3671875 0.75 0.07265625 0.061328125
0 0.4125 0.790234375 0.060546875 0.0703125
0 0.45 0.793359375 0.04765625 0.069140625
0 0.48671875 0.790625 0.06484375 0.058984375
0 0.490625 0.74765625 0.06875 0.0453125
0 0.50390625 0.715234375 0.06953125 0.054296875
0 0.36640625 0.7078125 0.0828125 0.05
0 0.40703125 0.68984375 0.07109375 0.06875
0 0.42578125 0.745703125 0.06015625 0.057421875
0 0.455078125 0.709765625 0.05546875 0.07265625
0 0.488671875 0.66796875 0.068359375 0.06640625
0 0.446484375 0.64375 0.0484375 0.080859375
0 0.473046875 0.62421875 0.051953125 0.0671875
0 0.548828125 0.660546875 0.070703125 0.054296875
0 0.24375 0.600390625 0.0703125 0.061328125
0 0.284765625 0.64609375 0.05703125 0.0625
0 0.341015625 0.66015625 0.066015625 0.06484375
0 0.36875 0.58203125 0.072265625 0.055078125
0 0.340625 0.609765625 0.06484375 0.066015625
0 0.271875 0.5796875 0.09296875 0.07265625
0 0.311328125 0.53671875 0.091015625 0.055078125
0 0.268359375 0.499609375 0.080859375 0.05703125
0 0.423828125 0.562109375 0.076953125 0.0546875
0 0.408203125 0.5078125 0.0640625 0.095703125
0 0.46484375 0.48515625 0.0765625 0.076171875
0 0.4796875 0.5578125 0.0578125 0.078125
0 0.516796875 0.510546875 0.05703125 0.085546875
0 0.522265625 0.591015625 0.056640625 0.0796875
0 0.591015625 0.6109375 0.057421875 0.0703125
0 0.625390625 0.584765625 0.055859375 0.05546875
0 0.666796875 0.570703125 0.05234375 0.076171875
0 0.36015625 0.460546875 0.084375 0.071875
0 0.302734375 0.4140625 0.05859375 0.066015625
0 0.348046875 0.36484375 0.1078125 0.051953125
0 0.39609375 0.41796875 0.085546875 0.073046875
0 0.42109375 0.359765625 0.058984375 0.06640625
0 0.509375 0.261328125 0.059375 0.060546875
0 0.437109375 0.31796875 0.080859375 0.055859375
0 0.284375 0.32890625 0.06328125 0.071875
0 0.328515625 0.33046875 0.084375 0.069140625
0 0.385546875 0.3125 0.071875 0.05546875
0 0.41875 0.267578125 0.07421875 0.077734375
0 0.344140625 0.269140625 0.070703125 0.071484375
0 0.359765625 0.215625 0.06875 0.060546875
0 0.290625 0.2046875 0.0734375 0.057421875
0 0.248828125 0.208203125 0.073828125 0.054296875
0 0.2140625 0.232421875 0.059765625 0.07109375
0 0.411328125 0.14140625 0.076953125 0.05625
0 0.46875 0.190234375 0.058203125 0.064453125
0 0.51328125 0.168359375 0.08046875 0.057421875
0 0.55234375 0.2140625 0.0578125 0.058984375
0 0.53671875 0.1125 0.066796875 0.06015625
0 0.566015625 0.110546875 0.083984375 0.071875
0 0.605078125 0.215625 0.065625 0.06328125
0 0.63359375 0.1734375 0.05625 0.06328125
0 0.703515625 0.228515625 0.06640625 0.087109375
0 0.684765625 0.146875 0.076171875 0.05859375
0 0.64296875 0.103125 0.058984375 0.0546875
0 0.704296875 0.09453125 0.056640625 0.04765625
0 0.75078125 0.1 0.055078125 0.05859375
0 0.79296875 0.13828125 0.05625 0.07890625
0 0.8109375 0.096875 0.07265625 0.052734375
0 0.9109375 0.130078125 0.061328125 0.069921875
0 0.988671875 0.114453125 0.02265625 0.066796875
0 0.984375 0.391015625 0.03125 0.06953125
0 0.966015625 0.46640625 0.06796875 0.05625
0 0.966015625 0.519921875 0.0640625 0.063671875
0 0.991015625 0.515234375 0.01796875 0.06015625
0 0.934765625 0.55390625 0.076953125 0.050390625
0 0.827734375 0.543359375 0.073828125 0.0625
0 0.87890625 0.5234375 0.0625 0.047265625
0 0.908203125 0.478515625 0.08359375 0.044140625
0 0.93671875 0.428125 0.053515625 0.0671875
0 0.941015625 0.36171875 0.063671875 0.05390625
0 0.8640625 0.408203125 0.06015625 0.054296875
0 0.86484375 0.369921875 0.06328125 0.053125
0 0.825 0.370703125 0.0578125 0.056640625
0 0.81484375 0.412890625 0.058984375 0.0578125
0 0.829296875 0.45859375 0.058984375 0.05546875
0 0.798046875 0.49765625 0.07421875 0.0546875
0 0.765625 0.47109375 0.05078125 0.0796875
0 0.73671875 0.44296875 0.0515625 0.078515625
0 0.715625 0.337109375 0.062890625 0.075390625
0 0.6703125 0.341796875 0.055078125 0.07265625
0 0.67109375 0.409375 0.0640625 0.075390625
0 0.6921875 0.448046875 0.057421875 0.075
0 0.656640625 0.50390625 0.06640625 0.066015625
0 0.573828125 0.48671875 0.064453125 0.051171875
0 0.598046875 0.413671875 0.055078125 0.07578125
0 0.537890625 0.4515625 0.050390625 0.075
0 0.48671875 0.450390625 0.0734375 0.05390625
0 0.637890625 0.45234375 0.075 0.053515625