0 0.98359375 0.87421875 0.0328125 0.0515625
0 0.9890625 0.91328125 0.021875 0.0328125
0 0.969921875 0.8984375 0.040625 0.0703125
0 0.91640625 0.9046875 0.071875 0.06015625
0 0.92734375 0.86171875 0.07578125 0.053515625
0 0.865234375 0.897265625 0.06328125 0.08203125
0 0.744921875 0.88515625 0.067578125 0.08359375
0 0.694140625 0.89609375 0.06875 0.072265625
0 0.628125 0.898046875 0.090625 0.0640625
0 0.625390625 0.836328125 0.0625 0.068359375
0 0.67734375 0.85234375 0.061328125 0.067578125
0 0.640234375 0.77109375 0.0890625 0.062890625
0 0.534765625 0.84609375 0.07421875 0.076171875
0 0.531640625 0.897265625 0.087109375 0.05625
0 0.451171875 0.884765625 0.0671875 0.0703125
0 0.990234375 0.087109375 0.01953125 0.06171875
0 0.946875 0.090625 0.067578125 0.08515625
0 0.8703125 0.153125 0.070703125 0.085546875
0 0.912890625 0.17890625 0.073828125 0.084765625
0 0.89375 0.067578125 0.083984375 0.073046875
0 0.83984375 0.09453125 0.04375 0.078125
0 0.818359375 0.112109375 0.038671875 0.07265625
0 0.778125 0.137890625 0.0625 0.08828125
0 0.81953125 0.071875 0.066015625 0.06171875
0 0.766015625 0.07734375 0.069140625 0.06328125
0 0.748046875 0.115625 0.05859375 0.093359375
0 0.723828125 0.0640625 0.050390625 0.077734375
0 0.679296875 0.0640625 0.0578125 0.075
0 0.7015625 0.129296875 0.0515625 0.085546875
0 0.680078125 0.173828125 0.0640625 0.075390625
0 0.66328125 0.125390625 0.048046875 0.07265625
0 0.62734375 0.113671875 0.054296875 0.080078125
0 0.60390625 0.0734375 0.05625 0.09609375
0 0.631640625 0.187890625 0.07265625 0.065625
0 0.60234375 0.165625 0.048046875 0.073828125
0 0.561328125 0.177734375 0.059765625 0.081640625
0 0.580078125 0.11640625 0.051171875 0.05859375
0 0.55625 0.08203125 0.05390625 0.070703125
0 0.51484375 0.061328125 0.080859375 0.040234375
0 0.503515625 0.151171875 0.063671875 0.078515625
0 0.545703125 0.14296875 0.056640625 0.060546875
0 0.501171875 0.10390625 0.07578125 0.059765625
0 0.525 0.105078125 0.049609375 0.040234375
0 0.475 0.07890625 0.056640625 0.083203125
0 0.43984375 0.0828125 0.0484375 0.082421875
0 0.400390625 0.078125 0.04609375 0.08203125
0 0.366796875 0.1078125 0.05 0.074609375
0 0.322265625 0.167578125 0.0734375 0.0640625
0 0.3546875 0.073046875 0.06015625 0.0484375
0 0.339453125 0.1328125 0.0734375 0.05859375
0 0.307421875 0.073828125 0.053515625 0.07265625
0 0.285546875 0.134765625 0.0515625 0.076171875
0 0.27421875 0.073046875 0.0484375 0.066015625
0 0.245703125 0.092578125 0.04609375 0.071484375
0 0.243359375 0.154296875 0.059765625 0.102734375
0 0.207421875 0.139453125 0.0421875 0.0796875
0 0.20859375 0.0828125 0.048828125 0.07890625
0 0.16953125 0.102734375 0.053125 0.074609375
0 0.196484375 0.14296875 0.066015625 0.066015625
0 0.14375 0.15390625 0.068359375 0.05546875
0 0.102734375 0.17578125 0.0875 0.059765625
0 0.02421875 0.181640625 0.0484375 0.06640625
0 0.128515625 0.110546875 0.047265625 0.069140625
0 0.108984375 0.072265625 0.069921875 0.0546875
0 0.09453125 0.112109375 0.05234375 0.078515625
0 0.0609375 0.141015625 0.0484375 0.07421875
0 0.019140625 0.12578125 0.03828125 0.0609375
0 0.024609375 0.07265625 0.04921875 0.0578125
0 0.05078125 0.080078125 0.05390625 0.065625