0 0.610546875 0.48359375 0.048046875 0.075
0 0.98984375 0.63203125 0.0203125 0.080859375
0 0.926953125 0.653125 0.071875 0.05234375
0 0.80859375 0.86953125 0.081640625 0.061328125
0 0.7046875 0.855859375 0.055859375 0.06796875
0 0.60859375 0.829296875 0.05546875 0.066796875
0 0.541015625 0.813671875 0.082421875 0.05859375
0 0.10625 0.8421875 0.071875 0.073046875
0 0.2375 0.870703125 0.069140625 0.062109375
0 0.4765625 0.705078125 0.0609375 0.074609375
0 0.393359375 0.7453125 0.07109375 0.061328125
0 0.226953125 0.625 0.051953125 0.07578125
0 0.319140625 0.718359375 0.06171875 0.05703125
0 0.326953125 0.7484375 0.048828125 0.05703125