0 0.096875 0.71640625 0.067578125 0.08671875
0 0.341796875 0.566015625 0.06953125 0.062890625
0 0.4234375 0.560546875 0.05234375 0.066015625
0 0.5375 0.505859375 0.066796875 0.07890625
0 0.603125 0.622265625 0.051953125 0.075
0 0.82265625 0.5296875 0.09296875 0.047265625
0 0.971484375 0.443359375 0.05703125 0.04921875
0 0.964453125 0.145703125 0.070703125 0.07265625
0 0.1765625 0.143359375 0.074609375 0.067578125
0 0.263671875 0.11171875 0.076953125 0.08046875
0 0.4453125 0.11484375 0.058984375 0.07734375
0 0.26796875 0.9578125 0.046484375 0.05703125
0 0.27109375 0.903515625 0.07578125 0.058984375
0 0.26875 0.862890625 0.06328125 0.05703125
0 0.2984375 0.95625 0.042578125 0.06328125
0 0.2921875 0.994140625 0.0203125 0.01171875
0 0.55625 0.885546875 0.051953125 0.06328125
0 0.5875 0.891015625 0.034375 0.058984375
0 0.624609375 0.895703125 0.0375 0.041796875
0 0.619921875 0.862109375 0.034765625 0.082421875
0 0.66953125 0.9 0.053515625 0.035546875
0 0.664453125 0.8578125 0.052734375 0.051953125
0 0.0203125 0.118359375 0.040625 0.059765625
0 0.014453125 0.08515625 0.02890625 0.02578125
0 0.0609375 0.1078125 0.04765625 0.054296875
0 0.562890625 0.104296875 0.06171875 0.05
0 0.60546875 0.103125 0.047265625 0.0546875
0 0.63359375 0.121484375 0.043359375 0.06640625
0 0.6703125 0.104296875 0.034765625 0.0578125
0 0.6984375 0.101171875 0.036328125 0.069921875
0 0.737109375 0.09453125 0.05078125 0.048046875
0 0.7453125 0.124609375 0.05390625 0.048046875
0 0.6828125 0.149609375 0.0546875 0.0703125