0 0.016796875 0.188671875 0.033203125 0.0796875
0 0.01328125 0.23046875 0.026171875 0.0328125
0 0.022265625 0.271484375 0.04453125 0.07421875
0 0.05546875 0.111328125 0.07109375 0.0671875
0 0.0671875 0.08046875 0.053125 0.07265625
0 0.107421875 0.1015625 0.050390625 0.087890625
0 0.14296875 0.10625 0.053125 0.082421875
0 0.17265625 0.100390625 0.0640625 0.08359375
0 0.225390625 0.098046875 0.0703125 0.082421875
0 0.27109375 0.082421875 0.075 0.063671875
0 0.325 0.06953125 0.07578125 0.065234375
0 0.3515625 0.10859375 0.0765625 0.0890625
0 0.3875 0.12421875 0.049609375 0.0953125
0 0.423046875 0.13125 0.059375 0.090625
0 0.4203125 0.07421875 0.05234375 0.05625
0 0.46875 0.09140625 0.049609375 0.0890625
0 0.728125 0.121875 0.08671875 0.069140625
0 0.916015625 0.104296875 0.066796875 0.10078125
0 0.97734375 0.164453125 0.0453125 0.069140625
0 0.129296875 0.171484375 0.1109375 0.074609375
0 0.1453125 0.24296875 0.08125 0.069140625
0 0.214453125 0.249609375 0.089453125 0.0734375
0 0.35625 0.244921875 0.06328125 0.092578125
0 0.498046875 0.246875 0.06328125 0.08984375
0 0.020703125 0.408984375 0.04140625 0.07421875
0 0.117578125 0.31640625 0.0515625 0.07890625
0 0.13046875 0.434765625 0.075 0.093359375
0 0.221875 0.419921875 0.077734375 0.076171875
0 0.7515625 0.223828125 0.05234375 0.090625
0 0.722265625 0.294921875 0.06953125 0.1078125
0 0.6484375 0.372265625 0.062109375 0.10078125
0 0.904296875 0.39765625 0.09375 0.062890625
0 0.91484375 0.476953125 0.084765625 0.071875
0 0.968359375 0.587109375 0.06328125 0.09453125
0 0.844140625 0.479296875 0.05703125 0.092578125
0 0.730078125 0.622265625 0.06484375 0.087890625
0 0.68203125 0.58671875 0.090234375 0.063671875
0 0.35703125 0.487109375 0.060546875 0.093359375
0 0.247265625 0.53046875 0.06328125 0.09140625
0 0.194140625 0.590625 0.084765625 0.071875
0 0.083203125 0.633203125 0.06875 0.075390625
0 0.046875 0.670703125 0.09375 0.063671875
0 0.980078125 0.8671875 0.03984375 0.070703125
0 0.674609375 0.821875 0.078515625 0.0953125
0 0.596875 0.73984375 0.055078125 0.080859375
0 0.44140625 0.824609375 0.054296875 0.082421875
0 0.49765625 0.844140625 0.062109375 0.086328125
0 0.503125 0.898828125 0.05703125 0.069140625
0 0.465234375 0.897265625 0.055078125 0.0796875
0 0.35625 0.898046875 0.06484375 0.081640625
0 0.315234375 0.85390625 0.05703125 0.076171875
0 0.296484375 0.904296875 0.06953125 0.065234375
0 0.262890625 0.861328125 0.05703125 0.071875
0 0.22109375 0.846484375 0.0703125 0.069140625
0 0.188671875 0.81953125 0.0578125 0.074609375
0 0.1375 0.8359375 0.05703125 0.08359375
0 0.10078125 0.855078125 0.05859375 0.084375
0 0.055859375 0.866796875 0.054296875 0.086328125
0 0.020703125 0.884765625 0.04140625 0.10078125
0 0.03828125 0.9109375 0.040625 0.0484375
0 0.083984375 0.91640625 0.072265625 0.05
0 0.12421875 0.894921875 0.055078125 0.0609375
0 0.153125 0.91484375 0.05859375 0.053515625
0 0.162890625 0.866796875 0.066015625 0.046484375
0 0.198828125 0.9140625 0.0515625 0.063671875
0 0.24140625 0.908984375 0.040625 0.0671875