0 0.026171875 0.368359375 0.05234375 0.049609375
0 0.248046875 0.541015625 0.090234375 0.056640625
0 0.459765625 0.584765625 0.044921875 0.08125
0 0.574609375 0.569140625 0.070703125 0.06796875
0 0.176171875 0.84453125 0.0578125 0.081640625
0 0.41328125 0.9109375 0.064453125 0.0625
0 0.6703125 0.8875 0.057421875 0.075
0 0.575390625 0.88359375 0.04921875 0.069140625
0 0.525390625 0.8609375 0.058203125 0.056640625
0 0.48515625 0.82734375 0.04453125 0.072265625
0 0.45234375 0.896484375 0.04609375 0.053125
0 0.51328125 0.91484375 0.073828125 0.0453125
0 0.48671875 0.887890625 0.066015625 0.062890625