0 0.825390625 0.86953125 0.0609375 0.09609375
0 0.75390625 0.8421875 0.0734375 0.071484375
0 0.7296875 0.872265625 0.05234375 0.090234375
0 0.688671875 0.870703125 0.0515625 0.080078125
0 0.566796875 0.611328125 0.066796875 0.0859375
0 0.278125 0.652734375 0.0703125 0.113671875
0 0.452734375 0.78984375 0.087109375 0.071875
0 0.45546875 0.884765625 0.085546875 0.071875
0 0.330859375 0.94140625 0.03828125 0.06484375
0 0.074609375 0.5109375 0.1015625 0.07734375
0 0.134765625 0.630859375 0.084375 0.089453125
0 0.25625 0.239453125 0.091796875 0.0828125
0 0.01015625 0.0953125 0.0203125 0.078125
0 0.04609375 0.106640625 0.05859375 0.08359375
0 0.18046875 0.30078125 0.062890625 0.086328125
0 0.08984375 0.294140625 0.056640625 0.081640625
0 0.137890625 0.2890625 0.05625 0.082421875
0 0.445703125 0.15703125 0.06640625 0.08359375
0 0.175390625 0.2296875 0.094140625 0.066015625