0 0.97890625 0.10234375 0.041796875 0.052734375
0 0.9265625 0.128125 0.051953125 0.069921875
0 0.835546875 0.117578125 0.0734375 0.064453125
0 0.878515625 0.149609375 0.07109375 0.053125
0 0.708203125 0.100390625 0.059375 0.05703125
0 0.77578125 0.106640625 0.0578125 0.05625
0 0.779296875 0.338671875 0.05078125 0.078125
0 0.327734375 0.10078125 0.071875 0.07734375
0 0.624609375 0.109375 0.048828125 0.07265625
0 0.60234375 0.0953125 0.04765625 0.045703125
0 0.5390625 0.110546875 0.066796875 0.054296875
0 0.48671875 0.133203125 0.069140625 0.057421875
0 0.45234375 0.17421875 0.065625 0.0515625
0 0.503125 0.17890625 0.062890625 0.052734375
0 0.30625 0.165234375 0.046484375 0.080859375
0 0.353515625 0.20234375 0.062890625 0.05625
0 0.266796875 0.1875 0.07421875 0.05390625
0 0.483203125 0.388671875 0.048828125 0.06484375
0 0.595703125 0.40703125 0.07421875 0.0453125
0 0.373828125 0.498046875 0.04765625 0.068359375
0 0.48203125 0.690625 0.055078125 0.07265625
0 0.76953125 0.856640625 0.069140625 0.05390625
0 0.7515625 0.887109375 0.0609375 0.0515625
0 0.178515625 0.714453125 0.05703125 0.06640625
0 0.253125 0.7125 0.059765625 0.0703125
0 0.292578125 0.8515625 0.046484375 0.074609375
0 0.381640625 0.862890625 0.059765625 0.058984375
0 0.0546875 0.912109375 0.06796875 0.0734375
0 0.02265625 0.9640625 0.0453125 0.0671875
0 0.264453125 0.944921875 0.059375 0.067578125
0 0.3171875 0.95390625 0.0484375 0.060546875
0 0.29375 0.974609375 0.059375 0.050390625
0 0.18359375 0.9546875 0.069140625 0.067578125
0 0.204296875 0.581640625 0.0578125 0.066015625
0 0.08671875 0.309375 0.0828125 0.05625
0 0.103125 0.205078125 0.061328125 0.051953125
0 0.096484375 0.109375 0.07421875 0.075
0 0.044921875 0.108203125 0.053515625 0.0546875