0 0.459375 0.769921875 0.073046875 0.08515625
0 0.3484375 0.899609375 0.0828125 0.08046875
0 0.149609375 0.60390625 0.084375 0.062109375
0 0.10703125 0.49609375 0.091015625 0.0703125
0 0.445703125 0.513671875 0.069921875 0.066796875
0 0.396875 0.401953125 0.094140625 0.05859375
0 0.39765625 0.29140625 0.05859375 0.071875
0 0.45859375 0.286328125 0.073828125 0.06875
0 0.38828125 0.3484375 0.069140625 0.07734375
0 0.348828125 0.110546875 0.059765625 0.094921875
0 0.31328125 0.117578125 0.058984375 0.075390625
0 0.2484375 0.199609375 0.06328125 0.0765625
0 0.29453125 0.203125 0.059765625 0.096875
0 0.492578125 0.26328125 0.065234375 0.070703125
0 0.53515625 0.16484375 0.060546875 0.075390625
0 0.540625 0.251953125 0.073046875 0.06171875
0 0.46171875 0.105078125 0.05546875 0.092578125
0 0.4125 0.153515625 0.058203125 0.082421875
0 0.488671875 0.164453125 0.05 0.082421875
0 0.439453125 0.180078125 0.05703125 0.075
0 0.466015625 0.2125 0.07265625 0.060546875
0 0.52265625 0.20703125 0.059375 0.065234375
0 0.85703125 0.121484375 0.08671875 0.059375
0 0.73515625 0.166796875 0.05859375 0.091796875
0 0.825 0.25546875 0.083203125 0.066796875
0 0.844921875 0.492578125 0.058203125 0.08359375
0 0.7765625 0.4765625 0.059765625 0.083984375
0 0.77890625 0.55 0.064453125 0.0921875
0 0.90625 0.672265625 0.082421875 0.06328125
0 0.85859375 0.753125 0.090625 0.0734375
0 0.534375 0.846875 0.07578125 0.060546875
0 0.4203125 0.88671875 0.073828125 0.066796875
0 0.472265625 0.870703125 0.065234375 0.07421875
0 0.521484375 0.899609375 0.05703125 0.065625
0 0.476953125 0.909375 0.06875 0.056640625
0 0.01328125 0.308984375 0.0265625 0.05546875
0 0.43125 0.576953125 0.080859375 0.076953125