0 0.0359375 0.3859375 0.071875 0.05546875
0 0.026171875 0.42890625 0.05234375 0.0515625
0 0.262890625 0.393359375 0.054296875 0.08046875
0 0.509765625 0.492578125 0.053125 0.084765625
0 0.5625 0.33046875 0.0734375 0.075
0 0.65390625 0.220703125 0.075390625 0.063671875
0 0.753125 0.21171875 0.057421875 0.066796875
0 0.735546875 0.237890625 0.06953125 0.05703125
0 0.65234375 0.28671875 0.08046875 0.055078125
0 0.79609375 0.26796875 0.071484375 0.057421875
0 0.844921875 0.195703125 0.066796875 0.071875
0 0.8265625 0.24453125 0.05078125 0.075390625
0 0.578125 0.627734375 0.04609375 0.087890625
0 0.437890625 0.868359375 0.0578125 0.0796875