0 0.440234375 0.68203125 0.053515625 0.06953125
0 0.6453125 0.71953125 0.04921875 0.063671875
0 0.395703125 0.76953125 0.059765625 0.05703125
0 0.521875 0.788671875 0.06953125 0.058984375
0 0.606640625 0.809375 0.04765625 0.065625
0 0.5578125 0.86015625 0.059375 0.06328125
0 0.6171875 0.870703125 0.05625 0.064453125
0 0.610546875 0.513671875 0.051171875 0.068359375
0 0.423828125 0.49453125 0.05625 0.066796875
0 0.299609375 0.506640625 0.07734375 0.0515625
0 0.2703125 0.55234375 0.06796875 0.0515625
0 0.31640625 0.56171875 0.058984375 0.06640625
0 0.165234375 0.52109375 0.075 0.034765625
0 0.31328125 0.183203125 0.060546875 0.05234375
0 0.323828125 0.228125 0.064453125 0.0546875
0 0.405078125 0.177734375 0.066015625 0.053125
0 0.42109375 0.2140625 0.04609375 0.065234375
0 0.433984375 0.366015625 0.053515625 0.069140625
0 0.571875 0.325390625 0.070703125 0.0515625
0 0.26484375 0.256640625 0.0609375 0.05234375
0 0.303125 0.24765625 0.0640625 0.05546875
0 0.267578125 0.21328125 0.06171875 0.04140625
0 0.2578125 0.156640625 0.057421875 0.063671875
0 0.356640625 0.11640625 0.054296875 0.07578125
0 0.386328125 0.099609375 0.051171875 0.05078125
0 0.430859375 0.12109375 0.050390625 0.06171875
0 0.430078125 0.090234375 0.05078125 0.03828125
0 0.475390625 0.129296875 0.0578125 0.050390625
0 0.467578125 0.09140625 0.049609375 0.037109375
0 0.516796875 0.0859375 0.053125 0.062109375
0 0.562109375 0.100390625 0.04296875 0.056640625
0 0.249609375 0.367578125 0.0734375 0.07109375
0 0.334765625 0.37734375 0.069140625 0.05234375
0 0.148828125 0.385546875 0.068359375 0.04609375
0 0.1859375 0.421875 0.04921875 0.069921875
0 0.14921875 0.425 0.053125 0.05546875
0 0.216015625 0.430859375 0.071484375 0.044140625
0 0.259375 0.46640625 0.077734375 0.06953125
0 0.148046875 0.46796875 0.0640625 0.05234375
0 0.206640625 0.47734375 0.058984375 0.067578125
0 0.152734375 0.5421875 0.051171875 0.041796875
0 0.18203125 0.56953125 0.069921875 0.04609375
0 0.341015625 0.834375 0.073828125 0.09375
0 0.40625 0.854296875 0.0796875 0.052734375
0 0.24140625 0.8484375 0.070703125 0.0578125
0 0.286328125 0.64453125 0.081640625 0.05625
0 0.262109375 0.595703125 0.061328125 0.042578125
0 0.220703125 0.60078125 0.05546875 0.046875
0 0.17421875 0.599609375 0.0578125 0.038671875
0 0.148046875 0.57109375 0.047265625 0.037109375
0 0.14453125 0.613671875 0.033984375 0.051171875
0 0.1546875 0.636328125 0.058984375 0.03515625
0 0.19921875 0.630859375 0.052734375 0.060546875
0 0.253515625 0.627734375 0.07421875 0.041015625
0 0.15 0.66484375 0.055078125 0.037109375
0 0.153125 0.69453125 0.044921875 0.051171875
0 0.213671875 0.7265625 0.066796875 0.0453125
0 0.154296875 0.826171875 0.0515625 0.048828125
0 0.192578125 0.864453125 0.05234375 0.052734375
0 0.16484375 0.8640625 0.042578125 0.048828125
0 0.47109375 0.79609375 0.057421875 0.05546875
0 0.161328125 0.737890625 0.05 0.05546875
0 0.22578125 0.756640625 0.057421875 0.038671875
0 0.16015625 0.784375 0.041015625 0.05078125
0 0.67578125 0.750390625 0.06796875 0.061328125
0 0.857421875 0.27734375 0.051171875 0.0625
0 0.814453125 0.324609375 0.066796875 0.048828125
0 0.769140625 0.23828125 0.05390625 0.06171875
0 0.9234375 0.1265625 0.04609375 0.078125
0 0.956640625 0.103125 0.05 0.051953125
0 0.868359375 0.08671875 0.060546875 0.044921875
0 0.873828125 0.12421875 0.050390625 0.070703125
0 0.983984375 0.2 0.03203125 0.053125
0 0.954296875 0.18515625 0.046484375 0.05546875
0 0.77890625 0.0953125 0.04140625 0.06015625
0 0.8203125 0.10625 0.055078125 0.06875
0 0.72421875 0.09921875 0.04921875 0.038671875
0 0.649609375 0.194921875 0.065625 0.0515625
0 0.9046875 0.19140625 0.04765625 0.07109375
0 0.56484375 0.171484375 0.0546875 0.067578125
0 0.577734375 0.12578125 0.04375 0.060546875
0 0.608203125 0.132421875 0.058984375 0.04609375
0 0.65859375 0.1328125 0.042578125 0.0671875
0 0.68984375 0.135546875 0.0484375 0.0578125
0 0.72890625 0.136328125 0.0453125 0.05859375
0 0.683203125 0.165625 0.05234375 0.05703125
0 0.4734375 0.20859375 0.06640625 0.059375
0 0.5046875 0.174609375 0.07734375 0.05546875
0 0.203125 0.278125 0.04921875 0.05546875
0 0.25078125 0.311328125 0.05234375 0.05078125
0 0.145703125 0.108203125 0.037109375 0.060546875
0 0.21796875 0.1046875 0.0421875 0.04375
0 0.15625 0.1984375 0.06484375 0.035546875
0 0.159765625 0.117578125 0.04140625 0.042578125
0 0.1828125 0.12734375 0.03515625 0.050390625
0 0.23671875 0.134765625 0.0515625 0.05078125
0 0.197265625 0.15625 0.054296875 0.052734375
0 0.1640625 0.16328125 0.0390625 0.044140625
0 0.1609375 0.351171875 0.06015625 0.075390625
0 0.17578125 0.2421875 0.048828125 0.05546875
0 0.146875 0.230078125 0.027734375 0.046875
0 0.138671875 0.297265625 0.045703125 0.026953125
0 0.16328125 0.30078125 0.038671875 0.04296875
0 0.152734375 0.26640625 0.048046875 0.038671875
0 0.22734375 0.810546875 0.0484375 0.0421875
0 0.191796875 0.825 0.05546875 0.03828125
0 0.185546875 0.7859375 0.041796875 0.0390625
0 0.2203125 0.78046875 0.038671875 0.02890625
0 0.98359375 0.4578125 0.0328125 0.039453125
0 0.255078125 0.099609375 0.046484375 0.043359375
0 0.28828125 0.093359375 0.037890625 0.028515625
0 0.3234375 0.095703125 0.03828125 0.051953125
0 0.301171875 0.126953125 0.059375 0.051171875
0 0.209765625 0.33359375 0.05390625 0.05859375
0 0.18359375 0.689453125 0.04609375 0.041015625
0 0.23671875 0.67890625 0.046484375 0.0640625
0 0.269140625 0.683203125 0.049609375 0.05625