0 0.912890625 0.082421875 0.051953125 0.092578125
0 0.78046875 0.113671875 0.061328125 0.076171875
0 0.856640625 0.17734375 0.04765625 0.091796875
0 0.89765625 0.169140625 0.041796875 0.08203125
0 0.938671875 0.1640625 0.0453125 0.076171875
0 0.986328125 0.1390625 0.02734375 0.046875
0 0.808203125 0.165625 0.068359375 0.053125
0 0.7921875 0.214453125 0.05703125 0.092578125
0 0.77578125 0.38046875 0.0546875 0.086328125
0 0.92109375 0.43203125 0.0734375 0.046484375
0 0.5046875 0.299609375 0.087890625 0.0609375
0 0.571875 0.29921875 0.062109375 0.064453125
0 0.5765625 0.355078125 0.0640625 0.07109375
0 0.478515625 0.430859375 0.07421875 0.08828125
0 0.62890625 0.462109375 0.0734375 0.06875
0 0.984765625 0.45234375 0.03046875 0.0390625
0 0.949609375 0.536328125 0.070703125 0.057421875
0 0.764453125 0.5953125 0.089453125 0.057421875
0 0.670703125 0.599609375 0.08671875 0.0609375
0 0.77734375 0.68515625 0.0578125 0.059375
0 0.837890625 0.732421875 0.050390625 0.083203125
0 0.759375 0.721875 0.069140625 0.05078125
0 0.80078125 0.7859375 0.0484375 0.064453125
0 0.8421875 0.81015625 0.06484375 0.055078125
0 0.695703125 0.849609375 0.07734375 0.076953125
0 0.554296875 0.6734375 0.078515625 0.05859375
0 0.43046875 0.63984375 0.087890625 0.05390625
0 0.4703125 0.772265625 0.06484375 0.084765625
0 0.530859375 0.825390625 0.08203125 0.06328125
0 0.41015625 0.830859375 0.0640625 0.056640625
0 0.66484375 0.9046875 0.0578125 0.06328125
0 0.683984375 0.96953125 0.04921875 0.0609375
0 0.4265625 0.91015625 0.05859375 0.036328125
0 0.475390625 0.902734375 0.053515625 0.047265625
0 0.49921875 0.91953125 0.043359375 0.03046875
0 0.540625 0.895703125 0.065625 0.0625
0 0.32734375 0.861328125 0.098046875 0.07265625
0 0.368359375 0.759375 0.069140625 0.073828125
0 0.396484375 0.778125 0.079296875 0.0703125
0 0.273046875 0.707421875 0.0859375 0.064453125
0 0.334765625 0.6640625 0.077734375 0.084765625
0 0.13984375 0.88359375 0.067578125 0.0515625
0 0.1765625 0.787109375 0.079296875 0.058984375
0 0.24375 0.874609375 0.074609375 0.057421875
0 0.198046875 0.883203125 0.04140625 0.0515625
0 0.1609375 0.8375 0.07578125 0.05234375
0 0.23359375 0.66328125 0.095703125 0.066015625
0 0.108203125 0.537890625 0.070703125 0.063671875
0 0.207421875 0.510546875 0.083984375 0.063671875
0 0.297265625 0.488671875 0.083984375 0.046875
0 0.397265625 0.51640625 0.066015625 0.076171875
0 0.14375 0.587109375 0.0578125 0.064453125
0 0.095703125 0.61484375 0.058984375 0.048828125
0 0.1109375 0.702734375 0.071875 0.048828125
0 0.165625 0.664453125 0.095703125 0.04765625
0 0.110546875 0.6484375 0.07734375 0.048828125
0 0.105859375 0.73671875 0.061328125 0.043359375
0 0.149609375 0.734375 0.066015625 0.069140625
0 0.111328125 0.845703125 0.0453125 0.048046875
0 0.1 0.7984375 0.04140625 0.04765625
0 0.1046875 0.76171875 0.035546875 0.030078125
0 0.128125 0.77421875 0.033203125 0.0609375
0 0.315234375 0.775 0.065234375 0.063671875
0 0.24453125 0.806640625 0.061328125 0.044140625
0 0.269140625 0.7859375 0.058984375 0.06953125