0 0.380859375 0.7078125 0.08125 0.08046875
0 0.247265625 0.83359375 0.047265625 0.05
0 0.1828125 0.859765625 0.043359375 0.05625
0 0.2140625 0.85546875 0.04921875 0.078125
0 0.29375 0.844921875 0.063671875 0.080078125
0 0.7265625 0.940625 0.030078125 0.06171875
0 0.65 0.884375 0.07578125 0.0546875
0 0.727734375 0.825 0.084765625 0.054296875
0 0.797265625 0.88671875 0.071875 0.04765625
0 0.833984375 0.844140625 0.061328125 0.064453125
0 0.84609375 0.7828125 0.07890625 0.0578125
0 0.906640625 0.85859375 0.06875 0.058203125
0 0.94921875 0.8734375 0.0796875 0.05078125
0 0.92734375 0.176953125 0.1 0.071484375