0 0.16953125 0.5359375 0.0546875 0.065625
0 0.11796875 0.56796875 0.0734375 0.0484375
0 0.18125 0.6546875 0.059375 0.05
0 0.39921875 0.6828125 0.0578125 0.071875
0 0.53671875 0.73125 0.0515625 0.071875
0 0.721875 0.67578125 0.0625 0.0546875
0 0.984375 0.665625 0.03125 0.05625
0 0.58828125 0.76328125 0.0546875 0.0546875
0 0.4921875 0.88203125 0.05 0.0546875
0 0.5328125 0.8984375 0.040625 0.084375
0 0.575 0.85703125 0.05 0.0640625
0 0.590625 0.91484375 0.071875 0.0484375
0 0.659375 0.8484375 0.075 0.05625
0 0.78125 0.85078125 0.053125 0.0609375
0 0.79921875 0.903125 0.0578125 0.046875
0 0.83984375 0.8703125 0.0671875 0.040625
0 0.846875 0.90859375 0.065625 0.0421875
0 0.871875 0.86796875 0.046875 0.0703125
0 0.903125 0.884375 0.028125 0.059375
0 0.94296875 0.909375 0.0703125 0.053125
0 0.97421875 0.85859375 0.0515625 0.0484375
0 0.9796875 0.90859375 0.040625 0.0453125