0 0.194921875 0.14296875 0.07421875 0.0609375
0 0.343359375 0.341015625 0.07265625 0.04765625
0 0.395703125 0.480078125 0.05390625 0.04140625
0 0.751953125 0.078125 0.06796875 0.059375
0 0.933203125 0.078125 0.04765625 0.0703125
0 0.871484375 0.4796875 0.06328125 0.065625
0 0.683984375 0.660546875 0.07109375 0.04921875
0 0.770703125 0.816796875 0.06640625 0.05078125
0 0.778125 0.881640625 0.0515625 0.06484375
0 0.870703125 0.894921875 0.05234375 0.03828125
0 0.86171875 0.909375 0.053125 0.0515625
0 0.89921875 0.905859375 0.040625 0.07265625
0 0.5171875 0.885546875 0.0609375 0.04921875
0 0.369921875 0.814453125 0.04296875 0.05390625
0 0.473046875 0.891796875 0.03984375 0.06484375
0 0.43984375 0.898828125 0.0421875 0.05390625
0 0.399609375 0.912109375 0.05078125 0.03828125
0 0.3734375 0.86015625 0.059375 0.04375
0 0.407421875 0.8359375 0.05078125 0.059375
0 0.406640625 0.8796875 0.06328125 0.0375
0 0.143359375 0.883203125 0.05859375 0.05859375