0 0.017578125 0.328125 0.034765625 0.082421875
0 0.178515625 0.159375 0.067578125 0.083203125
0 0.231640625 0.179296875 0.08046875 0.066015625
0 0.369140625 0.262890625 0.08984375 0.064453125
0 0.40625 0.072265625 0.076171875 0.09296875
0 0.280859375 0.391015625 0.06796875 0.0875
0 0.374609375 0.682421875 0.063671875 0.09453125
0 0.12578125 0.7671875 0.06015625 0.08828125
0 0.177734375 0.73359375 0.0734375 0.083984375
0 0.3 0.771484375 0.07265625 0.075
0 0.3375 0.744140625 0.057421875 0.076953125
0 0.41953125 0.749609375 0.08671875 0.060546875
0 0.03828125 0.846484375 0.0640625 0.0828125
0 0.096875 0.8375 0.072265625 0.07421875
0 0.151953125 0.84296875 0.051171875 0.0703125
0 0.1921875 0.8453125 0.052734375 0.0765625
0 0.25 0.84609375 0.08515625 0.074609375
0 0.29375 0.8375 0.069921875 0.0890625
0 0.221875 0.93515625 0.00859375 0.00234375
0 0.511328125 0.758984375 0.091796875 0.057421875
0 0.5125 0.707421875 0.061328125 0.069921875
0 0.4859375 0.79609375 0.078125 0.0671875
0 0.401171875 0.797265625 0.071484375 0.0703125
0 0.355859375 0.83515625 0.05546875 0.083984375
0 0.4046875 0.850390625 0.092578125 0.0515625
0 0.40859375 0.89375 0.078515625 0.055078125
0 0.47578125 0.866796875 0.0859375 0.067578125
0 0.491796875 0.88984375 0.0703125 0.0546875
0 0.634765625 0.771484375 0.073828125 0.08203125
0 0.715234375 0.764453125 0.053515625 0.06015625
0 0.680859375 0.794921875 0.07109375 0.073046875
0 0.572265625 0.84453125 0.09609375 0.07109375
0 0.634765625 0.87421875 0.067578125 0.07890625
0 0.56015625 0.894921875 0.07890625 0.055078125
0 0.7109375 0.84921875 0.07734375 0.0984375
0 0.98046875 0.836328125 0.0390625 0.07578125
0 0.842578125 0.619140625 0.087890625 0.065234375
0 0.879296875 0.530859375 0.060546875 0.0890625
0 0.97890625 0.600390625 0.0421875 0.08515625
0 0.926171875 0.59453125 0.0859375 0.08125
0 0.624609375 0.58984375 0.063671875 0.09140625
0 0.55625 0.54296875 0.055859375 0.089453125
0 0.505859375 0.547265625 0.07890625 0.066796875
0 0.73828125 0.46796875 0.065234375 0.093359375
0 0.669921875 0.46953125 0.085546875 0.06484375
0 0.938671875 0.43671875 0.084375 0.101171875
0 0.801171875 0.34765625 0.07109375 0.066796875
0 0.8421875 0.415234375 0.083984375 0.0703125
0 0.85078125 0.35078125 0.069140625 0.07734375