0 0.0453125 0.409765625 0.04765625 0.06953125
0 0.035546875 0.5140625 0.07109375 0.04609375
0 0.130859375 0.605078125 0.05078125 0.0671875
0 0.09296875 0.652734375 0.05078125 0.06328125
0 0.052734375 0.63203125 0.044921875 0.068359375
0 0.02421875 0.593359375 0.0484375 0.05234375
0 0.01953125 0.63828125 0.0390625 0.05
0 0.043359375 0.689453125 0.06171875 0.048828125
0 0.207421875 0.6859375 0.059375 0.07109375
0 0.25703125 0.672265625 0.064453125 0.0578125
0 0.3671875 0.578125 0.048828125 0.05859375
0 0.39296875 0.6609375 0.04765625 0.07421875
0 0.40390625 0.733984375 0.059375 0.05546875
0 0.4015625 0.78203125 0.04296875 0.064453125
0 0.392578125 0.81796875 0.060546875 0.065625
0 0.38203125 0.8765625 0.0546875 0.059375
0 0.433203125 0.890234375 0.04375 0.07890625
0 0.47890625 0.88125 0.059375 0.0578125
0 0.5328125 0.905859375 0.065625 0.065625
0 0.566015625 0.8671875 0.03984375 0.072265625
0 0.60234375 0.90390625 0.060546875 0.05390625
0 0.64453125 0.888671875 0.060546875 0.060546875
0 0.71484375 0.871484375 0.072265625 0.0515625
0 0.783203125 0.89296875 0.072265625 0.05390625
0 0.780859375 0.8171875 0.063671875 0.064453125
0 0.710546875 0.7984375 0.075 0.051953125
0 0.71484375 0.741796875 0.05078125 0.059375
0 0.61953125 0.490234375 0.05 0.0703125