0 0.022265625 0.703125 0.04453125 0.0546875
0 0.225 0.832421875 0.06875 0.049609375
0 0.21484375 0.801171875 0.059765625 0.05234375
0 0.21953125 0.542578125 0.06328125 0.053125
0 0.345703125 0.464453125 0.059375 0.07578125
0 0.278125 0.73046875 0.066796875 0.063671875
0 0.4328125 0.694921875 0.0484375 0.064453125
0 0.38359375 0.88125 0.06875 0.06015625
0 0.459375 0.881640625 0.062890625 0.052734375
0 0.510546875 0.88671875 0.04296875 0.062890625
0 0.54921875 0.888671875 0.03828125 0.060546875
0 0.539453125 0.8421875 0.05 0.062890625
0 0.483984375 0.848046875 0.076171875 0.0515625
0 0.47109375 0.801171875 0.04609375 0.078515625