0 0.94609375 0.748828125 0.07578125 0.0765625
0 0.82421875 0.67890625 0.076171875 0.0796875
0 0.844921875 0.715625 0.04296875 0.06484375
0 0.81796875 0.56015625 0.0609375 0.0765625
0 0.684375 0.575 0.062890625 0.077734375
0 0.635546875 0.68671875 0.062890625 0.0609375
0 0.911328125 0.822265625 0.08046875 0.0703125
0 0.862890625 0.864453125 0.09375 0.0703125
0 0.60859375 0.780078125 0.07265625 0.065625
0 0.52109375 0.55078125 0.06875 0.073046875
0 0.535546875 0.629296875 0.06171875 0.075
0 0.361328125 0.683984375 0.059375 0.078515625
0 0.41640625 0.480859375 0.05625 0.084765625
0 0.64453125 0.315234375 0.062109375 0.080078125
0 0.57890625 0.326953125 0.073828125 0.058984375
0 0.62734375 0.385546875 0.07578125 0.06484375
0 0.55234375 0.397265625 0.085546875 0.051953125
0 0.55625 0.351953125 0.074609375 0.046484375
0 0.198828125 0.345703125 0.06796875 0.069921875
0 0.109765625 0.386328125 0.055078125 0.08203125
0 0.081640625 0.416015625 0.0515625 0.078125
0 0.2203125 0.39765625 0.07265625 0.0546875
0 0.2640625 0.3578125 0.082421875 0.04453125
0 0.255078125 0.44140625 0.0546875 0.0828125
0 0.282421875 0.38984375 0.053515625 0.0578125
0 0.32265625 0.405859375 0.05234375 0.071484375
0 0.363671875 0.40546875 0.058984375 0.053515625
0 0.34609375 0.464453125 0.075 0.06171875
0 0.438671875 0.546484375 0.064453125 0.078515625
0 0.417578125 0.61015625 0.0578125 0.080859375
0 0.462890625 0.644140625 0.06953125 0.053125
0 0.462890625 0.689453125 0.053515625 0.072265625
0 0.42734375 0.696875 0.0453125 0.07265625
0 0.404296875 0.658984375 0.0578125 0.067578125
0 0.176171875 0.517578125 0.066015625 0.06015625
0 0.12109375 0.523828125 0.07890625 0.059375
0 0.189453125 0.59921875 0.096875 0.05234375
0 0.26640625 0.650390625 0.051171875 0.0796875
0 0.215625 0.65546875 0.059765625 0.0671875
0 0.01484375 0.50234375 0.0296875 0.064453125
0 0.031640625 0.54921875 0.0625 0.06953125
0 0.063671875 0.5703125 0.075390625 0.05078125
0 0.02109375 0.61328125 0.0421875 0.063671875
0 0.067578125 0.608203125 0.07109375 0.050390625
0 0.047265625 0.673828125 0.065625 0.083203125
0 0.530859375 0.803125 0.061328125 0.065625
0 0.42890625 0.7859375 0.064453125 0.040625
0 0.330859375 0.88359375 0.06484375 0.073828125
0 0.7484375 0.84375 0.056640625 0.07421875
0 0.759375 0.89609375 0.08046875 0.04609375
0 0.706640625 0.834375 0.046484375 0.053515625
0 0.70390625 0.8828125 0.048828125 0.051953125
0 0.66953125 0.881640625 0.0453125 0.061328125
0 0.66171875 0.827734375 0.070703125 0.051953125
0 0.630078125 0.85234375 0.05234375 0.062890625
0 0.63671875 0.896875 0.052734375 0.041796875
0 0.5953125 0.871875 0.052734375 0.0734375
0 0.547265625 0.878125 0.058203125 0.055078125
0 0.49453125 0.8921875 0.0484375 0.0546875
0 0.487890625 0.798828125 0.057421875 0.053515625
0 0.49296875 0.846484375 0.056640625 0.04921875
0 0.429296875 0.82734375 0.07421875 0.047265625
0 0.451953125 0.854296875 0.048828125 0.043359375
0 0.4546875 0.897265625 0.059375 0.048828125
0 0.413671875 0.88828125 0.04453125 0.06640625