0 0.9625 0.087890625 0.075 0.05390625
0 0.971875 0.133984375 0.05625 0.04140625
0 0.98203125 0.16953125 0.0359375 0.0421875
0 0.91328125 0.127734375 0.069921875 0.075
0 0.862109375 0.116796875 0.052734375 0.071875
0 0.83515625 0.175 0.05546875 0.08671875
0 0.84296875 0.296484375 0.06953125 0.0671875
0 0.510546875 0.216015625 0.08359375 0.071484375
0 0.7609375 0.16640625 0.082421875 0.059765625
0 0.784375 0.121484375 0.05546875 0.091015625
0 0.739453125 0.101953125 0.069140625 0.08046875
0 0.697265625 0.111328125 0.055078125 0.07421875
0 0.6796875 0.1390625 0.065234375 0.075
0 0.6421875 0.16640625 0.055078125 0.07578125
0 0.650390625 0.094140625 0.05625 0.06015625
0 0.621875 0.130859375 0.045703125 0.078125
0 0.587109375 0.146875 0.053125 0.08671875
0 0.55078125 0.110546875 0.055859375 0.079296875
0 0.590625 0.096875 0.06796875 0.062109375
0 0.46171875 0.3328125 0.04765625 0.071875
0 0.511328125 0.36484375 0.048046875 0.088671875
0 0.543359375 0.41640625 0.0515625 0.08671875
0 0.6296875 0.434765625 0.041015625 0.08203125
0 0.5890625 0.5 0.06640625 0.070703125
0 0.709765625 0.52421875 0.05703125 0.111328125
0 0.7078125 0.46484375 0.069140625 0.0703125
0 0.665625 0.45390625 0.046875 0.0734375
0 0.25859375 0.430078125 0.05703125 0.079296875
0 0.326171875 0.386328125 0.058984375 0.06875
0 0.294140625 0.498046875 0.056640625 0.08359375
0 0.483984375 0.634765625 0.063671875 0.06015625
0 0.533203125 0.65703125 0.058203125 0.0828125
0 0.26015625 0.67109375 0.05703125 0.0796875
0 0.22265625 0.736328125 0.056640625 0.07265625
0 0.203125 0.80390625 0.07109375 0.051171875
0 0.258203125 0.85078125 0.05546875 0.06953125
0 0.262890625 0.80859375 0.065625 0.055859375
0 0.3109375 0.836328125 0.046484375 0.057421875
0 0.35390625 0.833984375 0.059375 0.039453125
0 0.384765625 0.8640625 0.056640625 0.06640625
0 0.39375 0.811328125 0.048046875 0.04296875
0 0.2953125 0.79296875 0.058203125 0.041015625
0 0.350390625 0.794140625 0.05546875 0.0515625
0 0.326953125 0.751171875 0.083984375 0.04765625
0 0.390234375 0.761328125 0.04296875 0.07421875
0 0.42578125 0.771875 0.051953125 0.06875
0 0.44375 0.814453125 0.05703125 0.05703125
0 0.420703125 0.866015625 0.055859375 0.069140625
0 0.455859375 0.8671875 0.048828125 0.0671875
0 0.491015625 0.862890625 0.051171875 0.0671875
0 0.5375 0.880078125 0.0578125 0.043359375
0 0.9828125 0.859765625 0.033984375 0.0796875
0 0.970703125 0.787890625 0.05859375 0.05859375
0 0.966796875 0.7421875 0.06640625 0.066015625
0 0.94765625 0.8515625 0.05 0.071484375
0 0.8984375 0.86640625 0.071484375 0.0421875
0 0.93203125 0.810546875 0.0546875 0.0609375
0 0.8875 0.8 0.06484375 0.051953125
0 0.86640625 0.82734375 0.0859375 0.0484375
0 0.834765625 0.85859375 0.065234375 0.071875
0 0.782421875 0.85625 0.061328125 0.0640625
0 0.8921875 0.753125 0.067578125 0.06171875
0 0.83671875 0.753515625 0.06328125 0.05390625
0 0.807421875 0.8078125 0.065234375 0.05390625
0 0.764453125 0.81171875 0.05078125 0.055078125
0 0.800390625 0.75390625 0.0546875 0.06015625
0 0.797265625 0.7015625 0.074609375 0.073828125
0 0.759375 0.7203125 0.064453125 0.059375
0 0.759765625 0.775 0.067578125 0.0515625
0 0.61328125 0.673046875 0.058984375 0.065234375
0 0.666015625 0.7140625 0.051171875 0.058203125
0 0.6953125 0.737890625 0.064453125 0.05625
0 0.7046875 0.784375 0.051171875 0.05078125
0 0.72265625 0.8390625 0.05078125 0.069921875
0 0.690625 0.837109375 0.041796875 0.0609375
0 0.633203125 0.87890625 0.062109375 0.059375
0 0.53046875 0.832421875 0.06484375 0.051171875
0 0.53359375 0.802734375 0.078125 0.053515625
0 0.5609375 0.766796875 0.08125 0.048828125
0 0.539453125 0.744140625 0.07578125 0.055078125
0 0.578515625 0.706640625 0.061328125 0.05703125
0 0.62265625 0.72734375 0.057421875 0.051171875
0 0.640234375 0.761328125 0.069140625 0.052734375
0 0.6640625 0.788671875 0.0484375 0.062109375
0 0.641796875 0.830859375 0.0609375 0.0484375
0 0.611328125 0.801171875 0.068359375 0.045703125
0 0.579296875 0.825 0.038671875 0.05859375
0 0.6015625 0.85390625 0.044921875 0.070703125
0 0.578125 0.87421875 0.0515625 0.04375
0 0.121484375 0.44453125 0.0921875 0.05859375
0 0.175390625 0.848046875 0.054296875 0.069140625
0 0.147265625 0.80234375 0.060546875 0.064453125
0 0.1109375 0.84375 0.0734375 0.055859375
0 0.072265625 0.829296875 0.061328125 0.069921875
0 0.013671875 0.868359375 0.02734375 0.06640625
0 0.0296875 0.809375 0.059375 0.0640625
0 0.09765625 0.753515625 0.089453125 0.05859375
0 0.053125 0.73984375 0.053125 0.0515625
0 0.113671875 0.71484375 0.062109375 0.0484375
0 0.05703125 0.693359375 0.0859375 0.057421875
0 0.048828125 0.597265625 0.079296875 0.059765625
0 0.076953125 0.3265625 0.067578125 0.058984375
0 0.487890625 0.147265625 0.083203125 0.079296875
0 0.437109375 0.181640625 0.046875 0.0875
0 0.437109375 0.12734375 0.06328125 0.07421875
0 0.4140625 0.1140625 0.051171875 0.059765625
0 0.375390625 0.091796875 0.074609375 0.056640625
0 0.36484375 0.116015625 0.07421875 0.057421875
0 0.396875 0.18125 0.053125 0.085546875
0 0.373828125 0.212109375 0.0703125 0.065234375
0 0.3484375 0.245703125 0.053125 0.090625
0 0.30234375 0.191015625 0.052734375 0.085546875
0 0.273828125 0.21953125 0.044140625 0.081640625
0 0.333203125 0.17578125 0.055859375 0.080859375
0 0.353125 0.151171875 0.05703125 0.0671875
0 0.329296875 0.10703125 0.04921875 0.0703125
0 0.29296875 0.10546875 0.055859375 0.064453125
0 0.286328125 0.13125 0.069140625 0.05234375
0 0.252734375 0.091015625 0.046875 0.050390625
0 0.195703125 0.085546875 0.05625 0.027734375
0 0.209375 0.107421875 0.065234375 0.04296875
0 0.253125 0.12578125 0.03203125 0.0484375
0 0.26171875 0.176171875 0.05390625 0.05859375
0 0.219140625 0.133984375 0.04921875 0.04296875
0 0.221484375 0.170703125 0.042578125 0.0875
0 0.146875 0.094140625 0.06015625 0.04296875
0 0.1609375 0.128515625 0.06171875 0.050390625
0 0.183984375 0.15703125 0.0375 0.05390625
0 0.1875 0.204296875 0.048046875 0.05546875
0 0.155859375 0.20078125 0.040234375 0.048046875
0 0.125390625 0.20625 0.06015625 0.0515625
0 0.128125 0.15859375 0.070703125 0.048828125
0 0.087890625 0.1703125 0.037890625 0.100390625
0 0.023828125 0.235546875 0.04765625 0.050390625
0 0.02578125 0.201171875 0.0453125 0.070703125
0 0.052734375 0.198046875 0.024609375 0.05078125
0 0.053515625 0.150390625 0.059765625 0.07578125
0 0.1 0.1234375 0.06875 0.035546875
0 0.0953125 0.09453125 0.0609375 0.04375
0 0.033984375 0.103125 0.06796875 0.053125
0 0.018359375 0.1484375 0.03671875 0.03515625