0 0.053125 0.804296875 0.07265625 0.075390625
0 0.02890625 0.893359375 0.057421875 0.08125
0 0.086328125 0.905078125 0.082421875 0.062890625
0 0.07734375 0.866796875 0.0640625 0.0671875
0 0.13671875 0.87265625 0.090234375 0.075390625
0 0.158203125 0.908203125 0.07109375 0.059765625
0 0.206640625 0.892578125 0.057421875 0.08984375
0 0.23984375 0.895703125 0.054296875 0.084765625
0 0.275390625 0.89296875 0.05 0.0921875
0 0.30703125 0.889453125 0.0484375 0.087109375
0 0.34609375 0.867578125 0.078515625 0.0578125
0 0.342578125 0.90546875 0.080859375 0.058984375
0 0.491796875 0.89609375 0.077734375 0.062109375
0 0.602734375 0.8921875 0.0625 0.0703125
0 0.533203125 0.8109375 0.056640625 0.087109375
0 0.4703125 0.778125 0.065234375 0.076171875
0 0.388671875 0.774609375 0.08515625 0.071484375
0 0.278125 0.794921875 0.079296875 0.0796875
0 0.27890625 0.662109375 0.067578125 0.08984375
0 0.4453125 0.641015625 0.080078125 0.0671875
0 0.678515625 0.64609375 0.0859375 0.062109375
0 0.783203125 0.723828125 0.053515625 0.08984375
0 0.892578125 0.7171875 0.065234375 0.09140625
0 0.758203125 0.52109375 0.078515625 0.062890625
0 0.68203125 0.51171875 0.07578125 0.073828125
0 0.505859375 0.449609375 0.082421875 0.06640625
0 0.407421875 0.493359375 0.0859375 0.060546875
0 0.370703125 0.54453125 0.055859375 0.09140625
0 0.567578125 0.3359375 0.082421875 0.0578125
0 0.449609375 0.3625 0.0734375 0.061328125
0 0.409765625 0.340234375 0.075 0.078125