0 0.097265625 0.089453125 0.03984375 0.05703125
0 0.13359375 0.103515625 0.0359375 0.05546875
0 0.16640625 0.10234375 0.034375 0.0703125
0 0.208984375 0.103515625 0.04609375 0.07109375
0 0.53515625 0.090234375 0.053125 0.05234375
0 0.574609375 0.0984375 0.03203125 0.065625
0 0.552734375 0.48828125 0.06171875 0.0609375
0 0.675390625 0.86875 0.06796875 0.0421875
0 0.302734375 0.88671875 0.04921875 0.0734375
0 0.22109375 0.84609375 0.05 0.053125
0 0.258984375 0.819140625 0.04453125 0.05703125
0 0.302734375 0.816796875 0.05390625 0.05390625
0 0.979296875 0.9390625 0.04140625 0.0640625
0 0.9578125 0.9609375 0.078125 0.0640625