0 0.242578125 0.058984375 0.05546875 0.041015625
0 0.100390625 0.10078125 0.04453125 0.04609375
0 0.100390625 0.08125 0.05390625 0.04921875
0 0.139453125 0.08125 0.0328125 0.047265625
0 0.1765625 0.071875 0.037890625 0.03203125
0 0.250390625 0.8640625 0.090234375 0.075
0 0.34296875 0.767578125 0.08203125 0.08203125
0 0.220703125 0.79140625 0.0859375 0.0625
0 0.175 0.771875 0.081640625 0.076171875
0 0.119921875 0.811328125 0.065234375 0.076953125
0 0.10703125 0.86328125 0.02890625 0.049609375
0 0.137109375 0.859375 0.047265625 0.039453125
0 0.125 0.889453125 0.03671875 0.03203125
0 0.1703125 0.890234375 0.0640625 0.0375
0 0.07734375 0.731640625 0.077734375 0.048828125
0 0.137890625 0.72734375 0.046875 0.059765625
0 0.36875 0.61796875 0.09375 0.05703125
0 0.479296875 0.61796875 0.07734375 0.054296875
0 0.466015625 0.6953125 0.065625 0.07421875
0 0.268359375 0.63125 0.071875 0.059765625
0 0.223046875 0.65234375 0.05859375 0.066015625
0 0.265234375 0.674609375 0.072265625 0.065625
0 0.093359375 0.603125 0.060546875 0.047265625
0 0.109765625 0.661328125 0.07578125 0.051171875
0 0.092578125 0.631640625 0.055078125 0.033984375
0 0.089453125 0.69453125 0.0484375 0.041015625
0 0.12265625 0.683203125 0.054296875 0.0390625
0 0.16015625 0.665625 0.08203125 0.044140625
0 0.19375 0.619140625 0.0671875 0.048828125
0 0.153515625 0.6140625 0.053125 0.0640625
0 0.128125 0.58984375 0.053515625 0.0734375
0 0.273046875 0.494140625 0.06953125 0.05703125
0 0.27578125 0.538671875 0.083203125 0.04921875
0 0.21875 0.51484375 0.06484375 0.04765625
0 0.24453125 0.55234375 0.076953125 0.05
0 0.214453125 0.573046875 0.045703125 0.065625
0 0.180859375 0.58203125 0.0578125 0.044921875
0 0.162109375 0.544140625 0.07109375 0.051171875
0 0.083203125 0.554296875 0.041015625 0.05
0 0.162109375 0.498046875 0.082421875 0.045703125
0 0.1453125 0.467578125 0.05625 0.059375
0 0.078125 0.497265625 0.039453125 0.0484375
0 0.11171875 0.534375 0.0484375 0.05
0 0.132421875 0.515625 0.041015625 0.03203125
0 0.112109375 0.488671875 0.03671875 0.04375
0 0.087109375 0.455859375 0.026171875 0.041796875
0 0.107421875 0.456640625 0.03828125 0.038671875
0 0.102734375 0.42890625 0.065234375 0.036328125
0 0.309375 0.41171875 0.08203125 0.09609375
0 0.37578125 0.42421875 0.066796875 0.07890625
0 0.0765625 0.403125 0.048828125 0.05546875
0 0.084375 0.3734375 0.058203125 0.037109375
0 0.0984375 0.3453125 0.053125 0.045703125
0 0.20078125 0.36171875 0.051171875 0.07265625
0 0.16484375 0.398046875 0.073046875 0.04453125
0 0.08984375 0.3109375 0.077734375 0.051171875
0 0.193359375 0.29296875 0.04765625 0.07265625
0 0.215234375 0.287890625 0.037109375 0.053515625
0 0.227734375 0.24375 0.069140625 0.0671875
0 0.1875 0.231640625 0.03671875 0.06796875
0 0.1546875 0.2640625 0.055859375 0.051171875
0 0.10078125 0.266015625 0.0578125 0.04140625
0 0.070703125 0.23515625 0.05546875 0.066796875
0 0.113671875 0.2296875 0.04921875 0.041015625
0 0.15234375 0.222265625 0.0515625 0.048828125
0 0.08984375 0.194140625 0.05 0.04765625
0 0.119140625 0.189453125 0.046875 0.0359375
0 0.1625 0.190625 0.06328125 0.040625
0 0.084375 0.159765625 0.027734375 0.034375
0 0.11328125 0.15859375 0.043359375 0.035546875
0 0.148828125 0.155859375 0.04375 0.035546875
0 0.19375 0.154296875 0.05546875 0.066015625
0 0.0890625 0.13203125 0.03984375 0.03359375
0 0.12109375 0.117578125 0.030078125 0.053125
0 0.157421875 0.122265625 0.057421875 0.0453125
0 0.183203125 0.10625 0.049609375 0.034765625
0 0.212109375 0.082421875 0.035546875 0.040625
0 0.243359375 0.1015625 0.065625 0.04453125
0 0.24296875 0.146875 0.036328125 0.055859375
0 0.256640625 0.191796875 0.071484375 0.047265625
0 0.280078125 0.06328125 0.041015625 0.041015625
0 0.319921875 0.058984375 0.05078125 0.03828125
0 0.36015625 0.0640625 0.03984375 0.055078125
0 0.328125 0.15703125 0.058984375 0.066796875
0 0.376171875 0.15390625 0.0703125 0.0578125
0 0.266015625 0.118359375 0.041796875 0.030078125
0 0.28046875 0.15546875 0.05 0.059765625
0 0.289453125 0.09609375 0.030859375 0.053125
0 0.316015625 0.0875 0.0359375 0.066015625
0 0.3484375 0.108203125 0.040625 0.039453125
0 0.39765625 0.059765625 0.05 0.06484375
0 0.382421875 0.105078125 0.047265625 0.041796875
0 0.398828125 0.115625 0.044921875 0.034375
0 0.43671875 0.099609375 0.06328125 0.05625
0 0.4390625 0.058984375 0.05 0.054296875
0 0.47734375 0.068359375 0.047265625 0.05703125
0 0.52265625 0.071875 0.076953125 0.0578125
0 0.48203125 0.119921875 0.072265625 0.065625
0 0.437890625 0.2 0.075 0.0625
0 0.462890625 0.169140625 0.046484375 0.052734375
0 0.505078125 0.180859375 0.048046875 0.0703125
0 0.5484375 0.13125 0.05859375 0.0515625
0 0.978125 0.06796875 0.043359375 0.06015625
0 0.901171875 0.078125 0.059765625 0.0859375
0 0.88515625 0.1578125 0.063671875 0.0828125
0 0.846875 0.0703125 0.049609375 0.072265625
0 0.811328125 0.066015625 0.0453125 0.059375
0 0.775390625 0.079296875 0.062109375 0.054296875
0 0.701953125 0.0671875 0.084375 0.054296875
0 0.78203125 0.2296875 0.06875 0.089453125
0 0.84921875 0.21953125 0.065625 0.07578125
0 0.808203125 0.183984375 0.058984375 0.078125
0 0.78046875 0.137890625 0.053515625 0.06796875
0 0.68671875 0.1046875 0.0640625 0.042578125
0 0.734375 0.123046875 0.055859375 0.053125
0 0.717578125 0.154296875 0.047265625 0.048046875
0 0.74609375 0.18359375 0.043359375 0.073046875
0 0.711328125 0.201171875 0.0484375 0.069921875
0 0.67265625 0.20625 0.0484375 0.082421875
0 0.570703125 0.074609375 0.05078125 0.06328125
0 0.6140625 0.083203125 0.056640625 0.0625
0 0.644140625 0.1171875 0.053125 0.055859375
0 0.682421875 0.151953125 0.0453125 0.059765625
0 0.619921875 0.193359375 0.05078125 0.075390625
0 0.655078125 0.172265625 0.045703125 0.055078125
0 0.63203125 0.15234375 0.039453125 0.044140625
0 0.597265625 0.133984375 0.058203125 0.05625
0 0.58359375 0.17265625 0.040625 0.0734375
0 0.5546875 0.17109375 0.049609375 0.070703125
0 0.552734375 0.209765625 0.05625 0.064453125
0 0.590234375 0.247265625 0.077734375 0.0625
0 0.518359375 0.20859375 0.0421875 0.06875
0 0.52734375 0.26171875 0.07890625 0.055859375
0 0.991796875 0.1109375 0.01640625 0.04609375
0 0.984765625 0.21171875 0.03046875 0.0546875
0 0.98203125 0.314453125 0.0359375 0.05234375
0 0.9109375 0.475 0.0515625 0.0609375
0 0.5953125 0.552734375 0.075390625 0.0625
0 0.8 0.53515625 0.069921875 0.0609375
0 0.655859375 0.7171875 0.052734375 0.05625
0 0.750390625 0.721484375 0.065234375 0.08046875
0 0.764453125 0.799609375 0.07578125 0.07265625
0 0.88125 0.905859375 0.091796875 0.050390625
0 0.969140625 0.902734375 0.06171875 0.06328125
0 0.5625 0.8453125 0.064453125 0.074609375
0 0.441015625 0.90546875 0.078515625 0.044140625
0 0.219140625 0.859375 0.04140625 0.0546875
0 0.178515625 0.845703125 0.048046875 0.06015625
0 0.14296875 0.360546875 0.0609375 0.037890625
0 0.12421875 0.391015625 0.045703125 0.048828125
0 0.158984375 0.319921875 0.04921875 0.05859375
0 0.19296875 0.70390625 0.070703125 0.062890625