0 0.983203125 0.39609375 0.03359375 0.05
0 0.33828125 0.0953125 0.0625 0.04921875
0 0.3375 0.144921875 0.06328125 0.064453125
0 0.726171875 0.1453125 0.06953125 0.0546875
0 0.672265625 0.171875 0.066015625 0.0671875
0 0.6125 0.1171875 0.0578125 0.05703125
0 0.6578125 0.5671875 0.048046875 0.0765625
0 0.93984375 0.761328125 0.058203125 0.0640625
0 0.884765625 0.82578125 0.072265625 0.079296875
0 0.837109375 0.874609375 0.061328125 0.069140625
0 0.58828125 0.7859375 0.049609375 0.066796875
0 0.2515625 0.848828125 0.0734375 0.05546875