0 0.840234375 0.060546875 0.07421875 0.05703125
0 0.840234375 0.109375 0.058984375 0.076953125
0 0.7921875 0.09140625 0.04765625 0.08359375
0 0.747265625 0.125390625 0.0609375 0.07265625
0 0.476171875 0.139453125 0.07734375 0.06640625
0 0.098828125 0.15 0.0546875 0.061328125
0 0.0984375 0.12109375 0.0484375 0.054296875
0 0.123046875 0.1015625 0.06015625 0.04921875
0 0.154296875 0.084375 0.06171875 0.0484375
0 0.21328125 0.07578125 0.0828125 0.04453125
0 0.341015625 0.091796875 0.069921875 0.055859375
0 0.37265625 0.198828125 0.08203125 0.06015625
0 0.38671875 0.258984375 0.07109375 0.063671875
0 0.271875 0.292578125 0.06875 0.062109375
0 0.20703125 0.28203125 0.0609375 0.072265625
0 0.121875 0.25859375 0.06875 0.049609375
0 0.128125 0.144921875 0.0453125 0.0484375
0 0.16640625 0.14296875 0.048046875 0.055859375
0 0.226171875 0.108984375 0.053515625 0.067578125
0 0.186328125 0.113671875 0.044140625 0.063671875
0 0.18828125 0.17265625 0.066015625 0.069921875
0 0.142578125 0.183984375 0.06328125 0.048046875
0 0.0953125 0.196875 0.045703125 0.075390625
0 0.127734375 0.213671875 0.06953125 0.044921875
0 0.24296875 0.173828125 0.073828125 0.0640625
0 0.31328125 0.175390625 0.056640625 0.078515625
0 0.094921875 0.3234375 0.0484375 0.070703125
0 0.1609375 0.3640625 0.064453125 0.061328125
0 0.36796875 0.46484375 0.0671875 0.078125
0 0.391796875 0.53515625 0.06953125 0.055078125
0 0.5125 0.503515625 0.062109375 0.078125
0 0.550390625 0.5515625 0.069140625 0.080078125
0 0.31171875 0.571484375 0.063671875 0.0703125
0 0.1625 0.54296875 0.0515625 0.063671875
0 0.1265625 0.56953125 0.062890625 0.05859375
0 0.08515625 0.5640625 0.04375 0.062890625
0 0.0890625 0.507421875 0.050390625 0.063671875
0 0.1203125 0.5015625 0.053515625 0.049609375
0 0.21484375 0.466015625 0.07890625 0.05859375
0 0.18359375 0.425 0.069140625 0.053515625
0 0.130859375 0.43671875 0.070703125 0.0484375
0 0.10625 0.377734375 0.055859375 0.053515625
0 0.137109375 0.3296875 0.05703125 0.071484375
0 0.083984375 0.4015625 0.04609375 0.064453125
0 0.090234375 0.45625 0.052734375 0.06015625
0 0.1375 0.4703125 0.072265625 0.045703125
0 0.1734375 0.494140625 0.06875 0.069140625
0 0.21796875 0.516015625 0.07265625 0.063671875
0 0.580078125 0.705859375 0.0609375 0.060546875
0 0.46796875 0.645703125 0.057421875 0.071484375
0 0.4390625 0.5859375 0.07578125 0.06640625
0 0.27578125 0.6171875 0.06171875 0.0578125
0 0.2046875 0.590625 0.098046875 0.065625
0 0.223828125 0.651171875 0.069140625 0.06796875
0 0.166015625 0.596875 0.06171875 0.046484375
0 0.179296875 0.640234375 0.0609375 0.0625
0 0.09921875 0.60859375 0.047265625 0.045703125
0 0.089453125 0.647265625 0.062890625 0.05390625
0 0.126953125 0.62578125 0.0484375 0.051171875
0 0.151953125 0.65703125 0.04140625 0.05625
0 0.1640625 0.69140625 0.0578125 0.054296875
0 0.2375 0.744140625 0.064453125 0.0546875
0 0.251171875 0.780078125 0.063671875 0.04609375
0 0.20078125 0.763671875 0.059765625 0.073046875
0 0.1828125 0.79921875 0.072265625 0.047265625
0 0.155078125 0.762890625 0.05 0.070703125
0 0.1171875 0.7859375 0.048046875 0.05625
0 0.10625 0.747265625 0.0515625 0.04296875
0 0.09765625 0.703515625 0.048828125 0.06015625
0 0.133984375 0.720703125 0.066015625 0.05625
0 0.15234375 0.839453125 0.06015625 0.04921875
0 0.13203125 0.88046875 0.0515625 0.048046875
0 0.237890625 0.881640625 0.08125 0.0578125
0 0.121484375 0.8296875 0.041796875 0.066015625
0 0.3546875 0.894140625 0.058203125 0.052734375
0 0.40390625 0.903125 0.048046875 0.048046875
0 0.450390625 0.9046875 0.0546875 0.0484375
0 0.494921875 0.901171875 0.07265625 0.054296875
0 0.42421875 0.85 0.0828125 0.07265625
0 0.3859375 0.83828125 0.051953125 0.07734375
0 0.34375 0.802734375 0.058984375 0.094921875
0 0.985546875 0.78828125 0.02890625 0.075
0 0.91171875 0.809375 0.063671875 0.076953125
0 0.8625 0.853515625 0.05234375 0.073046875
0 0.7078125 0.86484375 0.058984375 0.073828125
0 0.6125 0.76953125 0.063671875 0.06171875
0 0.771875 0.70234375 0.055859375 0.073828125
0 0.826171875 0.7703125 0.056640625 0.0609375
0 0.862890625 0.721875 0.05390625 0.08359375
0 0.761328125 0.63828125 0.077734375 0.063671875
0 0.61640625 0.60625 0.084765625 0.076953125
0 0.701953125 0.56875 0.054296875 0.08203125