0 0.490625 0.87890625 0.093359375 0.071484375
0 0.540234375 0.783984375 0.062890625 0.090234375
0 0.533984375 0.554296875 0.05 0.0859375
0 0.465234375 0.55390625 0.0671875 0.069140625
0 0.43984375 0.37109375 0.058203125 0.084375
0 0.2125 0.3671875 0.06484375 0.074609375
0 0.040625 0.062109375 0.08125 0.0609375
0 0.240625 0.086328125 0.07421875 0.06953125
0 0.16328125 0.07265625 0.079296875 0.051171875
0 0.03515625 0.119140625 0.0703125 0.06796875
0 0.06171875 0.131640625 0.07890625 0.08125
0 0.11953125 0.11484375 0.046484375 0.090234375
0 0.166015625 0.114453125 0.06328125 0.073828125
0 0.148828125 0.249609375 0.060546875 0.09375
0 0.15546875 0.35546875 0.06953125 0.083984375
0 0.909765625 0.35234375 0.083984375 0.0484375
0 0.91875 0.88671875 0.07265625 0.02578125