0 0.297265625 0.2390625 0.08046875 0.0796875
0 0.2234375 0.249609375 0.063671875 0.085546875
0 0.15 0.243359375 0.066796875 0.08828125
0 0.349609375 0.252734375 0.062890625 0.087109375
0 0.258203125 0.28671875 0.0671875 0.085546875
0 0.023046875 0.154296875 0.04609375 0.06640625
0 0.076953125 0.20078125 0.058984375 0.08203125
0 0.1203125 0.204296875 0.0640625 0.096875
0 0.134765625 0.059765625 0.079296875 0.040625
0 0.199609375 0.06796875 0.071484375 0.046875
0 0.248046875 0.06796875 0.048828125 0.053515625
0 0.2765625 0.075 0.058984375 0.064453125
0 0.262890625 0.145703125 0.06171875 0.0859375
0 0.2921875 0.126953125 0.08125 0.065234375
0 0.315234375 0.076171875 0.0546875 0.0625
0 0.03046875 0.0671875 0.0609375 0.04375
0 0.078125 0.063671875 0.059765625 0.051171875
0 0.030078125 0.11328125 0.06015625 0.06484375
0 0.06796875 0.105078125 0.08046875 0.057421875
0 0.11796875 0.094921875 0.057421875 0.06171875
0 0.1671875 0.101953125 0.06640625 0.066015625
0 0.20234375 0.113671875 0.06171875 0.0828125
0 0.028125 0.119921875 0.05625 0.081640625
0 0.072265625 0.14609375 0.070703125 0.05546875
0 0.130078125 0.1390625 0.055859375 0.0578125
0 0.1625 0.16171875 0.058984375 0.06015625
0 0.218359375 0.14453125 0.090234375 0.071875
0 0.346484375 0.1578125 0.06796875 0.08203125
0 0.337890625 0.09765625 0.058203125 0.063671875
0 0.365625 0.075390625 0.0546875 0.064453125
0 0.459765625 0.080859375 0.059765625 0.081640625
0 0.454296875 0.13046875 0.062890625 0.08828125
0 0.4125 0.07578125 0.062890625 0.06171875
0 0.415234375 0.12734375 0.057421875 0.08671875
0 0.534765625 0.074609375 0.079296875 0.059375
0 0.50859375 0.107421875 0.062890625 0.07265625
0 0.5515625 0.1390625 0.0734375 0.071875
0 0.65625 0.10546875 0.054296875 0.081640625
0 0.596875 0.081640625 0.051953125 0.06875
0 0.631640625 0.082421875 0.048828125 0.074609375
0 0.609765625 0.14140625 0.0484375 0.091015625
0 0.644140625 0.163671875 0.05625 0.08671875
0 0.696484375 0.12578125 0.0625 0.088671875
0 0.688671875 0.176953125 0.057421875 0.09453125
0 0.215234375 0.178515625 0.068359375 0.0703125
0 0.181640625 0.20859375 0.073046875 0.071484375
0 0.985546875 0.196484375 0.02890625 0.07890625
0 0.982421875 0.10390625 0.03515625 0.090625
0 0.955078125 0.09609375 0.062890625 0.096875
0 0.8609375 0.1734375 0.070703125 0.095703125
0 0.888671875 0.0953125 0.065234375 0.078125
0 0.76015625 0.0875 0.058203125 0.089453125
0 0.730859375 0.1265625 0.064453125 0.08515625
0 0.821484375 0.075390625 0.083203125 0.043359375
0 0.80859375 0.104296875 0.066796875 0.046875
0 0.799609375 0.144140625 0.087890625 0.055859375
0 0.59921875 0.773046875 0.076171875 0.0796875
0 0.565234375 0.90234375 0.069921875 0.07421875