0 0.978515625 0.8203125 0.04296875 0.0484375
0 0.941796875 0.872265625 0.061328125 0.065234375
0 0.880078125 0.881640625 0.06796875 0.06328125
0 0.82578125 0.868359375 0.068359375 0.05859375
0 0.721875 0.940234375 0.048828125 0.055859375
0 0.67734375 0.9171875 0.05234375 0.0234375
0 0.66484375 0.880859375 0.059765625 0.067578125
0 0.610546875 0.87109375 0.075 0.082421875
0 0.5046875 0.851953125 0.055078125 0.091015625
0 0.57109375 0.813671875 0.081640625 0.065625
0 0.589453125 0.762109375 0.071484375 0.05234375
0 0.74609375 0.765625 0.0859375 0.063671875
0 0.473046875 0.714453125 0.06328125 0.076171875
0 0.862109375 0.691015625 0.075390625 0.058984375
0 0.77109375 0.61875 0.058984375 0.072265625
0 0.6828125 0.642578125 0.06171875 0.043359375
0 0.636328125 0.63125 0.055859375 0.059765625
0 0.59921875 0.631640625 0.051953125 0.0640625
0 0.4984375 0.648828125 0.06640625 0.07265625
0 0.5203125 0.705078125 0.0453125 0.073828125
0 0.564453125 0.673828125 0.078125 0.062109375
0 0.5234375 0.48984375 0.07265625 0.048046875
0 0.49296875 0.4109375 0.0578125 0.06328125
0 0.52421875 0.436328125 0.050390625 0.06953125
0 0.596875 0.490234375 0.067578125 0.059375
0 0.659375 0.50859375 0.056640625 0.0671875
0 0.630859375 0.591796875 0.071875 0.0453125
0 0.6796875 0.56484375 0.07265625 0.05546875
0 0.851171875 0.534375 0.054296875 0.07109375
0 0.978515625 0.400390625 0.04296875 0.05234375
0 0.526953125 0.348828125 0.058203125 0.066015625
0 0.548828125 0.2046875 0.080859375 0.055078125
0 0.590234375 0.33515625 0.065234375 0.071484375
0 0.6796875 0.325 0.061328125 0.058984375
0 0.848046875 0.28203125 0.0609375 0.063671875
0 0.67421875 0.23359375 0.057421875 0.069140625
0 0.853125 0.196875 0.07109375 0.05546875
0 0.901171875 0.176171875 0.055078125 0.0578125
0 0.9390625 0.19296875 0.044140625 0.0796875
0 0.970703125 0.16796875 0.05859375 0.0515625
0 0.9265625 0.1125 0.0546875 0.06484375
0 0.86640625 0.100390625 0.0578125 0.071875
0 0.705078125 0.165234375 0.08671875 0.075
0 0.417578125 0.111328125 0.08125 0.053515625
0 0.437890625 0.148046875 0.07265625 0.053515625
0 0.371875 0.15546875 0.067578125 0.06875
0 0.292578125 0.1671875 0.080078125 0.0640625
0 0.28515625 0.10390625 0.068359375 0.051171875
0 0.2265625 0.1328125 0.052734375 0.06796875
0 0.19921875 0.148046875 0.04765625 0.055078125
0 0.16640625 0.131640625 0.046875 0.0671875
0 0.18046875 0.215234375 0.0484375 0.071484375
0 0.215625 0.20859375 0.07734375 0.0578125
0 0.329296875 0.215625 0.083984375 0.053515625
0 0.36953125 0.2453125 0.0828125 0.069140625
0 0.4390625 0.21953125 0.05625 0.08046875
0 0.29453125 0.276171875 0.0859375 0.058984375
0 0.265234375 0.299609375 0.073046875 0.0890625
0 0.21015625 0.274609375 0.052734375 0.051953125
0 0.17890625 0.3171875 0.091015625 0.054296875
0 0.17421875 0.37890625 0.066015625 0.047265625
0 0.15390625 0.422265625 0.059765625 0.044921875
0 0.178515625 0.4515625 0.071875 0.065234375
0 0.160546875 0.475 0.076953125 0.057421875
0 0.161328125 0.5171875 0.05859375 0.0515625
0 0.350390625 0.3359375 0.075 0.075
0 0.421875 0.405859375 0.082421875 0.066796875
0 0.293359375 0.418359375 0.06796875 0.050390625
0 0.394140625 0.4578125 0.057421875 0.05546875
0 0.302734375 0.489453125 0.070703125 0.046875
0 0.32109375 0.53671875 0.0765625 0.069921875
0 0.381640625 0.5203125 0.06875 0.055859375
0 0.43515625 0.573046875 0.090625 0.065234375
0 0.166015625 0.59140625 0.065234375 0.065234375
0 0.165234375 0.66875 0.05390625 0.071484375
0 0.2109375 0.644140625 0.0546875 0.0796875
0 0.278515625 0.615234375 0.088671875 0.04296875
0 0.41640625 0.633203125 0.063671875 0.076953125
0 0.421484375 0.69375 0.0703125 0.077734375
0 0.310546875 0.659375 0.0703125 0.053515625
0 0.240625 0.7125 0.054296875 0.08125
0 0.268359375 0.728515625 0.061328125 0.0625
0 0.252734375 0.77734375 0.059375 0.063671875
0 0.1890625 0.78828125 0.06875 0.05625
0 0.1984375 0.855078125 0.065625 0.048046875
0 0.466015625 0.844921875 0.048828125 0.08046875
0 0.44140625 0.861328125 0.05625 0.065234375
0 0.46328125 0.771875 0.07421875 0.076953125
0 0.42265625 0.791796875 0.047265625 0.069921875
0 0.373046875 0.771484375 0.061328125 0.06796875
0 0.338671875 0.790625 0.049609375 0.057421875
0 0.394140625 0.818359375 0.05703125 0.07265625
0 0.35234375 0.832421875 0.051953125 0.04921875
0 0.29921875 0.82890625 0.059375 0.042578125
0 0.302734375 0.8578125 0.060546875 0.048046875
0 0.2515625 0.869140625 0.07734375 0.056640625