0 0.39140625 0.891796875 0.065625 0.06953125
0 0.486328125 0.855078125 0.05546875 0.064453125
0 0.5515625 0.894140625 0.06328125 0.072265625
0 0.509765625 0.78828125 0.06875 0.0546875
0 0.346484375 0.826953125 0.0890625 0.059765625
0 0.219140625 0.875 0.073046875 0.03671875
0 0.246875 0.837109375 0.052734375 0.05703125
0 0.22578125 0.79765625 0.06328125 0.0578125
0 0.250390625 0.7515625 0.063671875 0.057421875
0 0.1484375 0.7640625 0.0609375 0.04140625
0 0.19921875 0.75 0.059765625 0.040625
0 0.178515625 0.808203125 0.047265625 0.060546875
0 0.162109375 0.789453125 0.050390625 0.048828125
0 0.167578125 0.868359375 0.040625 0.037109375
0 0.2109375 0.850390625 0.034375 0.05
0 0.163671875 0.84140625 0.04375 0.037890625
0 0.185546875 0.855859375 0.03515625 0.043359375
0 0.201953125 0.826171875 0.037890625 0.05078125
0 0.139453125 0.72890625 0.05 0.066796875
0 0.1828125 0.72265625 0.057421875 0.04453125
0 0.204296875 0.701171875 0.075 0.067578125
0 0.152734375 0.700390625 0.047265625 0.056640625
0 0.533984375 0.723828125 0.04765625 0.071484375
0 0.515625 0.74765625 0.066796875 0.06484375
0 0.50390625 0.6640625 0.060546875 0.0578125
0 0.46484375 0.717578125 0.05859375 0.0609375
0 0.421875 0.7265625 0.0640625 0.058984375
0 0.376953125 0.722265625 0.03828125 0.060546875
0 0.4046875 0.719140625 0.04296875 0.0546875
0 0.353515625 0.693359375 0.06328125 0.043359375
0 0.41640625 0.686328125 0.06875 0.039453125
0 0.451953125 0.669140625 0.068359375 0.06640625
0 0.477734375 0.63046875 0.055078125 0.049609375
0 0.482421875 0.589453125 0.073828125 0.04296875
0 0.434765625 0.5640625 0.065625 0.04609375
0 0.415234375 0.59453125 0.054296875 0.0390625
0 0.43671875 0.616796875 0.05703125 0.048046875
0 0.3765625 0.596875 0.046484375 0.05078125
0 0.36796875 0.55703125 0.0828125 0.058984375
0 0.3203125 0.610546875 0.065234375 0.059765625
0 0.28046875 0.621484375 0.05390625 0.050390625
0 0.301171875 0.66171875 0.051171875 0.074609375
0 0.3328125 0.64765625 0.043359375 0.046484375
0 0.367578125 0.6671875 0.05390625 0.0375
0 0.40703125 0.65859375 0.04609375 0.03828125
0 0.36328125 0.630859375 0.066796875 0.0390625
0 0.404296875 0.640234375 0.05234375 0.042578125
0 0.234375 0.63046875 0.055078125 0.051953125
0 0.1921875 0.656640625 0.04765625 0.03984375
0 0.149609375 0.657421875 0.04375 0.05703125
0 0.166015625 0.629296875 0.06171875 0.04453125
0 0.20078125 0.6140625 0.043359375 0.059375
0 0.239453125 0.588671875 0.071875 0.044140625
0 0.304296875 0.5703125 0.05390625 0.05625
0 0.152734375 0.6046875 0.05546875 0.043359375
0 0.162890625 0.570703125 0.070703125 0.0453125
0 0.198828125 0.575 0.06484375 0.046875
0 0.222265625 0.544921875 0.043359375 0.059765625
0 0.485546875 0.521875 0.057421875 0.051953125
0 0.528125 0.49375 0.070703125 0.045703125
0 0.49921875 0.468359375 0.047265625 0.05078125
0 0.548046875 0.45546875 0.069140625 0.045703125
0 0.442578125 0.48125 0.067578125 0.0546875
0 0.378515625 0.48671875 0.066796875 0.05078125
0 0.321484375 0.51875 0.058984375 0.059375
0 0.278125 0.541015625 0.05546875 0.065625
0 0.258984375 0.534765625 0.0328125 0.062890625
0 0.240625 0.5203125 0.032421875 0.048828125
0 0.149609375 0.54921875 0.05078125 0.0375
0 0.145703125 0.51953125 0.05234375 0.033203125
0 0.144140625 0.485546875 0.03515625 0.0375
0 0.190234375 0.525390625 0.045703125 0.040234375
0 0.2296875 0.49921875 0.04765625 0.03984375
0 0.165234375 0.5 0.03203125 0.05
0 0.19765625 0.481640625 0.051171875 0.061328125
0 0.234375 0.455078125 0.04375 0.046484375
0 0.26953125 0.485546875 0.0765625 0.06015625
0 0.320703125 0.45546875 0.077734375 0.043359375
0 0.33515625 0.4140625 0.053515625 0.05546875
0 0.179296875 0.441796875 0.0703125 0.05390625
0 0.15234375 0.4671875 0.05625 0.03046875
0 0.132421875 0.437109375 0.069140625 0.075390625
0 0.15078125 0.40546875 0.055859375 0.03671875
0 0.211328125 0.396875 0.07265625 0.045703125
0 0.506640625 0.419140625 0.0703125 0.062109375
0 0.5015625 0.375390625 0.0828125 0.05078125
0 0.501953125 0.33359375 0.0640625 0.049609375
0 0.509375 0.2828125 0.06171875 0.062890625
0 0.47421875 0.283203125 0.026171875 0.053125
0 0.455078125 0.3046875 0.04609375 0.047265625
0 0.45703125 0.361328125 0.055078125 0.084765625
0 0.426171875 0.328125 0.04765625 0.0640625
0 0.40234375 0.346484375 0.052734375 0.058203125
0 0.386328125 0.375 0.075390625 0.051171875
0 0.360546875 0.341796875 0.041796875 0.04375
0 0.377734375 0.30390625 0.056640625 0.043359375
0 0.343359375 0.31015625 0.069921875 0.040625
0 0.3234375 0.34453125 0.0578125 0.062890625
0 0.288671875 0.313671875 0.041796875 0.06484375
0 0.31875 0.27265625 0.055078125 0.0640625
0 0.283203125 0.252734375 0.062890625 0.04921875
0 0.2671875 0.24921875 0.037890625 0.0625
0 0.304296875 0.21875 0.06640625 0.063671875
0 0.358984375 0.209765625 0.052734375 0.074609375
0 0.398046875 0.208984375 0.058203125 0.0546875
0 0.402734375 0.24296875 0.06328125 0.04765625
0 0.415234375 0.27734375 0.045703125 0.057421875
0 0.44609375 0.255078125 0.045703125 0.08515625
0 0.53671875 0.255859375 0.0546875 0.055859375
0 0.262890625 0.373046875 0.05703125 0.03984375
0 0.240625 0.351953125 0.060546875 0.037890625
0 0.19140625 0.362109375 0.051171875 0.0359375
0 0.1515625 0.38359375 0.077734375 0.040234375
0 0.15078125 0.352734375 0.043359375 0.041796875
0 0.176171875 0.33125 0.076953125 0.037109375
0 0.2328125 0.3171875 0.078515625 0.05
0 0.23515625 0.283984375 0.066796875 0.03671875
0 0.147265625 0.3046875 0.057421875 0.04765625
0 0.144140625 0.26875 0.02890625 0.03828125
0 0.175390625 0.28125 0.06015625 0.0484375
0 0.1609375 0.24453125 0.052734375 0.046484375
0 0.224609375 0.2546875 0.042578125 0.04296875
0 0.25390625 0.23046875 0.04140625 0.0453125
0 0.212109375 0.230078125 0.05703125 0.0484375
0 0.1640625 0.210546875 0.07265625 0.049609375
0 0.260546875 0.194140625 0.0640625 0.048828125
0 0.13984375 0.121484375 0.0484375 0.05859375
0 0.16640625 0.151953125 0.06484375 0.039453125
0 0.152734375 0.184765625 0.040234375 0.041015625
0 0.203125 0.18203125 0.055078125 0.05859375
0 0.24765625 0.15234375 0.065625 0.047265625
0 0.214453125 0.11953125 0.053125 0.070703125
0 0.181640625 0.11171875 0.040625 0.05234375
0 0.2515625 0.107421875 0.044921875 0.055859375
0 0.30546875 0.14765625 0.06484375 0.052734375
0 0.344921875 0.13828125 0.042578125 0.07734375
0 0.39296875 0.166015625 0.060546875 0.04765625
0 0.431640625 0.17265625 0.050390625 0.08046875
0 0.430078125 0.17578125 0.048046875 0.07421875
0 0.278125 0.1046875 0.035546875 0.058203125
0 0.31015625 0.101171875 0.04140625 0.058984375
0 0.34765625 0.094140625 0.044921875 0.041796875
0 0.37890625 0.10234375 0.0546875 0.059765625
0 0.37890625 0.1359375 0.057421875 0.033984375
0 0.47578125 0.1703125 0.043359375 0.081640625
0 0.525 0.178125 0.064453125 0.055859375
0 0.5046875 0.13046875 0.066796875 0.07109375
0 0.4109375 0.09921875 0.04765625 0.058203125
0 0.45078125 0.11171875 0.06171875 0.07734375
0 0.52890625 0.1 0.044921875 0.055859375
0 0.560546875 0.12421875 0.055078125 0.066796875
0 0.560546875 0.0921875 0.04296875 0.0328125
0 0.604296875 0.102734375 0.048046875 0.055078125
0 0.62421875 0.09140625 0.06015625 0.046484375
0 0.66640625 0.107421875 0.05 0.059375
0 0.703125 0.10234375 0.040234375 0.063671875
0 0.7328125 0.11171875 0.04296875 0.069921875
0 0.7765625 0.10078125 0.047265625 0.058984375
0 0.815625 0.09609375 0.0421875 0.051953125
0 0.843359375 0.0953125 0.046875 0.05390625
0 0.87734375 0.101953125 0.0390625 0.065625
0 0.917578125 0.09921875 0.04375 0.051953125
0 0.9859375 0.084765625 0.028125 0.04765625
0 0.986328125 0.13515625 0.02734375 0.065234375
0 0.953125 0.16640625 0.052734375 0.06015625
0 0.951953125 0.122265625 0.048828125 0.0578125
0 0.91015625 0.14296875 0.0390625 0.073046875
0 0.90390625 0.18828125 0.04609375 0.053515625
0 0.966796875 0.237109375 0.045703125 0.07578125
0 0.976171875 0.212890625 0.04765625 0.058984375
0 0.93203125 0.24609375 0.062890625 0.065234375
0 0.866015625 0.2015625 0.05078125 0.051953125
0 0.890234375 0.264453125 0.042578125 0.055859375
0 0.86171875 0.278515625 0.04921875 0.06875
0 0.84453125 0.315625 0.052734375 0.063671875
0 0.876953125 0.239453125 0.059765625 0.050390625
0 0.7875 0.2984375 0.041015625 0.06328125
0 0.700390625 0.3046875 0.05078125 0.0515625
0 0.73125 0.291015625 0.058984375 0.05
0 0.757421875 0.255859375 0.042578125 0.065234375
0 0.726171875 0.241796875 0.05234375 0.06328125
0 0.68828125 0.2421875 0.0515625 0.04453125
0 0.645703125 0.23359375 0.041015625 0.053515625
0 0.660546875 0.277734375 0.045703125 0.060546875
0 0.65 0.3125 0.041796875 0.077734375
0 0.61953125 0.28203125 0.040234375 0.056640625
0 0.58046875 0.27890625 0.051953125 0.0640625
0 0.56328125 0.23671875 0.053515625 0.04296875
0 0.597265625 0.21796875 0.0671875 0.0484375
0 0.57890625 0.175390625 0.049609375 0.0671875
0 0.724609375 0.1875 0.058203125 0.052734375
0 0.696484375 0.160546875 0.04453125 0.068359375
0 0.665234375 0.191796875 0.0390625 0.065234375
0 0.654296875 0.14296875 0.061328125 0.046875
0 0.6234375 0.172265625 0.053515625 0.040625
0 0.62421875 0.134765625 0.051171875 0.05546875
0 0.774609375 0.16796875 0.051171875 0.07265625
0 0.7953125 0.196484375 0.071875 0.04453125
0 0.819921875 0.18203125 0.056640625 0.0890625
0 0.7953125 0.134765625 0.05 0.05703125
0 0.8359375 0.13359375 0.039453125 0.0390625
0 0.859765625 0.14921875 0.041796875 0.0703125
0 0.600390625 0.333203125 0.054296875 0.066796875
0 0.60078125 0.362890625 0.051171875 0.045703125
0 0.62109375 0.396484375 0.06171875 0.04296875
0 0.637890625 0.35078125 0.053125 0.04765625
0 0.976171875 0.360546875 0.042578125 0.058984375
0 0.99375 0.365234375 0.012109375 0.050390625
0 0.9453125 0.372265625 0.0453125 0.05859375
0 0.953515625 0.48359375 0.042578125 0.069140625
0 0.912109375 0.470703125 0.049609375 0.042578125
0 0.923046875 0.51953125 0.04453125 0.065625
0 0.88359375 0.4953125 0.046484375 0.073046875
0 0.84296875 0.36796875 0.0546875 0.0484375
0 0.853125 0.41328125 0.045703125 0.059765625
0 0.829296875 0.453515625 0.05 0.06015625
0 0.800390625 0.450390625 0.03046875 0.06875
0 0.796484375 0.39765625 0.041015625 0.0671875
0 0.76875 0.451953125 0.04296875 0.079296875
0 0.730078125 0.476171875 0.054296875 0.056640625
0 0.6859375 0.4296875 0.049609375 0.06015625
0 0.747265625 0.421484375 0.05859375 0.057421875
0 0.7125 0.393359375 0.046484375 0.069140625
0 0.696484375 0.350390625 0.055859375 0.053125
0 0.74296875 0.360546875 0.041796875 0.0703125
0 0.780078125 0.371484375 0.0453125 0.044921875
0 0.76640625 0.33828125 0.056640625 0.05390625
0 0.576953125 0.666015625 0.049609375 0.076953125
0 0.623046875 0.675 0.0578125 0.048828125
0 0.638671875 0.625 0.082421875 0.05390625
0 0.690625 0.590234375 0.05546875 0.073828125
0 0.793359375 0.55859375 0.071875 0.043359375
0 0.84375 0.533984375 0.084375 0.03984375
0 0.880859375 0.5734375 0.08125 0.05
0 0.839453125 0.619921875 0.075 0.04140625
0 0.8265625 0.66015625 0.0703125 0.044921875
0 0.70625 0.70234375 0.051953125 0.06953125
0 0.8765625 0.68125 0.063671875 0.051171875
0 0.9546875 0.70546875 0.04609375 0.07265625
0 0.9953125 0.7984375 0.008984375 0.046875
0 0.980078125 0.83359375 0.03984375 0.04765625
0 0.987109375 0.877734375 0.02578125 0.05390625
0 0.9640625 0.8875 0.045703125 0.04375
0 0.9171875 0.765234375 0.06328125 0.06328125
0 0.865234375 0.737109375 0.0734375 0.052734375
0 0.909375 0.85546875 0.063671875 0.05078125
0 0.89765625 0.88828125 0.06171875 0.046875
0 0.850390625 0.82734375 0.069140625 0.055859375
0 0.825390625 0.866796875 0.065625 0.0453125
0 0.7734375 0.852734375 0.065625 0.047265625
0 0.745703125 0.811328125 0.045703125 0.075390625
0 0.693359375 0.87109375 0.052734375 0.076953125
0 0.662109375 0.7546875 0.052734375 0.07421875
0 0.580859375 0.75234375 0.068359375 0.057421875
0 0.640234375 0.848828125 0.055078125 0.078515625
0 0.653515625 0.901171875 0.046484375 0.055078125
0 0.71875 0.978125 0.034375 0.04375
0 0.72890625 0.92421875 0.054296875 0.066796875