0 0.133984375 0.12265625 0.06484375 0.071875
0 0.302734375 0.097265625 0.08359375 0.08671875
0 0.406640625 0.093359375 0.07421875 0.08046875
0 0.493359375 0.2078125 0.06484375 0.059375
0 0.616015625 0.20625 0.06171875 0.06875
0 0.661328125 0.2046875 0.04453125 0.0921875
0 0.977734375 0.230859375 0.04453125 0.05078125
0 0.74375 0.09609375 0.05 0.08125
0 0.793359375 0.0796875 0.05859375 0.053125
0 0.847265625 0.086328125 0.05546875 0.05390625
0 0.88671875 0.1015625 0.06875 0.0625
0 0.913671875 0.105078125 0.06796875 0.06328125
0 0.915625 0.0515625 0.0609375 0.0546875