0 0.065625 0.200390625 0.061328125 0.071484375
0 0.276171875 0.2796875 0.0546875 0.06875
0 0.112109375 0.312890625 0.067578125 0.055078125
0 0.135546875 0.351171875 0.060546875 0.062890625
0 0.367578125 0.41796875 0.0515625 0.0625
0 0.3609375 0.360546875 0.067578125 0.05625
0 0.451953125 0.337890625 0.0640625 0.06875
0 0.492578125 0.2875 0.054296875 0.068359375
0 0.068359375 0.50625 0.06796875 0.052734375
0 0.182421875 0.598828125 0.051171875 0.081640625
0 0.296484375 0.655078125 0.077734375 0.052734375
0 0.32890625 0.764453125 0.04453125 0.06953125
0 0.183203125 0.68671875 0.074609375 0.05
0 0.318359375 0.855078125 0.083203125 0.060546875
0 0.227734375 0.7890625 0.059765625 0.071484375
0 0.19140625 0.82890625 0.055078125 0.070703125
0 0.030078125 0.786328125 0.06015625 0.0828125
0 0.036328125 0.674609375 0.072265625 0.051171875
0 0.011328125 0.562890625 0.02265625 0.048828125
0 0.44765625 0.540625 0.069140625 0.05703125
0 0.392578125 0.495703125 0.05703125 0.065234375
0 0.91328125 0.4609375 0.06875 0.044140625
0 0.816796875 0.49296875 0.050390625 0.064453125
0 0.66015625 0.378125 0.05 0.063671875
0 0.78828125 0.75625 0.059765625 0.05234375
0 0.882421875 0.7859375 0.061328125 0.062890625
0 0.837109375 0.85078125 0.049609375 0.07109375
0 0.6390625 0.76953125 0.04765625 0.06953125
0 0.61015625 0.86484375 0.070703125 0.047265625