0 0.016796875 0.145703125 0.03359375 0.05859375
0 0.028515625 0.1015625 0.05703125 0.0640625
0 0.438671875 0.12421875 0.053125 0.06953125
0 0.49375 0.137890625 0.067578125 0.054296875
0 0.705859375 0.141015625 0.08125 0.062109375
0 0.499609375 0.17734375 0.07109375 0.05703125
0 0.516015625 0.10546875 0.03984375 0.05546875
0 0.5546875 0.09375 0.05859375 0.042578125
0 0.54765625 0.1359375 0.04375 0.075390625
0 0.586328125 0.14375 0.071875 0.06484375
0 0.53984375 0.168359375 0.058984375 0.058984375
0 0.6359375 0.709375 0.0609375 0.05625
0 0.109765625 0.873046875 0.062109375 0.069140625
0 0.21484375 0.8 0.059375 0.069921875
0 0.19609375 0.849609375 0.059375 0.056640625
0 0.17734375 0.88359375 0.053125 0.06640625
0 0.219140625 0.881640625 0.05703125 0.065234375
0 0.244140625 0.890234375 0.053125 0.05859375
0 0.289453125 0.882421875 0.06328125 0.06171875
0 0.28515625 0.83984375 0.05859375 0.055859375
0 0.24140625 0.844921875 0.043359375 0.075390625