0 0.964453125 0.892578125 0.07109375 0.07421875
0 0.9875 0.779296875 0.025 0.04765625
0 0.9328125 0.775 0.073828125 0.06015625
0 0.91875 0.59765625 0.062890625 0.085546875
0 0.699609375 0.655859375 0.061328125 0.06796875
0 0.78046875 0.669140625 0.057421875 0.07421875
0 0.687109375 0.52890625 0.06015625 0.0765625
0 0.59765625 0.56484375 0.0515625 0.081640625
0 0.499609375 0.832421875 0.06875 0.0828125
0 0.49609375 0.90078125 0.07265625 0.05078125
0 0.566015625 0.894140625 0.066015625 0.0578125
0 0.64375 0.876171875 0.0578125 0.082421875
0 0.7265625 0.90234375 0.0671875 0.0765625
0 0.830078125 0.8640625 0.06875 0.08046875
0 0.818359375 0.90546875 0.059765625 0.06171875
0 0.891015625 0.89765625 0.065234375 0.059765625
0 0.892578125 0.86171875 0.076171875 0.051953125
0 0.45546875 0.513671875 0.06484375 0.08515625
0 0.501171875 0.560546875 0.060546875 0.06953125
0 0.50625 0.3890625 0.061328125 0.072265625
0 0.5484375 0.331640625 0.061328125 0.060546875
0 0.665625 0.375390625 0.0625 0.08125
0 0.339453125 0.340625 0.073828125 0.06484375
0 0.4171875 0.397265625 0.08515625 0.05625
0 0.321484375 0.4140625 0.094140625 0.0734375
0 0.182421875 0.376953125 0.07421875 0.0609375
0 0.26171875 0.4890625 0.0875 0.048828125
0 0.208203125 0.4625 0.06640625 0.089453125
0 0.194140625 0.58671875 0.076171875 0.054296875
0 0.2515625 0.566796875 0.068359375 0.08671875
0 0.305078125 0.527734375 0.108203125 0.061328125
0 0.326171875 0.53515625 0.066796875 0.0890625
0 0.3671875 0.58359375 0.0765625 0.053125
0 0.422265625 0.633203125 0.087890625 0.064453125
0 0.39765625 0.602734375 0.066015625 0.05546875
0 0.3421875 0.662890625 0.08515625 0.06328125
0 0.399609375 0.677734375 0.0578125 0.069140625
0 0.451171875 0.687109375 0.0828125 0.075
0 0.522265625 0.69453125 0.075 0.057421875
0 0.473046875 0.759765625 0.071875 0.066796875
0 0.450390625 0.901953125 0.0484375 0.0546875
0 0.38046875 0.819921875 0.073828125 0.0671875
0 0.339453125 0.75390625 0.07578125 0.07734375
0 0.30390625 0.841796875 0.0421875 0.028125
0 0.323046875 0.823828125 0.069140625 0.0484375
0 0.34296875 0.876171875 0.090234375 0.0640625
0 0.405078125 0.902734375 0.0578125 0.0453125
0 0.361328125 0.8984375 0.075 0.04765625
0 0.30234375 0.896875 0.065234375 0.048828125
0 0.787109375 0.76796875 0.0734375 0.05625
0 0.79375 0.72890625 0.069140625 0.059765625
0 0.8640625 0.51484375 0.084375 0.05390625
0 0.861328125 0.56484375 0.0609375 0.072265625
0 0.48515625 0.069921875 0.084375 0.05859375
0 0.58984375 0.0828125 0.075 0.05390625
0 0.630078125 0.04921875 0.091796875 0.059375
0 0.88515625 0.063671875 0.06015625 0.059765625
0 0.938671875 0.09296875 0.06328125 0.0671875
0 0.984765625 0.090625 0.03046875 0.074609375
0 0.95546875 0.12890625 0.065234375 0.059765625
0 0.98359375 0.1625 0.0328125 0.078125
0 0.809765625 0.160546875 0.062109375 0.071875
0 0.88203125 0.158984375 0.065234375 0.054296875
0 0.9234375 0.21171875 0.06875 0.0453125
0 0.92421875 0.170703125 0.07421875 0.049609375
0 0.466796875 0.263671875 0.070703125 0.080078125
0 0.571875 0.24921875 0.07109375 0.07890625
0 0.61328125 0.11796875 0.064453125 0.051171875
0 0.639453125 0.159375 0.0828125 0.0578125
0 0.625390625 0.20234375 0.064453125 0.079296875
0 0.77890625 0.20859375 0.0828125 0.056640625
0 0.714453125 0.090625 0.048046875 0.0890625
0 0.743359375 0.091796875 0.0375 0.08984375
0 0.774609375 0.11796875 0.05390625 0.0625
0 0.78359375 0.07109375 0.034765625 0.04296875
0 0.82890625 0.0890625 0.069140625 0.0765625
0 0.74375 0.316015625 0.066015625 0.066015625
0 0.83671875 0.25703125 0.07890625 0.093359375
0 0.956640625 0.273828125 0.066015625 0.080859375
0 0.20859375 0.85703125 0.0640625 0.051171875
0 0.25390625 0.886328125 0.076953125 0.0640625
0 0.18828125 0.890625 0.0546875 0.037890625
0 0.128125 0.83515625 0.0640625 0.045703125
0 0.11953125 0.877734375 0.05234375 0.046484375
0 0.159375 0.86015625 0.06328125 0.045703125
0 0.14453125 0.891796875 0.044140625 0.031640625
0 0.106640625 0.8171875 0.043359375 0.06796875
0 0.146875 0.79921875 0.05703125 0.0546875
0 0.175 0.771484375 0.046875 0.032421875
0 0.24765625 0.7875 0.065625 0.05703125
0 0.203125 0.802734375 0.055859375 0.06953125
0 0.20234375 0.62890625 0.0703125 0.05546875
0 0.205078125 0.728125 0.07578125 0.064453125
0 0.2140625 0.6875 0.0640625 0.056640625
0 0.112109375 0.611328125 0.069921875 0.0734375
0 0.14609375 0.69921875 0.071484375 0.068359375
0 0.110546875 0.740234375 0.06953125 0.059765625
0 0.107421875 0.681640625 0.064453125 0.04765625
0 0.094140625 0.647265625 0.057421875 0.0359375
0 0.123046875 0.378515625 0.06171875 0.055078125
0 0.357421875 0.1515625 0.059375 0.081640625
0 0.274609375 0.18046875 0.0734375 0.0703125
0 0.105859375 0.555078125 0.066015625 0.046484375
0 0.193359375 0.53671875 0.07109375 0.049609375
0 0.134765625 0.4390625 0.06640625 0.068359375
0 0.11953125 0.488671875 0.05703125 0.052734375
0 0.125390625 0.49453125 0.056640625 0.069921875
0 0.0703125 0.4546875 0.0765625 0.039453125
0 0.081640625 0.519921875 0.06328125 0.0375
0 0.0671875 0.3765625 0.0578125 0.059375
0 0.06875 0.42578125 0.092578125 0.053125
0 0.0859375 0.09765625 0.063671875 0.063671875
0 0.10078125 0.0734375 0.03828125 0.059375
0 0.135546875 0.0890625 0.042578125 0.07109375
0 0.2984375 0.101953125 0.059765625 0.08671875
0 0.24765625 0.099609375 0.048828125 0.06328125
0 0.211328125 0.07109375 0.073828125 0.046875
0 0.188671875 0.104296875 0.07578125 0.055859375
0 0.173828125 0.165234375 0.065625 0.046875
0 0.17109375 0.130859375 0.069140625 0.047265625
0 0.071484375 0.176171875 0.0765625 0.045703125
0 0.080859375 0.14453125 0.0796875 0.042578125
0 0.08046875 0.208203125 0.050390625 0.05703125
0 0.14921875 0.26640625 0.0671875 0.06796875
0 0.1375 0.23203125 0.059375 0.052734375
0 0.10859375 0.30546875 0.076953125 0.06171875
0 0.087890625 0.26640625 0.03828125 0.055859375
0 0.185546875 0.20703125 0.05703125 0.07421875
0 0.2296875 0.203125 0.0578125 0.071875
0 0.48984375 0.193359375 0.064453125 0.06875
0 0.51171875 0.159765625 0.06640625 0.057421875
0 0.516015625 0.1140625 0.07265625 0.055078125
0 0.665234375 0.096484375 0.053125 0.078125