0 0.012109375 0.096484375 0.02421875 0.07734375
0 0.18984375 0.37890625 0.05546875 0.0765625
0 0.561328125 0.139453125 0.087890625 0.0796875
0 0.76953125 0.590625 0.075 0.0765625
0 0.495703125 0.57421875 0.08203125 0.070703125
0 0.172265625 0.621875 0.069140625 0.084375
0 0.32109375 0.90234375 0.052734375 0.08359375
0 0.3734375 0.89453125 0.080859375 0.0796875
0 0.499609375 0.8984375 0.078125 0.069921875
0 0.596875 0.82734375 0.073046875 0.06015625
0 0.61875 0.88203125 0.0546875 0.081640625
0 0.662109375 0.890625 0.04765625 0.071875
0 0.696484375 0.882421875 0.06328125 0.07265625
0 0.727734375 0.869140625 0.053515625 0.081640625
0 0.741796875 0.79921875 0.078125 0.07578125
0 0.830078125 0.78828125 0.080859375 0.069921875
0 0.82890625 0.880078125 0.061328125 0.077734375