0 0.960546875 0.066796875 0.07890625 0.06171875
0 0.911328125 0.105859375 0.06484375 0.09609375
0 0.866796875 0.1609375 0.083203125 0.06640625
0 0.77734375 0.108203125 0.073046875 0.0828125
0 0.749609375 0.065625 0.071875 0.06640625
0 0.694921875 0.056640625 0.08828125 0.06640625
0 0.520703125 0.18203125 0.062890625 0.081640625
0 0.463671875 0.108984375 0.069140625 0.06953125
0 0.323828125 0.071875 0.052734375 0.0765625
0 0.371484375 0.0890625 0.05703125 0.058203125
0 0.4203125 0.11328125 0.0546875 0.070703125
0 0.4140625 0.170703125 0.05703125 0.067578125
0 0.36953125 0.1328125 0.06484375 0.05234375
0 0.368359375 0.180859375 0.06484375 0.06953125
0 0.435546875 0.253515625 0.058984375 0.088671875
0 0.274609375 0.162109375 0.055859375 0.074609375
0 0.219140625 0.081640625 0.062890625 0.08359375
0 0.1625 0.104296875 0.069140625 0.07265625
0 0.150390625 0.072265625 0.0609375 0.06328125
0 0.101953125 0.05390625 0.06171875 0.057421875
0 0.10234375 0.102734375 0.0546875 0.071484375
0 0.1390625 0.15078125 0.0953125 0.06640625
0 0.071875 0.16484375 0.069140625 0.0859375
0 0.0609375 0.094140625 0.0546875 0.091015625
0 0.02265625 0.0953125 0.0453125 0.0984375
0 0.918359375 0.46796875 0.08515625 0.057421875
0 0.8515625 0.51953125 0.062890625 0.084765625
0 0.1609375 0.648828125 0.06796875 0.07578125
0 0.396484375 0.60078125 0.076171875 0.06640625
0 0.58515625 0.58984375 0.07421875 0.057421875
0 0.53984375 0.65625 0.06484375 0.058203125
0 0.960546875 0.87734375 0.0640625 0.077734375
0 0.918359375 0.88515625 0.052734375 0.061328125
0 0.901171875 0.869921875 0.05703125 0.07578125
0 0.85 0.82578125 0.0640625 0.0625
0 0.862890625 0.877734375 0.079296875 0.054296875
0 0.711328125 0.88515625 0.08515625 0.057421875
0 0.6125 0.855859375 0.0640625 0.065625
0 0.478515625 0.744921875 0.08203125 0.05234375
0 0.34296875 0.769921875 0.087109375 0.058203125
0 0.280078125 0.850390625 0.07109375 0.0828125
0 0.40703125 0.888671875 0.07109375 0.060546875
0 0.456640625 0.883203125 0.05078125 0.071484375
0 0.484765625 0.848828125 0.059765625 0.071484375
0 0.50078125 0.88671875 0.055859375 0.06640625
0 0.534765625 0.8671875 0.05078125 0.0859375
0 0.56953125 0.8578125 0.042578125 0.067578125
0 0.5953125 0.890234375 0.069921875 0.051171875