0 0.01171875 0.233984375 0.0234375 0.061328125
0 0.0390625 0.27734375 0.0625 0.058984375
0 0.066796875 0.418359375 0.078125 0.045703125
0 0.174609375 0.137890625 0.065234375 0.05703125
0 0.412890625 0.137890625 0.07265625 0.048828125
0 0.466015625 0.123828125 0.065625 0.05703125
0 0.480078125 0.16796875 0.07421875 0.04765625
0 0.528515625 0.1921875 0.04453125 0.064453125
0 0.598828125 0.302734375 0.074609375 0.053125
0 0.675390625 0.269140625 0.065625 0.058203125
0 0.44453125 0.597265625 0.0640625 0.048828125
0 0.419140625 0.706640625 0.070703125 0.04375
0 0.509375 0.760546875 0.058984375 0.05625
0 0.6375 0.75390625 0.086328125 0.06171875
0 0.53046875 0.853515625 0.04609375 0.06484375
0 0.600390625 0.812890625 0.063671875 0.05078125
0 0.745703125 0.836328125 0.06640625 0.069921875
0 0.805859375 0.79765625 0.054296875 0.07265625
0 0.830078125 0.67578125 0.060546875 0.063671875
0 0.91875 0.68125 0.0453125 0.062109375
0 0.977734375 0.86640625 0.04453125 0.060546875
0 0.931640625 0.795703125 0.062109375 0.053515625
0 0.96796875 0.72734375 0.056640625 0.057421875
0 0.94375 0.45390625 0.058984375 0.05703125
0 0.87734375 0.4125 0.077734375 0.04453125
0 0.979296875 0.249609375 0.04140625 0.0484375