0 0.98515625 0.124609375 0.029296875 0.0796875
0 0.984765625 0.454296875 0.03046875 0.06796875
0 0.6921875 0.356640625 0.07265625 0.076953125
0 0.97578125 0.690625 0.048046875 0.04296875
0 0.879296875 0.69609375 0.073046875 0.03515625
0 0.6640625 0.775390625 0.066015625 0.071875
0 0.5234375 0.661328125 0.06015625 0.076953125
0 0.7359375 0.58125 0.076171875 0.056640625
0 0.715625 0.554296875 0.081640625 0.0515625
0 0.709765625 0.50546875 0.071875 0.067578125
0 0.455078125 0.4515625 0.059375 0.07421875
0 0.552734375 0.8484375 0.062890625 0.06640625
0 0.574609375 0.8953125 0.06796875 0.055859375
0 0.520703125 0.887109375 0.0546875 0.07109375
0 0.48046875 0.882421875 0.043359375 0.083203125
0 0.48359375 0.819140625 0.054296875 0.083203125
0 0.34453125 0.89296875 0.05703125 0.08046875
0 0.34375 0.85 0.065234375 0.069921875
0 0.3390625 0.77109375 0.06875 0.071875
0 0.309375 0.61015625 0.05625 0.08125
0 0.20390625 0.7140625 0.06953125 0.062109375
0 0.15546875 0.77109375 0.07734375 0.050390625
0 0.14296875 0.844140625 0.055859375 0.091015625
0 0.276171875 0.897265625 0.052734375 0.086328125
0 0.242578125 0.884375 0.05078125 0.08203125
0 0.229296875 0.832421875 0.062890625 0.09375
0 0.1953125 0.875390625 0.037890625 0.078125
0 0.186328125 0.8125 0.06015625 0.08203125
0 0.349609375 0.5265625 0.0546875 0.082421875
0 0.206640625 0.544921875 0.06953125 0.076953125
0 0.252734375 0.460546875 0.07109375 0.0734375
0 0.263671875 0.404296875 0.056640625 0.073046875
0 0.3234375 0.411328125 0.071875 0.08203125
0 0.289453125 0.25078125 0.058984375 0.069921875
0 0.375390625 0.208984375 0.066796875 0.076953125
0 0.54375 0.143359375 0.0625 0.062109375
0 0.51328125 0.16015625 0.05078125 0.071484375
0 0.45390625 0.186328125 0.06953125 0.05078125
0 0.53828125 0.10546875 0.06953125 0.053515625
0 0.42265625 0.12265625 0.0609375 0.06796875
0 0.376953125 0.13203125 0.10078125 0.05546875
0 0.336328125 0.103515625 0.060546875 0.075
0 0.278125 0.12109375 0.069921875 0.0671875
0 0.167578125 0.137890625 0.076171875 0.062109375
0 0.15625 0.267578125 0.0921875 0.06640625
0 0.0953125 0.09609375 0.094140625 0.059375
0 0.06171875 0.13046875 0.082421875 0.060546875
0 0.08828125 0.173828125 0.066796875 0.072265625
0 0.122265625 0.224609375 0.074609375 0.06171875
0 0.03359375 0.203515625 0.0671875 0.04453125
0 0.019921875 0.106640625 0.03984375 0.06484375
0 0.03359375 0.154296875 0.0671875 0.06953125
0 0.042578125 0.262109375 0.08515625 0.05546875
0 0.068359375 0.29765625 0.07578125 0.073828125
0 0.08203125 0.359375 0.076171875 0.076953125
0 0.065625 0.403515625 0.09140625 0.0734375
0 0.08828125 0.503515625 0.06484375 0.075
0 0.01953125 0.658203125 0.0390625 0.06328125
0 0.064453125 0.669921875 0.07421875 0.06328125
0 0.06484375 0.883984375 0.08046875 0.0953125