0 0.727734375 0.476171875 0.079296875 0.0703125
0 0.97109375 0.707421875 0.0578125 0.07890625
0 0.283203125 0.547265625 0.09921875 0.069140625
0 0.010546875 0.889453125 0.02109375 0.07578125
0 0.198828125 0.883203125 0.05703125 0.09140625
0 0.27265625 0.808984375 0.08046875 0.068359375
0 0.43046875 0.73359375 0.071875 0.090234375
0 0.496875 0.7296875 0.082421875 0.080859375
0 0.409765625 0.853515625 0.06875 0.068359375
0 0.356640625 0.89140625 0.079296875 0.072265625
0 0.4265625 0.894140625 0.079296875 0.069140625
0 0.50234375 0.8546875 0.06328125 0.0640625
0 0.5328125 0.89453125 0.055078125 0.080859375
0 0.581640625 0.901953125 0.073828125 0.0703125
0 0.479296875 0.8984375 0.070703125 0.069140625