0 0.01171875 0.0953125 0.0234375 0.0625
0 0.05625 0.08046875 0.08203125 0.069921875
0 0.11015625 0.08046875 0.053515625 0.08125
0 0.15 0.070703125 0.052734375 0.069921875
0 0.19453125 0.07265625 0.053125 0.08515625
0 0.233984375 0.06484375 0.059375 0.065625
0 0.25078125 0.109765625 0.07578125 0.065234375
0 0.3015625 0.058984375 0.092578125 0.0671875
0 0.375 0.101171875 0.06171875 0.087890625
0 0.40859375 0.0921875 0.07890625 0.081640625
0 0.464453125 0.068359375 0.076953125 0.06640625
0 0.536328125 0.066015625 0.071875 0.0578125
0 0.574609375 0.0953125 0.098046875 0.074609375
0 0.1515625 0.2890625 0.079296875 0.06796875
0 0.25546875 0.253125 0.086328125 0.065625
0 0.0421875 0.381640625 0.084375 0.0625
0 0.348046875 0.3046875 0.071484375 0.072265625
0 0.125390625 0.48828125 0.0765625 0.058203125
0 0.125390625 0.647265625 0.06796875 0.08046875
0 0.07265625 0.89765625 0.0765625 0.06875
0 0.1328125 0.8875 0.059765625 0.085546875
0 0.192578125 0.844140625 0.075390625 0.09765625
0 0.437890625 0.878125 0.052734375 0.084765625
0 0.47734375 0.88515625 0.053515625 0.068359375
0 0.514453125 0.86875 0.048046875 0.083984375
0 0.5484375 0.87421875 0.049609375 0.07421875
0 0.700390625 0.670703125 0.09140625 0.064453125
0 0.8015625 0.9 0.073828125 0.06328125
0 0.926953125 0.67265625 0.06953125 0.077734375
0 0.95546875 0.41171875 0.0890625 0.096875
0 0.845703125 0.36875 0.076171875 0.07421875
0 0.68359375 0.325390625 0.08046875 0.07265625
0 0.74453125 0.42578125 0.06640625 0.083984375
0 0.559375 0.4609375 0.05546875 0.090234375
0 0.190234375 0.6359375 0.071875 0.061328125
0 0.28984375 0.613671875 0.0703125 0.076953125
0 0.652734375 0.20234375 0.09140625 0.067578125
0 0.8890625 0.0640625 0.0703125 0.070703125
0 0.867578125 0.10078125 0.084375 0.069140625
0 0.95546875 0.075390625 0.0890625 0.085546875
0 0.93984375 0.133984375 0.0734375 0.0796875
0 0.91171875 0.200390625 0.08671875 0.0625
0 0.9640625 0.18515625 0.071484375 0.084765625
0 0.97890625 0.109375 0.0421875 0.06953125