0 0.971875 0.122265625 0.05625 0.09921875
0 0.9765625 0.06171875 0.046484375 0.074609375
0 0.894140625 0.165625 0.097265625 0.062890625
0 0.965625 0.062109375 0.048046875 0.073046875
0 0.802734375 0.18203125 0.08203125 0.062890625
0 0.724609375 0.210546875 0.061328125 0.1015625
0 0.613671875 0.234765625 0.067578125 0.085546875
0 0.400390625 0.2140625 0.0671875 0.0875
0 0.668359375 0.0921875 0.076171875 0.0796875
0 0.61484375 0.071484375 0.08203125 0.061328125
0 0.523046875 0.06875 0.081640625 0.068359375
0 0.437109375 0.08203125 0.069921875 0.053515625
0 0.376953125 0.087890625 0.073828125 0.06328125
0 0.235546875 0.103515625 0.077734375 0.08046875
0 0.05625 0.510546875 0.100390625 0.05234375
0 0.120703125 0.576953125 0.069921875 0.08046875
0 0.101953125 0.68046875 0.08984375 0.07265625
0 0.38671875 0.853515625 0.08828125 0.070703125
0 0.4578125 0.878125 0.0546875 0.076171875
0 0.5171875 0.887109375 0.07265625 0.06484375
0 0.491015625 0.844921875 0.06796875 0.059765625
0 0.541015625 0.818359375 0.08203125 0.083203125
0 0.6125 0.746484375 0.06328125 0.0859375
0 0.479296875 0.649609375 0.0625 0.08515625
0 0.56171875 0.569921875 0.085546875 0.07109375
0 0.7609375 0.546875 0.072265625 0.069140625