0 0.95546875 0.178125 0.06015625 0.06875
0 0.979296875 0.408984375 0.04140625 0.045703125
0 0.748046875 0.169140625 0.065625 0.066015625
0 0.958984375 0.809375 0.076171875 0.05
0 0.85234375 0.876171875 0.0765625 0.0578125
0 0.789453125 0.945703125 0.060546875 0.080078125
0 0.5890625 0.75390625 0.04921875 0.090234375
0 0.65546875 0.784375 0.06953125 0.05390625
0 0.543359375 0.5875 0.072265625 0.042578125
0 0.834375 0.44296875 0.06328125 0.065625
0 0.58984375 0.369921875 0.051171875 0.059765625
0 0.420703125 0.448828125 0.058203125 0.066796875
0 0.401171875 0.64453125 0.05859375 0.059765625
0 0.478125 0.160546875 0.04921875 0.073046875
0 0.53046875 0.166796875 0.05234375 0.073046875
0 0.573046875 0.187890625 0.074609375 0.04375
0 0.53984375 0.222265625 0.0625 0.042578125
0 0.486328125 0.211328125 0.05625 0.0578125
0 0.499609375 0.879296875 0.084375 0.06171875
0 0.429296875 0.835546875 0.079296875 0.05859375
0 0.35234375 0.703515625 0.0796875 0.056640625
0 0.021875 0.94609375 0.04375 0.065625
0 0.266796875 0.776953125 0.053515625 0.07890625
0 0.030078125 0.811328125 0.06015625 0.060546875
0 0.047265625 0.854296875 0.083984375 0.06171875
0 0.2484375 0.65 0.06875 0.055859375
0 0.281640625 0.6671875 0.07421875 0.044140625
0 0.130859375 0.474609375 0.075390625 0.055859375
0 0.140625 0.540625 0.067578125 0.07109375
0 0.02890625 0.354296875 0.057421875 0.07578125
0 0.17578125 0.11796875 0.044921875 0.076953125
0 0.109375 0.1484375 0.080078125 0.05390625
0 0.055078125 0.17265625 0.06953125 0.05703125