0 0.33984375 0.35703125 0.05625 0.053515625
0 0.02890625 0.539453125 0.0578125 0.07734375
0 0.032421875 0.6015625 0.06484375 0.053125
0 0.037890625 0.705859375 0.062890625 0.062890625
0 0.09921875 0.774609375 0.062890625 0.0703125
0 0.17734375 0.839453125 0.06953125 0.08203125
0 0.27578125 0.76875 0.08046875 0.045703125
0 0.312890625 0.837109375 0.05546875 0.075
0 0.37421875 0.862109375 0.088671875 0.069140625
0 0.27265625 0.85234375 0.04609375 0.065234375
0 0.392578125 0.778515625 0.077734375 0.040234375
0 0.421484375 0.8046875 0.075 0.043359375
0 0.750390625 0.744921875 0.05390625 0.07890625
0 0.708203125 0.737890625 0.05390625 0.070703125
0 0.987109375 0.665625 0.02578125 0.0640625
0 0.973828125 0.807421875 0.05234375 0.0625
0 0.89140625 0.628515625 0.082421875 0.051953125