0 0.963671875 0.103125 0.051953125 0.07734375
0 0.980078125 0.14921875 0.03984375 0.0734375
0 0.931640625 0.108984375 0.046875 0.08203125
0 0.9015625 0.105078125 0.046484375 0.083203125
0 0.871875 0.086328125 0.030859375 0.049609375
0 0.837109375 0.0828125 0.05859375 0.067578125
0 0.86640625 0.137109375 0.053515625 0.0578125
0 0.72109375 0.24921875 0.07890625 0.05625
0 0.76796875 0.191796875 0.062109375 0.075390625
0 0.800390625 0.08828125 0.03671875 0.0578125
0 0.8265625 0.140625 0.037109375 0.07578125
0 0.794921875 0.141015625 0.05625 0.09296875
0 0.77578125 0.09765625 0.050390625 0.074609375
0 0.73671875 0.10078125 0.04375 0.06328125
0 0.7078125 0.096484375 0.0390625 0.055859375
0 0.67109375 0.0765625 0.067578125 0.05859375
0 0.646484375 0.1171875 0.057421875 0.05703125
0 0.72265625 0.147265625 0.086328125 0.06015625
0 0.71484375 0.19140625 0.0671875 0.051953125
0 0.660546875 0.18203125 0.058984375 0.065625
0 0.5984375 0.188671875 0.069140625 0.06328125
0 0.607421875 0.103515625 0.052734375 0.077734375
0 0.568359375 0.0875 0.055859375 0.070703125
0 0.5015625 0.10859375 0.048046875 0.083203125
0 0.54375 0.11328125 0.0421875 0.078515625
0 0.4578125 0.107421875 0.0453125 0.071484375
0 0.423046875 0.101171875 0.06328125 0.048046875
0 0.43203125 0.145703125 0.06484375 0.059375
0 0.20859375 0.123046875 0.065234375 0.069140625
0 0.23125 0.10390625 0.0515625 0.067578125
0 0.325390625 0.091796875 0.069921875 0.044921875
0 0.382421875 0.09921875 0.059765625 0.053515625
0 0.358203125 0.178125 0.053125 0.085546875
0 0.38046875 0.146875 0.051953125 0.06328125
0 0.337109375 0.13203125 0.049609375 0.075390625
0 0.2609375 0.1046875 0.034375 0.078125
0 0.28828125 0.08515625 0.0390625 0.033203125
0 0.294140625 0.122265625 0.048046875 0.069140625
0 0.3234375 0.2328125 0.05703125 0.085546875
0 0.2609375 0.184765625 0.0765625 0.058984375
0 0.023046875 0.1109375 0.045703125 0.06875
0 0.0125 0.16953125 0.024609375 0.060546875
0 0.0546875 0.1703125 0.071484375 0.08125
0 0.370703125 0.385546875 0.0515625 0.10234375
0 0.4390625 0.37265625 0.050390625 0.08046875
0 0.502734375 0.550390625 0.08359375 0.050390625
0 0.2046875 0.564453125 0.100390625 0.053515625
0 0.29375 0.670703125 0.075 0.062109375
0 0.20546875 0.659375 0.083203125 0.053125
0 0.165625 0.76328125 0.06484375 0.0671875
0 0.2953125 0.78984375 0.07109375 0.062109375
0 0.209375 0.808984375 0.05859375 0.076953125
0 0.51875 0.78125 0.09375 0.05546875
0 0.480859375 0.811328125 0.051171875 0.07109375
0 0.3890625 0.821484375 0.0578125 0.06796875
0 0.35625 0.8234375 0.05 0.072265625
0 0.240234375 0.86484375 0.063671875 0.074609375
0 0.316796875 0.8453125 0.0703125 0.058984375
0 0.352734375 0.876171875 0.070703125 0.049609375
0 0.40703125 0.871484375 0.046484375 0.063671875
0 0.44921875 0.8625 0.048828125 0.0703125
0 0.52265625 0.8625 0.06875 0.055078125
0 0.52421875 0.831640625 0.0734375 0.055859375
0 0.4765625 0.87890625 0.0484375 0.07109375
0 0.014453125 0.618359375 0.02890625 0.06015625
0 0.059765625 0.741015625 0.064453125 0.0859375
0 0.983203125 0.812109375 0.03359375 0.07421875
0 0.959765625 0.653515625 0.08046875 0.07109375
0 0.96953125 0.725 0.0609375 0.065625
0 0.50234375 0.603125 0.08515625 0.054296875
0 0.631640625 0.5890625 0.055078125 0.088671875
0 0.98125 0.378515625 0.037109375 0.05234375
0 0.987890625 0.308984375 0.02421875 0.068359375
0 0.978515625 0.23125 0.04296875 0.0671875