0 0.53359375 0.768359375 0.05546875 0.064453125
0 0.4671875 0.7203125 0.04765625 0.07265625
0 0.7125 0.705859375 0.089453125 0.059375
0 0.640625 0.758984375 0.04765625 0.06484375
0 0.55078125 0.87421875 0.065234375 0.064453125
0 0.63046875 0.878125 0.066796875 0.053125
0 0.73359375 0.833203125 0.0765625 0.058203125
0 0.65703125 0.588671875 0.06953125 0.066015625
0 0.3578125 0.831640625 0.05078125 0.071484375
0 0.437890625 0.776171875 0.0578125 0.055078125
0 0.4046875 0.794140625 0.075390625 0.05
0 0.4421875 0.855859375 0.062890625 0.08515625
0 0.7609375 0.938671875 0.06015625 0.061328125
0 0.875390625 0.95390625 0.053125 0.074609375
0 0.942578125 0.869140625 0.058203125 0.072265625
0 0.519921875 0.6359375 0.044140625 0.066015625
0 0.379296875 0.651171875 0.055078125 0.059375
0 0.4421875 0.659765625 0.05625 0.05625
0 0.48046875 0.6578125 0.042578125 0.059765625
0 0.414453125 0.485546875 0.064453125 0.0546875
0 0.3671875 0.2890625 0.0640625 0.055859375
0 0.47421875 0.16875 0.084375 0.053515625
0 0.833984375 0.18671875 0.05390625 0.069921875
0 0.8703125 0.173046875 0.0375 0.087109375
0 0.825390625 0.101953125 0.067578125 0.08984375
0 0.751171875 0.165625 0.059375 0.05859375
0 0.6140625 0.173046875 0.048046875 0.0703125
0 0.645703125 0.175 0.058203125 0.059765625
0 0.548828125 0.187890625 0.044921875 0.057421875
0 0.526171875 0.2125 0.048828125 0.059375
0 0.55859375 0.26328125 0.058203125 0.06640625
0 0.5078125 0.26875 0.04296875 0.071484375
0 0.357421875 0.121875 0.0640625 0.06015625
0 0.421875 0.1109375 0.058984375 0.062109375
0 0.470703125 0.116796875 0.046875 0.061328125
0 0.506640625 0.110546875 0.04921875 0.06484375
0 0.9390625 0.06953125 0.08203125 0.084765625
0 0.962890625 0.089453125 0.058203125 0.051171875
0 0.53125 0.09765625 0.0375 0.062109375
0 0.5671875 0.101953125 0.048046875 0.0671875
0 0.6015625 0.092578125 0.064453125 0.05390625
0 0.7375 0.096875 0.040625 0.080859375
0 0.77265625 0.105859375 0.0515625 0.06328125
0 0.6359375 0.10234375 0.05 0.06328125
0 0.70546875 0.085546875 0.061328125 0.051953125
0 0.65859375 0.118359375 0.04765625 0.06015625
0 0.6703125 0.08828125 0.031640625 0.047265625
0 0.709375 0.121875 0.0515625 0.047265625
0 0.6765625 0.137890625 0.041796875 0.041015625
0 0.70078125 0.16875 0.05390625 0.053125
0 0.159765625 0.102734375 0.06015625 0.058203125
0 0.23515625 0.10625 0.051171875 0.061328125
0 0.195703125 0.113671875 0.043359375 0.071484375
0 0.03515625 0.103515625 0.046875 0.066015625
0 0.04921875 0.109765625 0.0359375 0.040625
0 0.008984375 0.105859375 0.01796875 0.04453125
0 0.044140625 0.196484375 0.08828125 0.06796875
0 0.0890625 0.178515625 0.05234375 0.0671875
0 0.1171875 0.108203125 0.04921875 0.06796875
0 0.08359375 0.096875 0.042578125 0.051953125
0 0.101171875 0.135546875 0.055859375 0.060546875
0 0.03125 0.153125 0.0625 0.0421875
0 0.02578125 0.225 0.0515625 0.059375
0 0.16484375 0.298828125 0.043359375 0.08359375
0 0.21484375 0.26640625 0.056640625 0.05625
0 0.2203125 0.369140625 0.05 0.069921875
0 0.01171875 0.394921875 0.0234375 0.06015625
0 0.010546875 0.54453125 0.02109375 0.059375
0 0.083984375 0.559375 0.0671875 0.063671875
0 0.121484375 0.5734375 0.053125 0.062890625
0 0.170703125 0.58203125 0.062109375 0.05078125
0 0.1578125 0.710546875 0.068359375 0.060546875
0 0.2328125 0.710546875 0.068359375 0.06796875
0 0.312890625 0.784375 0.062109375 0.055859375
0 0.32734375 0.887109375 0.058984375 0.080859375
0 0.17890625 0.825 0.0671875 0.055078125
0 0.24453125 0.809765625 0.07734375 0.0546875
0 0.25078125 0.848046875 0.04921875 0.0640625
0 0.085546875 0.753125 0.069921875 0.084375
0 0.027734375 0.69296875 0.05546875 0.0734375
0 0.03828125 0.807421875 0.065625 0.05703125
0 0.0203125 0.773828125 0.040625 0.050390625
0 0.0890625 0.80703125 0.056640625 0.053125
0 0.089453125 0.87109375 0.059765625 0.0765625
0 0.0625 0.863671875 0.05546875 0.06796875
0 0.1640625 0.48046875 0.061328125 0.04921875
0 0.4375 0.38046875 0.08203125 0.049609375
0 0.42890625 0.41875 0.0828125 0.040625
0 0.237890625 0.154296875 0.08359375 0.058203125
0 0.22734375 0.473046875 0.064453125 0.09609375
0 0.371484375 0.589453125 0.081640625 0.0546875
0 0.164453125 0.634375 0.05859375 0.046484375
0 0.109375 0.63984375 0.061328125 0.0734375
0 0.04921875 0.638671875 0.06015625 0.060546875
0 0.56484375 0.73125 0.0578125 0.068359375
0 0.715234375 0.9671875 0.044921875 0.0625
0 0.807421875 0.969140625 0.07578125 0.06171875
0 0.9125 0.965234375 0.05078125 0.06953125
0 0.326171875 0.94375 0.04375 0.071484375
0 0.328125 0.68515625 0.049609375 0.07265625
0 0.33515625 0.646484375 0.051953125 0.0640625
0 0.7515625 0.61953125 0.057421875 0.076953125
0 0.79140625 0.64453125 0.049609375 0.068359375
0 0.8265625 0.64921875 0.039453125 0.060546875
0 0.888671875 0.583203125 0.057421875 0.071484375
0 0.92890625 0.572265625 0.05234375 0.061328125
0 0.959375 0.3140625 0.08125 0.05625
0 0.973828125 0.16171875 0.051953125 0.061328125
0 0.981640625 0.20625 0.03671875 0.065625
0 0.984765625 0.12421875 0.03046875 0.043359375