0 0.069921875 0.91484375 0.06796875 0.0609375
0 0.10390625 0.89609375 0.0671875 0.06484375
0 0.102734375 0.565234375 0.058984375 0.08359375
0 0.15703125 0.530859375 0.0890625 0.065234375
0 0.2 0.551171875 0.052734375 0.074609375
0 0.156640625 0.632421875 0.098828125 0.05859375
0 0.396875 0.5859375 0.055859375 0.081640625
0 0.387109375 0.49609375 0.059765625 0.064453125
0 0.34921875 0.726171875 0.054296875 0.071484375
0 0.2984375 0.81015625 0.052734375 0.0734375
0 0.289453125 0.871875 0.058203125 0.062890625
0 0.256640625 0.85703125 0.058203125 0.07109375
0 0.21796875 0.89296875 0.07421875 0.053125
0 0.22265625 0.81484375 0.0765625 0.0671875
0 0.540625 0.825 0.05390625 0.062109375