0 0.034375 0.7625 0.06875 0.074609375
0 0.04140625 0.887109375 0.06015625 0.080078125
0 0.07421875 0.8421875 0.066796875 0.079296875
0 0.138671875 0.834375 0.08828125 0.0578125
0 0.084765625 0.89296875 0.04921875 0.064453125
0 0.122265625 0.8875 0.05859375 0.079296875
0 0.1765625 0.89375 0.065625 0.071875
0 0.2078125 0.84375 0.059375 0.063671875
0 0.2328125 0.898828125 0.0734375 0.062109375
0 0.25234375 0.846875 0.05390625 0.0765625
0 0.41015625 0.67890625 0.080859375 0.0546875
0 0.39375 0.81484375 0.052734375 0.07421875
0 0.343359375 0.8359375 0.076171875 0.054296875
0 0.398046875 0.875 0.08203125 0.06953125
0 0.16953125 0.540625 0.088671875 0.080859375
0 0.258984375 0.550390625 0.101171875 0.065234375
0 0.983984375 0.79765625 0.031640625 0.07421875
0 0.815625 0.615234375 0.0671875 0.090234375
0 0.7453125 0.6921875 0.07578125 0.075
0 0.629296875 0.726953125 0.077734375 0.087109375
0 0.54375 0.843359375 0.058984375 0.074609375
0 0.5796875 0.88046875 0.065234375 0.075390625
0 0.622265625 0.81640625 0.064453125 0.06953125
0 0.6375 0.873046875 0.071875 0.062109375
0 0.830078125 0.710546875 0.0609375 0.07890625
0 0.228515625 0.1296875 0.06953125 0.071875
0 0.4609375 0.117578125 0.071875 0.0640625
0 0.524609375 0.18359375 0.054296875 0.0890625
0 0.48125 0.1796875 0.069140625 0.075