0 0.3734375 0.451953125 0.071484375 0.054296875
0 0.347265625 0.48203125 0.076171875 0.043359375
0 0.334765625 0.523828125 0.073828125 0.0625
0 0.38515625 0.52890625 0.058984375 0.067578125
0 0.4359375 0.54296875 0.04921875 0.0609375
0 0.016796875 0.7515625 0.03359375 0.0640625
0 0.058203125 0.676953125 0.07890625 0.0546875
0 0.0703125 0.63046875 0.068359375 0.0578125
0 0.1109375 0.5921875 0.080859375 0.051953125
0 0.262890625 0.625390625 0.07890625 0.0453125
0 0.4296875 0.609375 0.074609375 0.0671875
0 0.400390625 0.694140625 0.066015625 0.047265625
0 0.358203125 0.746484375 0.073046875 0.057421875
0 0.4140625 0.76484375 0.075390625 0.05546875