0 0.9375 0.883203125 0.06953125 0.0625
0 0.901953125 0.819140625 0.06015625 0.074609375
0 0.851171875 0.843359375 0.054296875 0.078515625
0 0.7828125 0.853125 0.048828125 0.083203125
0 0.732421875 0.885546875 0.057421875 0.07265625
0 0.690234375 0.8109375 0.08359375 0.056640625
0 0.692578125 0.86484375 0.05078125 0.074609375
0 0.58203125 0.874609375 0.07109375 0.05546875
0 0.525 0.853515625 0.059375 0.058984375
0 0.480859375 0.868359375 0.044140625 0.06640625
0 0.433984375 0.884375 0.069921875 0.062109375
0 0.41640625 0.864453125 0.08671875 0.07890625
0 0.265234375 0.8796875 0.05859375 0.058984375
0 0.101171875 0.753125 0.080859375 0.073046875
0 0.56328125 0.673828125 0.0515625 0.076171875
0 0.923046875 0.440625 0.059375 0.0453125
0 0.66796875 0.5 0.057421875 0.065625
0 0.006640625 0.765234375 0.01328125 0.03671875
0 0.01171875 0.692578125 0.0234375 0.05703125
0 0.06640625 0.501171875 0.0640625 0.086328125
0 0.1703125 0.494921875 0.080078125 0.051953125
0 0.319921875 0.468359375 0.0609375 0.060546875
0 0.033203125 0.237109375 0.06640625 0.07734375
0 0.244140625 0.131640625 0.059375 0.0828125
0 0.30703125 0.316796875 0.056640625 0.0828125
0 0.36484375 0.338671875 0.052734375 0.06953125
0 0.585546875 0.112109375 0.071875 0.062109375
0 0.6 0.165234375 0.06328125 0.072265625
0 0.66796875 0.1140625 0.04765625 0.06640625
0 0.7078125 0.111328125 0.04765625 0.0671875
0 0.73828125 0.112890625 0.053515625 0.0671875
0 0.73671875 0.15390625 0.044921875 0.07734375
0 0.697265625 0.164453125 0.068359375 0.06875
0 0.892578125 0.219921875 0.069921875 0.059765625