0 0.986328125 0.087890625 0.02734375 0.06015625
0 0.959375 0.08046875 0.06171875 0.078125
0 0.919921875 0.11640625 0.076953125 0.0859375
0 0.840234375 0.1265625 0.07890625 0.071875
0 0.771875 0.123046875 0.077734375 0.073046875
0 0.703125 0.119921875 0.07890625 0.06640625
0 0.6625 0.09140625 0.082421875 0.066015625
0 0.557421875 0.08046875 0.075 0.0578125
0 0.49296875 0.103515625 0.069140625 0.080078125
0 0.427734375 0.09375 0.076171875 0.06015625
0 0.538671875 0.132421875 0.080078125 0.06328125
0 0.59609375 0.1484375 0.06328125 0.089453125
0 0.1015625 0.23671875 0.083984375 0.09296875
0 0.34609375 0.08203125 0.0703125 0.08359375
0 0.297265625 0.0890625 0.078125 0.085546875
0 0.307421875 0.159765625 0.067578125 0.0796875
0 0.376171875 0.16953125 0.083203125 0.0640625
0 0.35859375 0.21328125 0.086328125 0.059765625
0 0.216015625 0.06796875 0.04765625 0.05703125
0 0.25234375 0.098046875 0.058984375 0.083203125
0 0.240234375 0.1234375 0.066796875 0.0671875
0 0.224609375 0.17421875 0.07890625 0.078125
0 0.130859375 0.159765625 0.062109375 0.09140625
0 0.166015625 0.15703125 0.05 0.083984375
0 0.051171875 0.1453125 0.057421875 0.08203125
0 0.083203125 0.14375 0.0515625 0.07421875
0 0.01796875 0.142578125 0.0359375 0.071484375
0 0.010546875 0.0796875 0.02109375 0.06484375
0 0.0390625 0.086328125 0.05625 0.055859375
0 0.072265625 0.069140625 0.069921875 0.075
0 0.125 0.07421875 0.065234375 0.0625
0 0.161328125 0.065234375 0.07734375 0.0421875
0 0.117578125 0.10390625 0.06875 0.0453125
0 0.18359375 0.10859375 0.0625 0.049609375