0 0.990234375 0.790625 0.01953125 0.0484375
0 0.97265625 0.602734375 0.0546875 0.06953125
0 0.8515625 0.61328125 0.058203125 0.072265625
0 0.91953125 0.787109375 0.06171875 0.06953125
0 0.951953125 0.875 0.077734375 0.059375
0 0.873046875 0.879296875 0.063671875 0.066015625
0 0.77421875 0.8875 0.0828125 0.05546875
0 0.774609375 0.794140625 0.06796875 0.06875
0 0.687890625 0.827734375 0.0625 0.073046875
0 0.64375 0.86953125 0.078125 0.0625
0 0.590625 0.792578125 0.058984375 0.08359375
0 0.82109375 0.066796875 0.05234375 0.083203125
0 0.788671875 0.11640625 0.06328125 0.07421875
0 0.740234375 0.071875 0.06953125 0.075
0 0.5984375 0.19609375 0.076171875 0.063671875
0 0.515234375 0.1296875 0.0671875 0.059375
0 0.58828125 0.354296875 0.079296875 0.05546875
0 0.48984375 0.2671875 0.051171875 0.08125
0 0.45546875 0.3484375 0.0484375 0.070703125
0 0.34765625 0.226171875 0.051953125 0.084375
0 0.278515625 0.223828125 0.062890625 0.073828125
0 0.226171875 0.223046875 0.0625 0.0671875
0 0.107421875 0.10234375 0.061328125 0.0734375
0 0.013671875 0.127734375 0.026953125 0.053515625
0 0.40078125 0.43046875 0.042578125 0.070703125
0 0.437890625 0.48359375 0.062109375 0.072265625
0 0.5984375 0.876171875 0.047265625 0.03984375
0 0.600390625 0.9015625 0.04765625 0.033203125
0 0.555078125 0.9 0.060546875 0.0421875
0 0.546875 0.868359375 0.063671875 0.04375
0 0.50625 0.8921875 0.054296875 0.05
0 0.50859375 0.8453125 0.058203125 0.0703125
0 0.442578125 0.872265625 0.051171875 0.0609375
0 0.385546875 0.88828125 0.0671875 0.048046875
0 0.394140625 0.833203125 0.05 0.067578125
0 0.437109375 0.789453125 0.05 0.076171875
0 0.326953125 0.82109375 0.055078125 0.074609375
0 0.1921875 0.751171875 0.0609375 0.09140625
0 0.11171875 0.686328125 0.075390625 0.05546875
0 0.0453125 0.84140625 0.082421875 0.078515625