0 0.550390625 0.10390625 0.088671875 0.06875
0 0.31640625 0.201953125 0.07734375 0.073046875
0 0.57421875 0.377734375 0.060546875 0.0796875
0 0.48046875 0.369921875 0.08046875 0.065625
0 0.640234375 0.529296875 0.0890625 0.066015625
0 0.516015625 0.615625 0.074609375 0.0609375
0 0.29375 0.616015625 0.067578125 0.081640625
0 0.359765625 0.680078125 0.078125 0.063671875
0 0.67734375 0.708984375 0.0703125 0.0609375
0 0.6171875 0.719140625 0.0609375 0.06484375
0 0.66875 0.758984375 0.07109375 0.051171875
0 0.60625 0.760546875 0.068359375 0.055859375
0 0.546484375 0.8484375 0.0734375 0.071484375
0 0.798828125 0.862890625 0.060546875 0.076953125
0 0.41640625 0.75859375 0.08046875 0.074609375
0 0.464453125 0.86171875 0.076953125 0.06640625
0 0.253125 0.776171875 0.055859375 0.077734375
0 0.29296875 0.82890625 0.08828125 0.06796875
0 0.709765625 0.85625 0.076171875 0.062890625
0 0.03515625 0.8328125 0.069921875 0.066015625
0 0.198046875 0.70859375 0.06875 0.077734375
0 0.125390625 0.80546875 0.066796875 0.082421875
0 0.04375 0.701953125 0.078125 0.07734375
0 0.0796875 0.728515625 0.0765625 0.054296875
0 0.064453125 0.77578125 0.064453125 0.077734375
0 0.200390625 0.4625 0.08359375 0.05234375
0 0.205859375 0.3484375 0.094140625 0.05
0 0.1125 0.287109375 0.0890625 0.066015625
0 0.0828125 0.209375 0.07109375 0.0671875
0 0.0296875 0.1546875 0.059375 0.078125
0 0.959765625 0.325 0.08046875 0.05625