0 0.197265625 0.392578125 0.062109375 0.065234375
0 0.191796875 0.49453125 0.061328125 0.090625
0 0.2703125 0.51015625 0.05078125 0.081640625
0 0.3234375 0.483203125 0.0515625 0.074609375
0 0.420703125 0.506640625 0.05703125 0.06796875
0 0.23046875 0.588671875 0.09296875 0.0546875
0 0.06953125 0.550390625 0.079296875 0.04921875
0 0.166015625 0.69375 0.05859375 0.0703125
0 0.078125 0.717578125 0.081640625 0.070703125
0 0.21875 0.69453125 0.05703125 0.070703125
0 0.099609375 0.8625 0.06953125 0.037890625
0 0.305078125 0.8921875 0.051171875 0.082421875
0 0.4890625 0.708203125 0.076953125 0.0578125
0 0.691015625 0.761328125 0.058984375 0.07265625
0 0.61171875 0.833984375 0.058203125 0.062109375
0 0.84921875 0.6578125 0.084375 0.0546875
0 0.946875 0.5921875 0.06953125 0.056640625
0 0.99296875 0.573828125 0.013671875 0.028125
0 0.66875 0.5796875 0.06328125 0.053125
0 0.47421875 0.583984375 0.0703125 0.055078125
0 0.8921875 0.198828125 0.067578125 0.05234375
0 0.805859375 0.304296875 0.07421875 0.06484375
0 0.94375 0.30390625 0.092578125 0.051953125
0 0.977734375 0.317578125 0.04453125 0.05078125