0 0.1578125 0.1 0.05546875 0.076953125
0 0.1859375 0.13515625 0.057421875 0.058984375
0 0.17265625 0.176953125 0.065625 0.0484375
0 0.15859375 0.2234375 0.075390625 0.0421875
0 0.1671875 0.25625 0.069921875 0.03984375
0 0.15390625 0.28671875 0.06171875 0.041015625
0 0.15859375 0.352734375 0.0828125 0.04765625
0 0.161328125 0.320703125 0.080078125 0.034765625
0 0.16328125 0.40859375 0.066015625 0.037890625
0 0.159765625 0.465625 0.068359375 0.044921875
0 0.16796875 0.44296875 0.059765625 0.043359375
0 0.239453125 0.116015625 0.04765625 0.0578125
0 0.276953125 0.146875 0.053125 0.08203125
0 0.30625 0.129296875 0.097265625 0.071484375
0 0.289453125 0.093359375 0.055078125 0.03984375
0 0.3796875 0.101171875 0.06015625 0.058203125
0 0.399609375 0.140625 0.048828125 0.089453125
0 0.443359375 0.166015625 0.09609375 0.05703125
0 0.4421875 0.114453125 0.074609375 0.065625
0 0.49375 0.1203125 0.0578125 0.05703125
0 0.521875 0.099609375 0.0734375 0.05390625
0 0.5140625 0.182421875 0.060546875 0.07734375
0 0.401953125 0.220703125 0.05859375 0.06640625
0 0.342578125 0.2265625 0.06875 0.04921875
0 0.301171875 0.234375 0.053125 0.065625
0 0.2453125 0.176171875 0.062890625 0.059765625
0 0.207421875 0.185546875 0.06171875 0.05390625
0 0.26796875 0.223828125 0.05625 0.058984375
0 0.223828125 0.227734375 0.06015625 0.055078125
0 0.228515625 0.266015625 0.054296875 0.06875
0 0.20234375 0.298828125 0.0578125 0.066796875
0 0.26328125 0.3171875 0.055859375 0.06875
0 0.291015625 0.285546875 0.06953125 0.052734375
0 0.41171875 0.29765625 0.05625 0.073046875
0 0.36171875 0.3046875 0.07421875 0.080859375
0 0.322265625 0.3109375 0.076171875 0.0609375
0 0.351171875 0.26796875 0.069921875 0.060546875
0 0.224609375 0.36640625 0.065234375 0.0421875
0 0.225390625 0.401953125 0.07578125 0.044140625
0 0.31015625 0.377734375 0.06015625 0.075390625
0 0.344921875 0.397265625 0.06484375 0.048046875
0 0.38671875 0.3734375 0.055859375 0.08671875
0 0.433984375 0.348828125 0.074609375 0.048828125
0 0.431640625 0.402734375 0.062890625 0.06875
0 0.33203125 0.44921875 0.0546875 0.060546875
0 0.287109375 0.4453125 0.05078125 0.0796875
0 0.259765625 0.475390625 0.050390625 0.055859375
0 0.23671875 0.455078125 0.05859375 0.0671875
0 0.218359375 0.437109375 0.055859375 0.049609375
0 0.20859375 0.496484375 0.075 0.052734375
0 0.281640625 0.50234375 0.073828125 0.046484375
0 0.276171875 0.5515625 0.062109375 0.07109375
0 0.223828125 0.546875 0.07421875 0.061328125
0 0.189453125 0.5265625 0.051953125 0.0484375
0 0.152734375 0.503515625 0.063671875 0.054296875
0 0.145703125 0.570703125 0.074609375 0.04765625
0 0.153515625 0.541015625 0.052734375 0.044140625
0 0.1625 0.615625 0.051953125 0.064453125
0 0.235546875 0.594140625 0.0671875 0.06015625
0 0.204296875 0.61171875 0.062109375 0.077734375
0 0.317578125 0.606640625 0.0796875 0.059765625
0 0.302734375 0.656640625 0.074609375 0.056640625
0 0.26015625 0.709765625 0.069921875 0.072265625
0 0.237109375 0.675 0.053515625 0.0796875
0 0.19453125 0.664453125 0.0640625 0.06015625
0 0.164453125 0.658203125 0.05078125 0.04609375
0 0.171875 0.695703125 0.0765625 0.046875
0 0.1484375 0.7234375 0.053515625 0.055859375
0 0.208984375 0.728515625 0.0640625 0.052734375
0 0.178125 0.740234375 0.042578125 0.0515625
0 0.144921875 0.78125 0.0703125 0.051953125
0 0.213671875 0.80859375 0.08359375 0.04453125
0 0.262890625 0.7671875 0.06875 0.052734375
0 0.315625 0.721484375 0.06875 0.0578125
0 0.326953125 0.771484375 0.0703125 0.0515625
0 0.213671875 0.768359375 0.06953125 0.04765625
0 0.1625 0.821484375 0.0453125 0.054296875
0 0.22890625 0.837109375 0.062109375 0.031640625
0 0.186328125 0.83046875 0.061328125 0.040234375
0 0.202734375 0.86640625 0.06875 0.050390625
0 0.273046875 0.8734375 0.070703125 0.045703125
0 0.275 0.821875 0.0515625 0.07109375
0 0.310546875 0.83203125 0.047265625 0.0640625
0 0.371484375 0.837890625 0.07578125 0.05859375
0 0.4296875 0.880078125 0.094140625 0.06796875
0 0.369921875 0.91484375 0.046484375 0.02421875
0 0.60390625 0.91953125 0.041796875 0.0171875
0 0.516796875 0.8515625 0.066015625 0.0703125
0 0.440234375 0.80546875 0.06328125 0.066796875
0 0.675390625 0.911328125 0.0515625 0.033984375
0 0.383203125 0.784375 0.05703125 0.070703125
0 0.42109375 0.7578125 0.069921875 0.0515625
0 0.389453125 0.7328125 0.06171875 0.058984375
0 0.505859375 0.748828125 0.058203125 0.076953125
0 0.50234375 0.677734375 0.076171875 0.046484375
0 0.66640625 0.72109375 0.070703125 0.04921875
0 0.548046875 0.7703125 0.05234375 0.08359375
0 0.599609375 0.77265625 0.06015625 0.073828125
0 0.5890625 0.849609375 0.066015625 0.069140625
0 0.5359375 0.824609375 0.0546875 0.071484375
0 0.62890625 0.796484375 0.05546875 0.08671875
0 0.683984375 0.80390625 0.057421875 0.062109375
0 0.686328125 0.848828125 0.065625 0.046484375
0 0.64296875 0.86484375 0.048828125 0.0734375
0 0.710546875 0.65 0.050390625 0.072265625
0 0.51875 0.61015625 0.070703125 0.064453125
0 0.684375 0.605078125 0.05390625 0.06875
0 0.365625 0.681640625 0.06171875 0.063671875
0 0.42421875 0.689453125 0.05 0.06953125
0 0.434765625 0.654296875 0.067578125 0.055078125
0 0.4515625 0.6171875 0.05390625 0.059375
0 0.41328125 0.6 0.0609375 0.06796875
0 0.373828125 0.60625 0.05859375 0.07109375
0 0.394140625 0.662109375 0.04921875 0.068359375
0 0.356640625 0.5390625 0.0671875 0.069140625
0 0.35 0.48046875 0.05390625 0.071484375
0 0.386328125 0.477734375 0.055859375 0.077734375
0 0.428125 0.511328125 0.069921875 0.05546875
0 0.457421875 0.531640625 0.070703125 0.05234375
0 0.478125 0.5640625 0.07421875 0.04375
0 0.50859375 0.537109375 0.062890625 0.051953125
0 0.42890625 0.46171875 0.053125 0.0625
0 0.51328125 0.48203125 0.046875 0.071484375
0 0.547265625 0.43515625 0.069140625 0.06875
0 0.48359375 0.4171875 0.047265625 0.07109375
0 0.48203125 0.4578125 0.04765625 0.072265625
0 0.4609375 0.444140625 0.04453125 0.05859375
0 0.5046875 0.376953125 0.07109375 0.0484375
0 0.552734375 0.384375 0.04609375 0.051953125
0 0.573828125 0.3453125 0.0453125 0.07265625
0 0.539453125 0.334765625 0.036328125 0.058984375
0 0.50078125 0.328515625 0.062109375 0.055859375
0 0.47109375 0.301171875 0.0703125 0.04375
0 0.560546875 0.50703125 0.042578125 0.070703125
0 0.58828125 0.54453125 0.0625 0.062109375
0 0.625390625 0.59140625 0.05625 0.070703125
0 0.682421875 0.5625 0.062109375 0.05703125
0 0.647265625 0.56015625 0.05078125 0.073046875
0 0.63828125 0.515234375 0.050390625 0.06640625
0 0.687109375 0.506640625 0.064453125 0.058984375
0 0.598828125 0.492578125 0.036328125 0.0671875
0 0.620703125 0.458203125 0.0546875 0.052734375
0 0.637109375 0.430859375 0.068359375 0.041796875
0 0.6875 0.435546875 0.04453125 0.0734375
0 0.7078125 0.46484375 0.05859375 0.050390625
0 0.61953125 0.398046875 0.0453125 0.0671875
0 0.666015625 0.389453125 0.0578125 0.058203125
0 0.65703125 0.356640625 0.066796875 0.048828125
0 0.605078125 0.291015625 0.0609375 0.061328125
0 0.648828125 0.2796875 0.0453125 0.0734375
0 0.694140625 0.302734375 0.081640625 0.08046875
0 0.533984375 0.291796875 0.075 0.059765625
0 0.494921875 0.258203125 0.0890625 0.055078125
0 0.680859375 0.1015625 0.07890625 0.071484375
0 0.628125 0.1078125 0.0484375 0.0671875
0 0.5765625 0.20859375 0.066796875 0.080078125
0 0.5765625 0.10078125 0.069921875 0.071484375
0 0.969921875 0.12265625 0.06015625 0.051171875
0 0.98359375 0.0921875 0.0328125 0.04765625
0 0.95625 0.0953125 0.0390625 0.05625
0 0.927734375 0.101953125 0.039453125 0.078515625
0 0.888671875 0.1 0.0515625 0.064453125
0 0.891796875 0.133203125 0.048046875 0.062890625
0 0.830859375 0.094921875 0.076953125 0.055078125
0 0.8 0.124609375 0.067578125 0.05234375
0 0.745703125 0.109375 0.05625 0.07421875
0 0.972265625 0.15546875 0.055078125 0.056640625
0 0.928125 0.1734375 0.048828125 0.070703125
0 0.8921875 0.18203125 0.05625 0.051171875
0 0.962890625 0.19921875 0.057421875 0.06015625
0 0.984765625 0.23671875 0.030078125 0.07109375
0 0.989453125 0.299609375 0.02109375 0.06640625
0 0.97890625 0.373828125 0.0421875 0.06640625
0 0.9609375 0.259765625 0.0578125 0.08515625
0 0.784765625 0.176171875 0.059375 0.05546875
0 0.8484375 0.212109375 0.0765625 0.05859375
0 0.737890625 0.185546875 0.055078125 0.069140625
0 0.73828125 0.220703125 0.05234375 0.05625
0 0.794140625 0.239453125 0.069140625 0.0484375
0 0.859375 0.262109375 0.08125 0.066796875
0 0.8796875 0.31875 0.07421875 0.0515625
0 0.901171875 0.36484375 0.05625 0.0671875
0 0.8671875 0.39609375 0.056640625 0.0484375
0 0.8125 0.386328125 0.06796875 0.05234375
0 0.78203125 0.366015625 0.04375 0.052734375
0 0.74296875 0.35390625 0.04921875 0.07734375
0 0.74609375 0.282421875 0.046875 0.074609375
0 0.79140625 0.294921875 0.0734375 0.04375
0 0.778515625 0.325 0.066796875 0.056640625
0 0.669140625 0.237890625 0.053125 0.06171875
0 0.7109375 0.241015625 0.051171875 0.055078125
0 0.944921875 0.453125 0.0796875 0.050390625
0 0.761328125 0.425 0.0703125 0.065625
0 0.811328125 0.4453125 0.06640625 0.042578125
0 0.736328125 0.4796875 0.06484375 0.066015625
0 0.744921875 0.533984375 0.053125 0.07734375
0 0.783203125 0.5578125 0.04765625 0.07109375
0 0.809375 0.53203125 0.050390625 0.0703125
0 0.78671875 0.4921875 0.043359375 0.079296875
0 0.8265625 0.4875 0.044921875 0.06484375
0 0.94453125 0.62734375 0.060546875 0.065625
0 0.865234375 0.596875 0.04921875 0.074609375
0 0.97265625 0.681640625 0.0546875 0.04921875
0 0.978125 0.7296875 0.043359375 0.04609375
0 0.84296875 0.671484375 0.07265625 0.062890625
0 0.831640625 0.7171875 0.05234375 0.053125
0 0.787890625 0.774609375 0.079296875 0.0484375
0 0.72421875 0.934375 0.051953125 0.0609375
0 0.76484375 0.8765625 0.05546875 0.07890625
0 0.98203125 0.876953125 0.0359375 0.0546875
0 0.9734375 0.8265625 0.053125 0.0765625
0 0.94140625 0.769921875 0.08515625 0.0609375
0 0.93515625 0.835546875 0.06171875 0.053515625
0 0.942578125 0.88125 0.059375 0.05078125
0 0.905859375 0.87265625 0.0359375 0.0640625
0 0.8984375 0.80390625 0.05546875 0.0546875
0 0.849609375 0.803515625 0.061328125 0.058203125
0 0.884765625 0.857421875 0.039453125 0.06640625
0 0.85625 0.89453125 0.068359375 0.0375
0 0.85078125 0.853515625 0.034375 0.076171875
0 0.819921875 0.8640625 0.04140625 0.066015625