0 0.922265625 0.7546875 0.06171875 0.05859375
0 0.787890625 0.810546875 0.05546875 0.0796875
0 0.724609375 0.830078125 0.069921875 0.0640625
0 0.605859375 0.86953125 0.051953125 0.0796875
0 0.65625 0.599609375 0.06640625 0.045703125
0 0.37421875 0.71484375 0.05546875 0.063671875
0 0.34765625 0.49453125 0.0609375 0.073828125
0 0.323046875 0.5453125 0.0640625 0.062890625
0 0.394921875 0.59609375 0.06015625 0.0671875
0 0.109765625 0.5296875 0.06953125 0.06015625
0 0.445703125 0.120703125 0.06484375 0.060546875
0 0.60546875 0.108984375 0.0875 0.053515625
0 0.696484375 0.146484375 0.073046875 0.069140625
0 0.77421875 0.108984375 0.048046875 0.057421875
0 0.805078125 0.15234375 0.057421875 0.0625
0 0.727734375 0.10546875 0.06484375 0.056640625
0 0.7078125 0.255078125 0.084375 0.065625