0 0.989453125 0.829296875 0.020703125 0.05234375
0 0.976953125 0.7015625 0.04609375 0.0484375
0 0.972265625 0.753515625 0.05546875 0.06328125
0 0.884765625 0.71171875 0.073828125 0.0953125
0 0.8015625 0.645703125 0.06640625 0.0734375
0 0.799609375 0.70625 0.06796875 0.0765625
0 0.816796875 0.791796875 0.06015625 0.084375
0 0.76484375 0.83359375 0.078125 0.08984375
0 0.9859375 0.515625 0.028125 0.0671875
0 0.969140625 0.086328125 0.055859375 0.0875
0 0.930859375 0.059375 0.05546875 0.080859375
0 0.890234375 0.076953125 0.054296875 0.071484375
0 0.9296875 0.125 0.095703125 0.062890625
0 0.871484375 0.148828125 0.070703125 0.088671875
0 0.8578125 0.06171875 0.03984375 0.093359375
0 0.855859375 0.1125 0.056640625 0.071875
0 0.77421875 0.080859375 0.054296875 0.091015625
0 0.821484375 0.073828125 0.05 0.0890625
0 0.72734375 0.08203125 0.061328125 0.08125
0 0.79765625 0.155078125 0.065234375 0.090625
0 0.7859375 0.221875 0.070703125 0.06953125
0 0.70234375 0.177734375 0.06171875 0.085546875
0 0.628125 0.208984375 0.078125 0.061328125
0 0.8890625 0.29609375 0.096875 0.073828125
0 0.94375 0.3609375 0.072265625 0.080078125
0 0.75234375 0.407421875 0.0625 0.076171875
0 0.5859375 0.42890625 0.065234375 0.079296875
0 0.619921875 0.070703125 0.04765625 0.0859375
0 0.665625 0.049609375 0.05078125 0.063671875
0 0.654296875 0.100390625 0.053125 0.086328125
0 0.58359375 0.135546875 0.083984375 0.062890625
0 0.58984375 0.0921875 0.071875 0.0546875
0 0.565234375 0.061328125 0.056640625 0.066015625
0 0.51953125 0.10390625 0.058984375 0.070703125
0 0.48671875 0.06640625 0.054296875 0.075390625
0 0.445703125 0.056640625 0.05234375 0.0625
0 0.405078125 0.082421875 0.04921875 0.07421875
0 0.447265625 0.125 0.052734375 0.08515625
0 0.33515625 0.04921875 0.0859375 0.05859375
0 0.321484375 0.101171875 0.0453125 0.094921875
0 0.365234375 0.09765625 0.048828125 0.0796875
0 0.296875 0.076171875 0.0546875 0.072265625
0 0.244140625 0.06875 0.058984375 0.091796875
0 0.301953125 0.169921875 0.07734375 0.06953125
0 0.18828125 0.074609375 0.067578125 0.066015625
0 0.108984375 0.066796875 0.096875 0.06796875
0 0.085546875 0.097265625 0.07265625 0.09453125
0 0.04921875 0.105078125 0.059765625 0.101953125
0 0.2140625 0.125390625 0.0765625 0.06796875
0 0.165625 0.15078125 0.05625 0.0703125
0 0.2203125 0.17421875 0.096484375 0.055859375
0 0.21171875 0.205859375 0.065625 0.06875
0 0.25625 0.25078125 0.080859375 0.055078125
0 0.2640625 0.301171875 0.079296875 0.068359375
0 0.153125 0.197265625 0.065234375 0.05859375
0 0.159765625 0.247265625 0.053515625 0.076171875
0 0.20078125 0.26640625 0.062109375 0.082421875
0 0.398046875 0.3359375 0.05546875 0.084765625
0 0.069140625 0.18203125 0.08046875 0.086328125
0 0.06171875 0.282421875 0.09375 0.069140625
0 0.0390625 0.227734375 0.077734375 0.05625
0 0.02578125 0.2921875 0.0515625 0.0828125
0 0.154296875 0.538671875 0.08359375 0.07265625
0 0.122265625 0.575390625 0.055078125 0.086328125
0 0.43828125 0.525 0.076953125 0.069140625
0 0.375 0.5078125 0.0765625 0.0640625
0 0.347265625 0.528515625 0.059375 0.06796875
0 0.27109375 0.625390625 0.10390625 0.08671875
0 0.137109375 0.6609375 0.09765625 0.071484375
0 0.53125 0.651953125 0.06875 0.0890625
0 0.239453125 0.812109375 0.065625 0.0859375
0 0.34453125 0.744921875 0.07578125 0.082421875
0 0.301171875 0.793359375 0.069921875 0.06484375
0 0.45703125 0.7515625 0.0484375 0.07890625
0 0.4984375 0.765234375 0.064453125 0.074609375
0 0.41484375 0.77109375 0.04609375 0.068359375
0 0.3703125 0.830859375 0.0578125 0.084765625
0 0.649609375 0.66796875 0.08203125 0.07265625
0 0.623828125 0.787109375 0.075390625 0.06875
0 0.646484375 0.89375 0.06484375 0.05234375
0 0.54921875 0.820703125 0.055859375 0.09453125
0 0.601171875 0.834765625 0.064453125 0.075
0 0.6375 0.83359375 0.049609375 0.058984375
0 0.539453125 0.872265625 0.051953125 0.0796875
0 0.51171875 0.8890625 0.073828125 0.06875
0 0.58828125 0.894921875 0.06171875 0.0515625
0 0.444140625 0.900390625 0.085546875 0.048046875
0 0.502734375 0.803125 0.061328125 0.053125
0 0.413671875 0.828125 0.04296875 0.0703125
0 0.469140625 0.851171875 0.07890625 0.0515625
0 0.456640625 0.79921875 0.047265625 0.0484375