0 0.71796875 0.355859375 0.080859375 0.05078125
0 0.403125 0.32734375 0.055859375 0.0765625
0 0.309375 0.440234375 0.069140625 0.0765625
0 0.5203125 0.46015625 0.0609375 0.083984375
0 0.536328125 0.79453125 0.05859375 0.08125
0 0.7109375 0.878515625 0.06875 0.065625
0 0.857421875 0.78046875 0.062109375 0.079296875
0 0.92578125 0.748046875 0.08125 0.080859375
0 0.31328125 0.851953125 0.06171875 0.070703125
0 0.4734375 0.86953125 0.058203125 0.075390625
0 0.528125 0.858984375 0.0515625 0.075
0 0.255859375 0.891015625 0.073828125 0.062109375
0 0.036328125 0.769140625 0.07265625 0.06015625
0 0.045703125 0.80234375 0.09140625 0.04921875
0 0.195703125 0.808984375 0.092578125 0.06953125
0 0.09765625 0.605859375 0.08125 0.052734375
0 0.063671875 0.6421875 0.099609375 0.064453125
0 0.112109375 0.69453125 0.078125 0.059375