0 0.961328125 0.123828125 0.076953125 0.06015625
0 0.969921875 0.225 0.06015625 0.053125
0 0.80390625 0.125390625 0.0671875 0.10703125
0 0.85546875 0.136328125 0.054296875 0.062109375
0 0.843359375 0.10078125 0.03984375 0.041796875
0 0.6921875 0.11796875 0.073828125 0.05078125
0 0.631640625 0.175 0.06328125 0.080078125
0 0.795703125 0.334375 0.0859375 0.0640625
0 0.765625 0.398828125 0.080859375 0.0671875
0 0.976171875 0.523046875 0.047265625 0.078125
0 0.67421875 0.5375 0.08359375 0.056640625
0 0.633203125 0.74375 0.083203125 0.05390625
0 0.41796875 0.667578125 0.06875 0.08828125
0 0.296484375 0.690625 0.05703125 0.0796875
0 0.151953125 0.801953125 0.081640625 0.066015625
0 0.119140625 0.633984375 0.093359375 0.0671875
0 0.115625 0.416015625 0.087109375 0.055078125
0 0.137890625 0.312890625 0.0640625 0.08046875
0 0.212890625 0.329296875 0.089453125 0.062890625
0 0.037109375 0.37109375 0.073828125 0.063671875
0 0.1109375 0.463671875 0.1109375 0.0609375