0 0.975390625 0.60859375 0.04921875 0.05625
0 0.965234375 0.694921875 0.06953125 0.071484375
0 0.89921875 0.753515625 0.061328125 0.076953125
0 0.8 0.76328125 0.058984375 0.066796875
0 0.6734375 0.6640625 0.064453125 0.097265625
0 0.959375 0.77265625 0.06484375 0.06953125
0 0.828515625 0.811328125 0.066796875 0.0703125
0 0.894140625 0.82890625 0.077734375 0.07265625
0 0.926171875 0.8125 0.073046875 0.061328125
0 0.9796875 0.80625 0.040234375 0.073046875
0 0.980859375 0.848046875 0.03828125 0.06171875
0 0.9421875 0.866015625 0.062890625 0.0640625
0 0.96484375 0.891796875 0.0703125 0.04921875
0 0.87421875 0.88984375 0.0734375 0.059765625
0 0.88359375 0.86015625 0.06640625 0.066015625
0 0.821484375 0.883203125 0.055078125 0.0859375
0 0.69453125 0.77578125 0.083984375 0.058203125
0 0.645703125 0.803125 0.076953125 0.05390625
0 0.69609375 0.8359375 0.047265625 0.06953125
0 0.73515625 0.81015625 0.046875 0.072265625
0 0.768359375 0.8203125 0.053515625 0.0671875
0 0.798046875 0.8890625 0.037109375 0.057421875
0 0.652734375 0.84765625 0.058984375 0.053125
0 0.66328125 0.893359375 0.056640625 0.048828125
0 0.703515625 0.891015625 0.04609375 0.045703125
0 0.733203125 0.86796875 0.0546875 0.044921875
0 0.75546875 0.887109375 0.056640625 0.0609375
0 0.31015625 0.874609375 0.0625 0.08671875
0 0.408203125 0.8375 0.060546875 0.091796875
0 0.45234375 0.822265625 0.0515625 0.08515625
0 0.484765625 0.803125 0.058203125 0.087109375
0 0.5375 0.803515625 0.071875 0.059765625
0 0.57890625 0.83046875 0.06640625 0.073828125
0 0.566015625 0.8875 0.057421875 0.075390625
0 0.59140625 0.876953125 0.04609375 0.075390625
0 0.625 0.88203125 0.04375 0.082421875
0 0.39453125 0.880859375 0.07109375 0.078515625
0 0.44296875 0.883203125 0.0484375 0.065625
0 0.493359375 0.850390625 0.055859375 0.0609375
0 0.5296875 0.8859375 0.051171875 0.0671875
0 0.48671875 0.8953125 0.05 0.04921875
0 0.783203125 0.449609375 0.06796875 0.094140625
0 0.581640625 0.391796875 0.070703125 0.07265625
0 0.587890625 0.471484375 0.105078125 0.074609375
0 0.661328125 0.57265625 0.0703125 0.09765625
0 0.162109375 0.4578125 0.0734375 0.10390625
0 0.25078125 0.3296875 0.075390625 0.075
0 0.1875 0.260546875 0.06953125 0.088671875
0 0.42421875 0.26328125 0.086328125 0.074609375
0 0.33203125 0.265234375 0.068359375 0.086328125
0 0.01953125 0.08515625 0.0390625 0.084375
0 0.04609375 0.08359375 0.06953125 0.087109375
0 0.0828125 0.05859375 0.095703125 0.059765625
0 0.097265625 0.103125 0.06640625 0.0578125
0 0.1296875 0.151953125 0.0671875 0.0890625
0 0.17109375 0.066015625 0.055859375 0.08203125
0 0.218359375 0.0671875 0.055859375 0.075390625
0 0.27734375 0.06171875 0.05 0.058203125
0 0.318359375 0.055078125 0.06015625 0.056640625
0 0.38125 0.05859375 0.063671875 0.059765625
0 0.23984375 0.098828125 0.07265625 0.05703125
0 0.328125 0.159375 0.062109375 0.074609375
0 0.206640625 0.137890625 0.0625 0.08828125
0 0.2484375 0.17734375 0.0609375 0.08125
0 0.27265625 0.136328125 0.059375 0.06484375
0 0.2953125 0.088671875 0.040234375 0.061328125
0 0.3328125 0.1 0.049609375 0.063671875
0 0.37421875 0.0859375 0.04140625 0.04140625
0 0.38125 0.129296875 0.05859375 0.070703125
0 0.42734375 0.099609375 0.059375 0.050390625
0 0.459765625 0.128125 0.07109375 0.05
0 0.412109375 0.155859375 0.066796875 0.05390625
0 0.458984375 0.1875 0.08359375 0.06796875
0 0.455078125 0.0640625 0.081640625 0.06953125
0 0.505859375 0.06796875 0.04921875 0.08046875
0 0.540625 0.072265625 0.045703125 0.077734375
0 0.578125 0.07109375 0.05 0.070703125
0 0.630859375 0.05625 0.055078125 0.083203125
0 0.6765625 0.069140625 0.04609375 0.0703125
0 0.519921875 0.1390625 0.07109375 0.073828125
0 0.571484375 0.140234375 0.047265625 0.091015625
0 0.615625 0.111328125 0.072265625 0.06328125
0 0.537109375 0.190625 0.079296875 0.066796875
0 0.613671875 0.17109375 0.0765625 0.073828125
0 0.640234375 0.20390625 0.064453125 0.0765625
0 0.673828125 0.1265625 0.07421875 0.05859375
0 0.716015625 0.066015625 0.04921875 0.07578125
0 0.729296875 0.123828125 0.0625 0.07890625
0 0.75078125 0.0640625 0.04765625 0.08671875
0 0.78125 0.099609375 0.054296875 0.0875
0 0.86484375 0.052734375 0.03828125 0.068359375
0 0.82109375 0.067578125 0.06875 0.06015625
0 0.76328125 0.2015625 0.06171875 0.077734375
0 0.80859375 0.163671875 0.063671875 0.0828125
0 0.83984375 0.123046875 0.0765625 0.058203125
0 0.883203125 0.08125 0.050390625 0.044921875
0 0.901171875 0.106640625 0.056640625 0.075
0 0.90625 0.0375 0.05 0.06015625
0 0.9546875 0.044140625 0.0640625 0.03046875
0 0.873046875 0.160546875 0.091015625 0.048828125
0 0.9609375 0.171875 0.054296875 0.06953125
0 0.933203125 0.1375 0.06640625 0.064453125
0 0.946484375 0.07734375 0.037109375 0.065625
0 0.97890625 0.06015625 0.041796875 0.05859375
0 0.9765625 0.110546875 0.046875 0.059375
0 0.9859375 0.159765625 0.028125 0.05078125
0 0.90546875 0.21328125 0.05703125 0.099609375
0 0.944921875 0.24296875 0.0703125 0.0875
0 0.982421875 0.219140625 0.03515625 0.062890625
0 0.87421875 0.218359375 0.0828125 0.110546875