0 0.358984375 0.722265625 0.065234375 0.094140625
0 0.634765625 0.85234375 0.059375 0.085546875
0 0.500390625 0.86953125 0.0609375 0.084375
0 0.316015625 0.88125 0.049609375 0.085546875
0 0.35859375 0.88125 0.051171875 0.084375
0 0.39765625 0.8921875 0.0578125 0.066796875
0 0.448828125 0.88046875 0.070703125 0.062109375
0 0.508203125 0.153125 0.07578125 0.070703125
0 0.427734375 0.1046875 0.085546875 0.06875
0 0.2640625 0.20234375 0.076171875 0.08359375
0 0.573828125 0.24296875 0.081640625 0.07109375
0 0.502734375 0.302734375 0.098046875 0.06015625
0 0.5515625 0.334375 0.0609375 0.075390625
0 0.02265625 0.137109375 0.0453125 0.05234375
0 0.02578125 0.186328125 0.0515625 0.0625
0 0.03359375 0.06171875 0.0671875 0.05625
0 0.014453125 0.094921875 0.02890625 0.04609375
0 0.083203125 0.055078125 0.07578125 0.046875
0 0.329296875 0.06484375 0.085546875 0.06875
0 0.30703125 0.11328125 0.059765625 0.0921875
0 0.08984375 0.15546875 0.076953125 0.066015625
0 0.144140625 0.137109375 0.0625 0.084375
0 0.2484375 0.11640625 0.074609375 0.064453125
0 0.065234375 0.12421875 0.0765625 0.0578125
0 0.088671875 0.092578125 0.06484375 0.06640625
0 0.158984375 0.060546875 0.062890625 0.044921875
0 0.1328125 0.087109375 0.056640625 0.0578125
0 0.226953125 0.06328125 0.095703125 0.06328125
0 0.205078125 0.096484375 0.0453125 0.0515625
0 0.724609375 0.7359375 0.0578125 0.0765625
0 0.781640625 0.744140625 0.06484375 0.0859375
0 0.72734375 0.08203125 0.058203125 0.09453125
0 0.821875 0.09296875 0.057421875 0.08359375
0 0.827734375 0.183984375 0.075 0.0765625
0 0.778515625 0.121875 0.058203125 0.086328125
0 0.9765625 0.08046875 0.046875 0.059375
0 0.9859375 0.125 0.028125 0.0359375