0 0.017578125 0.094921875 0.03359375 0.03359375
0 0.011328125 0.130078125 0.02109375 0.04609375
0 0.026171875 0.1171875 0.02421875 0.0453125
0 0.05078125 0.094140625 0.0359375 0.03203125
0 0.041796875 0.141015625 0.02578125 0.04453125
0 0.088671875 0.09609375 0.03515625 0.040625
0 0.119140625 0.096484375 0.04921875 0.04296875
0 0.069140625 0.13203125 0.03828125 0.03125
0 0.10625 0.1328125 0.0578125 0.0515625
0 0.07890625 0.166796875 0.0609375 0.04453125
0 0.147265625 0.184375 0.04140625 0.0671875
0 0.177734375 0.16796875 0.03359375 0.04375
0 0.209375 0.192578125 0.05 0.04140625
0 0.16015625 0.13515625 0.04375 0.0359375
0 0.16171875 0.096875 0.04375 0.0421875
0 0.198046875 0.0984375 0.03984375 0.053125
0 0.230859375 0.093359375 0.03515625 0.05859375
0 0.270703125 0.08984375 0.05234375 0.0359375
0 0.26015625 0.132421875 0.0484375 0.05078125
0 0.20390625 0.137890625 0.0484375 0.04296875
0 0.2265625 0.150390625 0.04375 0.03984375
0 0.25390625 0.18359375 0.046875 0.06875
0 0.294140625 0.120703125 0.03828125 0.04609375
0 0.328125 0.09765625 0.046875 0.0515625
0 0.3453125 0.114453125 0.0375 0.04921875
0 0.376953125 0.09921875 0.03828125 0.053125
0 0.413671875 0.098046875 0.04296875 0.04765625
0 0.373046875 0.135546875 0.04140625 0.04140625
0 0.415234375 0.148046875 0.04609375 0.04921875
0 0.321875 0.151953125 0.0609375 0.03671875
0 0.35390625 0.195703125 0.0828125 0.05390625
0 0.45703125 0.18359375 0.0671875 0.05
0 0.468359375 0.21171875 0.06015625 0.05
0 0.464453125 0.094921875 0.05078125 0.04296875
0 0.4734375 0.13984375 0.04375 0.05
0 0.51171875 0.13515625 0.0375 0.0578125
0 0.525 0.17109375 0.0453125 0.0609375
0 0.56875 0.162109375 0.0421875 0.05703125
0 0.575 0.214453125 0.0671875 0.04453125
0 0.512109375 0.094140625 0.04453125 0.03984375
0 0.547265625 0.098828125 0.05078125 0.04296875
0 0.576953125 0.1046875 0.03828125 0.053125
0 0.601953125 0.12734375 0.03671875 0.0703125
0 0.619921875 0.0890625 0.04609375 0.0390625
0 0.65703125 0.093359375 0.0515625 0.04765625
0 0.634375 0.138671875 0.0390625 0.06796875
0 0.741015625 0.18203125 0.06171875 0.075
0 0.742578125 0.26171875 0.04765625 0.0671875
0 0.767578125 0.238671875 0.08046875 0.05078125
0 0.842578125 0.231640625 0.06484375 0.04765625
0 0.89375 0.266796875 0.05 0.06171875
0 0.939453125 0.241796875 0.04765625 0.04921875
0 0.9125 0.21328125 0.040625 0.0421875
0 0.865625 0.20546875 0.0359375 0.0609375
0 0.828515625 0.175390625 0.04296875 0.06796875
0 0.7921875 0.154296875 0.0421875 0.06484375
0 0.718359375 0.12265625 0.03203125 0.071875
0 0.686328125 0.153125 0.05859375 0.04375
0 0.682421875 0.119140625 0.05546875 0.03828125
0 0.69296875 0.088671875 0.0390625 0.03203125
0 0.728515625 0.08828125 0.06484375 0.0453125
0 0.769140625 0.1125 0.06171875 0.053125
0 0.825 0.10546875 0.034375 0.0625
0 0.844921875 0.13515625 0.03671875 0.0421875
0 0.857421875 0.093359375 0.05703125 0.04765625
0 0.891015625 0.0828125 0.03984375 0.0375
0 0.91796875 0.108984375 0.0390625 0.03828125
0 0.916015625 0.151171875 0.04921875 0.04609375
0 0.877734375 0.13671875 0.03046875 0.0625
0 0.901171875 0.181640625 0.06171875 0.03984375
0 0.98046875 0.088671875 0.0390625 0.04296875
0 0.9875 0.137109375 0.025 0.04765625
0 0.982421875 0.18515625 0.03515625 0.05625
0 0.941796875 0.136328125 0.02734375 0.06171875
0 0.952734375 0.182421875 0.04921875 0.05078125
0 0.518359375 0.263671875 0.04140625 0.06640625
0 0.29140625 0.27265625 0.0765625 0.040625
0 0.2015625 0.26796875 0.0734375 0.0453125
0 0.201171875 0.3 0.06640625 0.040625
0 0.496875 0.345703125 0.053125 0.05546875
0 0.31328125 0.4375 0.065625 0.0453125
0 0.218359375 0.4328125 0.06484375 0.040625
0 0.105859375 0.419921875 0.06640625 0.04140625
0 0.55859375 0.553125 0.0640625 0.040625
0 0.58984375 0.5890625 0.040625 0.0625
0 0.20078125 0.737890625 0.06875 0.04453125
0 0.175390625 0.7921875 0.05703125 0.046875
0 0.065234375 0.8203125 0.04609375 0.06875
0 0.0234375 0.841796875 0.0453125 0.06328125
0 0.0109375 0.945703125 0.01875 0.07421875
0 0.075 0.95703125 0.05 0.0703125
0 0.111328125 0.951953125 0.04140625 0.07109375
0 0.25546875 0.969921875 0.0796875 0.05546875
0 0.26171875 0.791015625 0.065625 0.05390625
0 0.30390625 0.862109375 0.0640625 0.07890625
0 0.319140625 0.80546875 0.04921875 0.0625
0 0.36796875 0.81640625 0.0578125 0.04375
0 0.363671875 0.85703125 0.05546875 0.040625
0 0.37265625 0.892578125 0.046875 0.03828125
0 0.4125 0.831640625 0.0484375 0.05390625
0 0.440625 0.808984375 0.0578125 0.03984375
0 0.47734375 0.76953125 0.0640625 0.0453125
0 0.5203125 0.796484375 0.040625 0.04765625
0 0.4609375 0.83203125 0.053125 0.0484375
0 0.43046875 0.8609375 0.034375 0.0390625
0 0.405859375 0.8828125 0.03359375 0.0515625
0 0.438671875 0.88828125 0.03671875 0.0375
0 0.46328125 0.868359375 0.03125 0.04921875
0 0.496875 0.879296875 0.0359375 0.05078125
0 0.49921875 0.830859375 0.0359375 0.05078125
0 0.536328125 0.831640625 0.03984375 0.04453125
0 0.527734375 0.8765625 0.03046875 0.05625
0 0.557421875 0.851953125 0.03359375 0.04296875
0 0.558984375 0.887890625 0.04296875 0.03671875
0 0.5890625 0.8453125 0.03125 0.0515625
0 0.648046875 0.807421875 0.05078125 0.04765625
0 0.627734375 0.848046875 0.03671875 0.05703125
0 0.60546875 0.88828125 0.0515625 0.0421875
0 0.659765625 0.867578125 0.03203125 0.03984375
0 0.69375 0.89453125 0.071875 0.04375
0 0.646484375 0.887890625 0.04765625 0.04453125
0 0.771484375 0.773046875 0.06640625 0.05078125
0 0.765234375 0.811328125 0.06953125 0.03828125
0 0.805078125 0.815625 0.06015625 0.059765625
0 0.86171875 0.819921875 0.0640625 0.05546875
0 0.755859375 0.846484375 0.05078125 0.03671875
0 0.75703125 0.890625 0.0625 0.0484375
0 0.8109375 0.886328125 0.071875 0.05078125
0 0.846875 0.879296875 0.0390625 0.05078125
0 0.922265625 0.88359375 0.06171875 0.05625
0 0.965625 0.87890625 0.0640625 0.0484375
0 0.989453125 0.8296875 0.01953125 0.05
0 0.718359375 0.95625 0.06796875 0.0390625
0 0.833984375 0.95625 0.04765625 0.0734375
0 0.866796875 0.952734375 0.03046875 0.06484375
0 0.9015625 0.966796875 0.05 0.04140625