0 0.016015625 0.101171875 0.03203125 0.07890625
0 0.03671875 0.116015625 0.0515625 0.091796875
0 0.0234375 0.71875 0.046875 0.079296875
0 0.360546875 0.76484375 0.0703125 0.082421875
0 0.415625 0.843359375 0.055078125 0.095703125
0 0.517578125 0.8515625 0.053125 0.081640625
0 0.58671875 0.7796875 0.090234375 0.06875
0 0.63125 0.740234375 0.07734375 0.08671875
0 0.569921875 0.8875 0.089453125 0.069140625
0 0.7265625 0.63984375 0.069921875 0.087890625
0 0.926953125 0.747265625 0.090625 0.066015625
0 0.884375 0.800390625 0.084375 0.084765625
0 0.903125 0.880859375 0.071875 0.080078125