0 0.933984375 0.77890625 0.081640625 0.059765625
0 0.942578125 0.82421875 0.0828125 0.05703125
0 0.9046875 0.8375 0.081640625 0.0625
0 0.9734375 0.0671875 0.053125 0.0671875
0 0.88671875 0.075390625 0.094140625 0.073828125
0 0.95546875 0.110546875 0.06953125 0.0734375
0 0.984375 0.1359375 0.030859375 0.071484375
0 0.660546875 0.87109375 0.06796875 0.06484375
0 0.609375 0.834765625 0.0609375 0.080859375
0 0.56953125 0.859765625 0.0578125 0.090625
0 0.52578125 0.845703125 0.062109375 0.07265625
0 0.526171875 0.888671875 0.06796875 0.06953125
0 0.373828125 0.7390625 0.08671875 0.065234375
0 0.204296875 0.7984375 0.08203125 0.06484375
0 0.44765625 0.8546875 0.07578125 0.071484375
0 0.356640625 0.833984375 0.0875 0.066015625
0 0.384765625 0.892578125 0.09375 0.059765625
0 0.167578125 0.64921875 0.060546875 0.09140625
0 0.078125 0.2453125 0.0640625 0.087890625
0 0.128125 0.259765625 0.062890625 0.09609375