0 0.0421875 0.091015625 0.084375 0.06015625
0 0.06953125 0.19453125 0.096484375 0.06328125
0 0.0953125 0.244921875 0.06875 0.08984375
0 0.33828125 0.1796875 0.073046875 0.09453125
0 0.39765625 0.255859375 0.0953125 0.074609375
0 0.48828125 0.278125 0.0921875 0.067578125
0 0.45 0.37734375 0.06953125 0.0875
0 0.215234375 0.49375 0.08359375 0.066796875
0 0.223828125 0.6515625 0.065625 0.085546875
0 0.198828125 0.750390625 0.066796875 0.0921875
0 0.344921875 0.6625 0.08828125 0.0609375
0 0.436328125 0.70546875 0.058984375 0.08828125
0 0.230078125 0.816796875 0.073046875 0.0953125
0 0.34140625 0.88046875 0.08515625 0.06953125
0 0.980078125 0.89609375 0.03984375 0.0640625
0 0.859765625 0.773828125 0.08203125 0.081640625
0 0.795703125 0.807421875 0.094921875 0.090625
0 0.887890625 0.900390625 0.07109375 0.0796875
0 0.84453125 0.891015625 0.062109375 0.07109375
0 0.79375 0.88984375 0.066015625 0.073046875
0 0.626171875 0.791015625 0.068359375 0.080078125
0 0.696875 0.740625 0.07265625 0.053125
0 0.523828125 0.79296875 0.094921875 0.06015625
0 0.573046875 0.88203125 0.069140625 0.06796875
0 0.660546875 0.22734375 0.067578125 0.096484375
0 0.8421875 0.28203125 0.0796875 0.0765625
0 0.942578125 0.44765625 0.101171875 0.06796875
0 0.5765625 0.40703125 0.07109375 0.080078125
0 0.152734375 0.35390625 0.066796875 0.080859375