0 0.990234375 0.360546875 0.01953125 0.07265625
0 0.690234375 0.464453125 0.06328125 0.07734375
0 0.46875 0.46328125 0.06953125 0.06171875
0 0.27890625 0.4109375 0.08828125 0.063671875
0 0.13125 0.36328125 0.05703125 0.07890625
0 0.567578125 0.6828125 0.055859375 0.084375
0 0.01953125 0.64765625 0.038671875 0.062890625
0 0.212109375 0.68671875 0.05234375 0.08359375
0 0.19140625 0.755078125 0.077734375 0.05546875
0 0.34140625 0.87890625 0.073046875 0.058203125
0 0.478125 0.83359375 0.0703125 0.0609375
0 0.5734375 0.880078125 0.085546875 0.06015625