0 0.9484375 0.830859375 0.096484375 0.072265625
0 0.7671875 0.830078125 0.06875 0.080078125
0 0.56953125 0.72109375 0.07734375 0.078125
0 0.50546875 0.81640625 0.0890625 0.06640625
0 0.66328125 0.7109375 0.076953125 0.06171875
0 0.7140625 0.6578125 0.0515625 0.07890625
0 0.681640625 0.53125 0.073046875 0.05703125
0 0.723828125 0.550390625 0.075 0.0546875
0 0.7109375 0.590625 0.066015625 0.051171875
0 0.75625 0.5875 0.05234375 0.07578125
0 0.22421875 0.839453125 0.066015625 0.085546875
0 0.0203125 0.5859375 0.040625 0.081640625
0 0.0609375 0.508203125 0.0796875 0.058984375
0 0.05234375 0.547265625 0.080078125 0.062109375
0 0.05078125 0.151171875 0.08984375 0.074609375
0 0.266796875 0.178515625 0.0640625 0.08828125
0 0.485546875 0.076171875 0.0734375 0.071484375
0 0.334375 0.084375 0.085546875 0.071875
0 0.96484375 0.083203125 0.0703125 0.068359375
0 0.88984375 0.067578125 0.089453125 0.07734375
0 0.88671875 0.1296875 0.09375 0.068359375
0 0.610546875 0.10234375 0.06328125 0.080859375
0 0.680859375 0.09140625 0.07578125 0.070703125
0 0.79609375 0.14375 0.07109375 0.079296875
0 0.8421875 0.1953125 0.07578125 0.080078125
0 0.99296875 0.1421875 0.013671875 0.05
0 0.641015625 0.240625 0.060546875 0.0859375
0 0.55859375 0.24453125 0.08046875 0.067578125