0 0.292578125 0.112890625 0.064453125 0.0796875
0 0.676171875 0.08203125 0.065234375 0.048046875
0 0.69453125 0.209765625 0.05234375 0.072265625
0 0.8078125 0.177734375 0.05390625 0.0796875
0 0.6484375 0.32421875 0.06953125 0.0609375
0 0.644921875 0.5671875 0.0515625 0.075390625
0 0.75078125 0.79453125 0.062890625 0.06484375
0 0.982421875 0.8578125 0.03515625 0.05625
0 0.462890625 0.65390625 0.05234375 0.08203125
0 0.1984375 0.80234375 0.0515625 0.0625
0 0.25 0.634765625 0.0703125 0.051953125
0 0.2171875 0.69375 0.056640625 0.046484375
0 0.22109375 0.65859375 0.056640625 0.044921875
0 0.282421875 0.66171875 0.055078125 0.073828125
0 0.258984375 0.68671875 0.0453125 0.048828125
0 0.176953125 0.8234375 0.061328125 0.0609375
0 0.201953125 0.865625 0.064453125 0.045703125