0 0.012109375 0.22109375 0.02421875 0.0546875
0 0.034375 0.153515625 0.054296875 0.1
0 0.08125 0.167578125 0.076953125 0.087890625
0 0.424609375 0.153515625 0.087890625 0.07734375
0 0.525390625 0.180859375 0.084765625 0.07109375
0 0.8484375 0.0859375 0.087109375 0.06875
0 0.460546875 0.51875 0.054296875 0.083203125
0 0.198046875 0.655859375 0.079296875 0.05390625
0 0.252734375 0.73203125 0.08359375 0.059375
0 0.33046875 0.823046875 0.046484375 0.081640625
0 0.369921875 0.814453125 0.05546875 0.07890625
0 0.39453125 0.769140625 0.07578125 0.059375
0 0.43515625 0.73984375 0.087109375 0.067578125
0 0.49140625 0.768359375 0.05703125 0.0796875
0 0.444140625 0.797265625 0.076953125 0.04453125
0 0.440625 0.833203125 0.071484375 0.06015625
0 0.394921875 0.837890625 0.051171875 0.06796875
0 0.41484375 0.87578125 0.05 0.083203125
0 0.456640625 0.8875 0.071875 0.063671875
0 0.480859375 0.822265625 0.05625 0.07578125
0 0.525 0.800390625 0.052734375 0.080078125
0 0.57265625 0.828125 0.059765625 0.0859375
0 0.520703125 0.863671875 0.092578125 0.06328125
0 0.65 0.727734375 0.08203125 0.06796875
0 0.72265625 0.676171875 0.06328125 0.058984375
0 0.71484375 0.742578125 0.079296875 0.06328125
0 0.817578125 0.8265625 0.059375 0.083203125
0 0.81328125 0.8828125 0.06640625 0.066796875
0 0.86171875 0.87421875 0.05625 0.080859375
0 0.89296875 0.84921875 0.059375 0.065234375