0 0.420703125 0.83125 0.06171875 0.087890625
0 0.530078125 0.862109375 0.065625 0.075
0 0.5859375 0.85234375 0.05703125 0.074609375
0 0.359375 0.907421875 0.080078125 0.06796875
0 0.43359375 0.9 0.080859375 0.058984375
0 0.498828125 0.898046875 0.04765625 0.0515625
0 0.47890625 0.9046875 0.037890625 0.05390625
0 0.374609375 0.655078125 0.087890625 0.0625
0 0.50859375 0.717578125 0.066796875 0.071875
0 0.377734375 0.096484375 0.08671875 0.069140625
0 0.7078125 0.215234375 0.078125 0.073046875
0 0.65703125 0.35546875 0.087109375 0.061328125
0 0.164453125 0.39296875 0.06328125 0.076953125
0 0.30390625 0.336328125 0.07109375 0.068359375
0 0.97109375 0.134765625 0.0578125 0.069140625
0 0.925390625 0.18125 0.0890625 0.066015625
0 0.98046875 0.438671875 0.0390625 0.06484375
0 0.8078125 0.532421875 0.085546875 0.06328125
0 0.9015625 0.758203125 0.08984375 0.0671875
0 0.874609375 0.880859375 0.069140625 0.044140625