0 0.0140625 0.151953125 0.028125 0.065234375
0 0.0375 0.331640625 0.075 0.065234375
0 0.023046875 0.11640625 0.04609375 0.04375
0 0.0234375 0.0703125 0.046875 0.061328125
0 0.05859375 0.11875 0.072265625 0.070703125
0 0.110546875 0.11171875 0.058203125 0.075390625
0 0.127734375 0.13203125 0.071484375 0.074609375
0 0.13203125 0.0765625 0.049609375 0.06328125
0 0.168359375 0.087109375 0.0515625 0.06328125
0 0.2046875 0.07890625 0.05625 0.064453125
0 0.15859375 0.181640625 0.06953125 0.065234375
0 0.171875 0.133984375 0.067578125 0.089453125
0 0.205859375 0.12890625 0.058984375 0.088671875
0 0.22578125 0.10859375 0.057421875 0.0765625
0 0.262109375 0.071875 0.058984375 0.11953125
0 0.309765625 0.090625 0.052734375 0.087890625
0 0.366015625 0.08671875 0.062109375 0.083203125
0 0.452734375 0.103125 0.066796875 0.074609375
0 0.503515625 0.087109375 0.0609375 0.069140625
0 0.551171875 0.09453125 0.053515625 0.089453125
0 0.5921875 0.080078125 0.054296875 0.071875
0 0.632421875 0.08515625 0.046875 0.09140625
0 0.6640625 0.08828125 0.048046875 0.088671875
0 0.703515625 0.087109375 0.04609375 0.08203125
0 0.741796875 0.0859375 0.053515625 0.087890625
0 0.778515625 0.091796875 0.053515625 0.08203125
0 0.816796875 0.07421875 0.066796875 0.055078125
0 0.826171875 0.113671875 0.07421875 0.06796875
0 0.866015625 0.075390625 0.062109375 0.079296875
0 0.91640625 0.07890625 0.058984375 0.101953125
0 0.95390625 0.078515625 0.06484375 0.074609375
0 0.9703125 0.141796875 0.059375 0.07265625
0 0.87890625 0.11328125 0.062890625 0.080078125
0 0.74921875 0.150390625 0.0703125 0.064453125
0 0.799609375 0.1546875 0.058203125 0.08203125
0 0.848828125 0.163671875 0.085546875 0.056640625
0 0.871875 0.218359375 0.09375 0.0765625
0 0.9234375 0.257421875 0.076953125 0.073828125
0 0.77265625 0.23125 0.081640625 0.075390625
0 0.6546875 0.2 0.0796875 0.08125
0 0.52734375 0.150390625 0.065625 0.073828125
0 0.559375 0.186328125 0.067578125 0.0671875
0 0.6140625 0.2234375 0.062890625 0.083203125
0 0.62265625 0.283984375 0.08359375 0.059765625
0 0.2609375 0.1546875 0.05625 0.078515625
0 0.2921875 0.225 0.058984375 0.09140625
0 0.073046875 0.206640625 0.075 0.075390625
0 0.156640625 0.244140625 0.076953125 0.056640625
0 0.209765625 0.28671875 0.08359375 0.069140625
0 0.159375 0.340234375 0.086328125 0.055859375
0 0.021875 0.3734375 0.04375 0.0703125
0 0.04609375 0.4625 0.091796875 0.070703125
0 0.03359375 0.618359375 0.0671875 0.06953125
0 0.25 0.409765625 0.104296875 0.061328125
0 0.254296875 0.5125 0.091796875 0.060546875
0 0.326171875 0.42734375 0.087109375 0.05859375
0 0.1703125 0.659765625 0.091015625 0.060546875
0 0.333203125 0.648828125 0.09375 0.066015625
0 0.39140625 0.5328125 0.09375 0.0671875
0 0.453125 0.476171875 0.08828125 0.051171875
0 0.596484375 0.3515625 0.0890625 0.059765625
0 0.811328125 0.3609375 0.087109375 0.0671875
0 0.989453125 0.414453125 0.02109375 0.070703125
0 0.9546875 0.453125 0.072265625 0.0578125
0 0.658203125 0.420703125 0.10234375 0.0625
0 0.745703125 0.475390625 0.091015625 0.0578125
0 0.969140625 0.553125 0.06171875 0.08671875
0 0.866796875 0.598828125 0.10234375 0.06796875
0 0.962109375 0.781640625 0.07578125 0.06953125
0 0.964453125 0.841015625 0.07109375 0.06796875
0 0.84140625 0.80390625 0.0703125 0.09140625
0 0.736328125 0.70859375 0.05546875 0.084765625
0 0.720703125 0.621875 0.084375 0.0671875
0 0.6875 0.562890625 0.076171875 0.0671875
0 0.730859375 0.821875 0.076953125 0.0859375
0 0.616015625 0.722265625 0.0703125 0.09140625
0 0.46328125 0.5703125 0.0796875 0.06328125
0 0.44609375 0.663671875 0.087109375 0.05859375
0 0.543359375 0.681640625 0.06015625 0.084765625
0 0.082421875 0.783203125 0.101171875 0.0859375
0 0.06953125 0.8859375 0.065625 0.064453125
0 0.109375 0.9015625 0.049609375 0.050390625
0 0.191796875 0.868359375 0.094921875 0.064453125
0 0.33125 0.884375 0.07890625 0.0625
0 0.273046875 0.790234375 0.06953125 0.075390625
0 0.45390625 0.761328125 0.08359375 0.071875
0 0.46328125 0.826953125 0.109765625 0.064453125
0 0.575390625 0.89375 0.08828125 0.071875
0 0.536328125 0.9140625 0.09296875 0.064453125