0 0.53671875 0.887109375 0.088671875 0.063671875
0 0.933203125 0.64296875 0.0890625 0.07421875
0 0.805078125 0.55546875 0.091015625 0.075
0 0.716796875 0.567578125 0.071484375 0.10390625
0 0.601171875 0.174609375 0.069921875 0.1015625
0 0.575 0.257421875 0.05703125 0.097265625
0 0.5234375 0.305859375 0.0640625 0.07890625
0 0.83125 0.156640625 0.075390625 0.1046875
0 0.016796875 0.23984375 0.03359375 0.094140625
0 0.315625 0.080859375 0.071484375 0.08125
0 0.273828125 0.085546875 0.0671875 0.07734375
0 0.233203125 0.086328125 0.062890625 0.0890625
0 0.19765625 0.087890625 0.062109375 0.0921875
0 0.160546875 0.099609375 0.048828125 0.09375
0 0.126171875 0.05859375 0.06484375 0.036328125
0 0.13046875 0.109765625 0.089453125 0.08046875
0 0.083203125 0.075390625 0.05859375 0.08046875
0 0.04609375 0.079296875 0.07421875 0.08515625
0 0.016796875 0.08203125 0.03359375 0.06796875
0 0.013671875 0.125390625 0.02734375 0.063671875
0 0.05078125 0.13984375 0.069921875 0.0765625
0 0.255078125 0.54765625 0.09609375 0.06640625