0 0.16015625 0.29765625 0.04921875 0.08828125
0 0.2125 0.306640625 0.046875 0.074609375
0 0.24296875 0.33125 0.054296875 0.077734375
0 0.1953125 0.36171875 0.055859375 0.080859375
0 0.45625 0.3609375 0.051171875 0.0703125
0 0.478125 0.32109375 0.036328125 0.075390625
0 0.505859375 0.33515625 0.041796875 0.079296875
0 0.184375 0.76953125 0.058203125 0.066015625
0 0.233984375 0.800390625 0.067578125 0.0828125
0 0.28671875 0.760546875 0.072265625 0.05859375
0 0.334765625 0.72890625 0.04921875 0.06796875
0 0.359375 0.75546875 0.07890625 0.059765625
0 0.490625 0.78671875 0.06484375 0.076171875
0 0.4640625 0.844140625 0.055078125 0.07265625
0 0.675390625 0.857421875 0.08203125 0.05703125