0 0.036328125 0.698828125 0.072265625 0.07109375
0 0.317578125 0.655078125 0.060546875 0.084375
0 0.34296875 0.587109375 0.101953125 0.05390625
0 0.434375 0.457421875 0.075 0.06015625
0 0.42890625 0.803125 0.08046875 0.059375
0 0.506640625 0.6984375 0.076953125 0.07734375
0 0.50703125 0.88046875 0.077734375 0.058203125
0 0.57421875 0.869140625 0.08046875 0.069921875
0 0.6375 0.8546875 0.05703125 0.0953125
0 0.698046875 0.87421875 0.055078125 0.074609375
0 0.806640625 0.86953125 0.083984375 0.069140625
0 0.89609375 0.86953125 0.0859375 0.07109375
0 0.921875 0.726953125 0.08125 0.06015625
0 0.951953125 0.839453125 0.060546875 0.0828125
0 0.970703125 0.885546875 0.058203125 0.075390625
0 0.286328125 0.958203125 0.06171875 0.075