0 0.042578125 0.319921875 0.069140625 0.0609375
0 0.097265625 0.285546875 0.0546875 0.063671875
0 0.0109375 0.55390625 0.021875 0.036328125
0 0.4109375 0.608203125 0.06015625 0.068359375
0 0.506640625 0.634765625 0.050390625 0.086328125
0 0.47734375 0.549609375 0.04609375 0.07890625
0 0.43984375 0.5625 0.05078125 0.073046875
0 0.18203125 0.766796875 0.07265625 0.067578125
0 0.391796875 0.873046875 0.078125 0.064453125
0 0.425 0.900390625 0.04921875 0.05234375
0 0.478515625 0.905859375 0.068359375 0.051171875
0 0.483984375 0.8640625 0.04140625 0.062109375
0 0.419140625 0.852734375 0.057421875 0.0734375
0 0.459375 0.847265625 0.053515625 0.095703125
0 0.530859375 0.843359375 0.053125 0.0640625
0 0.946875 0.713671875 0.055078125 0.094921875