0 0.372265625 0.33125 0.069921875 0.046484375
0 0.451171875 0.575390625 0.071875 0.052734375
0 0.405078125 0.580859375 0.070703125 0.0546875
0 0.32890625 0.544921875 0.04921875 0.07421875
0 0.42109375 0.7296875 0.06171875 0.0671875
0 0.294140625 0.778125 0.050390625 0.081640625
0 0.240625 0.772265625 0.062890625 0.056640625
0 0.889453125 0.64453125 0.069140625 0.0609375
0 0.84921875 0.687890625 0.0734375 0.058984375
0 0.81171875 0.311328125 0.05 0.0734375
0 0.85859375 0.30546875 0.051171875 0.079296875
0 0.620703125 0.4640625 0.066796875 0.054296875