0 0.830859375 0.74296875 0.0703125 0.0828125
0 0.72578125 0.75390625 0.08984375 0.070703125
0 0.61796875 0.658984375 0.066015625 0.083984375
0 0.48984375 0.6953125 0.0625 0.085546875
0 0.53984375 0.691796875 0.0734375 0.06875
0 0.46875 0.77734375 0.06484375 0.079296875
0 0.512109375 0.773828125 0.04609375 0.087109375
0 0.543359375 0.747265625 0.067578125 0.05546875
0 0.5828125 0.71875 0.075390625 0.055078125
0 0.6015625 0.762109375 0.05703125 0.064453125
0 0.66796875 0.779296875 0.078515625 0.0703125
0 0.637890625 0.817578125 0.054296875 0.071484375
0 0.67890625 0.837890625 0.057421875 0.061328125
0 0.5390625 0.82890625 0.07109375 0.06171875
0 0.55859375 0.787890625 0.06875 0.054296875
0 0.444921875 0.88203125 0.087109375 0.06953125
0 0.03203125 0.833203125 0.0640625 0.09140625
0 0.03125 0.7609375 0.062109375 0.070703125
0 0.044921875 0.601171875 0.073046875 0.06953125
0 0.108203125 0.565234375 0.0640625 0.087890625
0 0.283203125 0.571875 0.07265625 0.0890625
0 0.421875 0.602734375 0.072265625 0.093359375
0 0.463671875 0.558203125 0.064453125 0.084765625
0 0.216015625 0.27734375 0.0859375 0.066796875
0 0.340234375 0.27734375 0.069921875 0.090625
0 0.1984375 0.09375 0.078515625 0.08125
0 0.273046875 0.11015625 0.061328125 0.09375
0 0.473046875 0.063671875 0.06015625 0.080859375
0 0.417578125 0.064453125 0.064453125 0.07578125
0 0.39609375 0.087890625 0.069140625 0.080859375
0 0.380859375 0.123046875 0.051953125 0.07734375
0 0.328125 0.0625 0.075 0.063671875
0 0.339453125 0.09921875 0.054296875 0.087109375
0 0.0390625 0.18984375 0.077734375 0.06171875
0 0.061328125 0.084375 0.082421875 0.073046875
0 0.066015625 0.143359375 0.091015625 0.06875
0 0.308984375 0.191015625 0.08671875 0.062890625
0 0.8078125 0.26953125 0.065234375 0.094921875
0 0.91953125 0.3 0.066796875 0.085546875
0 0.915234375 0.09921875 0.065234375 0.0921875
0 0.825390625 0.12421875 0.082421875 0.0734375
0 0.762890625 0.081640625 0.061328125 0.08046875
0 0.728125 0.13515625 0.064453125 0.090234375
0 0.665625 0.094921875 0.061328125 0.091015625
0 0.970703125 0.07578125 0.05859375 0.09375
0 0.98359375 0.11328125 0.0328125 0.071875