0 0.03515625 0.1609375 0.0703125 0.084375
0 0.030078125 0.103125 0.06015625 0.0921875
0 0.057421875 0.08359375 0.07421875 0.06875
0 0.045703125 0.35 0.06953125 0.08671875
0 0.023828125 0.598828125 0.04765625 0.09140625
0 0.140625 0.67109375 0.052734375 0.08046875
0 0.075 0.576171875 0.062890625 0.07578125
0 0.07265625 0.642578125 0.06796875 0.08203125
0 0.118359375 0.581640625 0.0640625 0.076953125
0 0.14921875 0.620703125 0.06328125 0.0734375
0 0.458984375 0.75546875 0.06953125 0.078515625
0 0.8296875 0.7609375 0.07421875 0.08359375
0 0.640234375 0.7859375 0.078515625 0.071484375
0 0.6078125 0.89765625 0.079296875 0.06015625
0 0.644921875 0.6953125 0.07578125 0.076953125
0 0.683984375 0.552734375 0.07109375 0.0859375
0 0.6390625 0.62421875 0.0828125 0.058984375
0 0.43828125 0.455078125 0.07109375 0.06953125
0 0.259765625 0.098828125 0.07734375 0.088671875
0 0.3171875 0.058984375 0.070703125 0.0484375
0 0.38515625 0.07890625 0.060546875 0.078125
0 0.31640625 0.09375 0.06953125 0.0546875
0 0.3171875 0.18984375 0.0609375 0.07734375
0 0.30078125 0.14765625 0.06171875 0.06484375
0 0.351953125 0.12109375 0.05859375 0.0796875
0 0.69140625 0.102734375 0.06953125 0.091796875
0 0.834765625 0.1546875 0.059375 0.083984375
0 0.746875 0.05703125 0.08203125 0.058203125
0 0.78671875 0.07734375 0.061328125 0.05
0 0.74140625 0.125 0.06328125 0.077734375
0 0.801953125 0.128125 0.066796875 0.073828125
0 0.8140625 0.051171875 0.0625 0.044921875
0 0.84921875 0.096484375 0.065625 0.05078125
0 0.909375 0.06015625 0.0640625 0.056640625
0 0.90546875 0.1140625 0.06015625 0.083203125
0 0.958203125 0.09296875 0.059765625 0.056640625
0 0.973828125 0.055078125 0.051953125 0.056640625
0 0.970703125 0.1125 0.05859375 0.06484375
0 0.078125 0.87109375 0.0640625 0.0421875