0 0.16484375 0.21484375 0.0984375 0.066796875
0 0.24375 0.2 0.08828125 0.071875
0 0.330859375 0.315625 0.0796875 0.072265625
0 0.081640625 0.498046875 0.080078125 0.070703125
0 0.555859375 0.48828125 0.069921875 0.081640625
0 0.65078125 0.578515625 0.094140625 0.0625
0 0.31796875 0.885546875 0.068359375 0.067578125
0 0.63828125 0.80234375 0.062890625 0.090625
0 0.49453125 0.780859375 0.069921875 0.059375
0 0.5421875 0.8171875 0.066796875 0.073828125
0 0.63359375 0.864453125 0.0671875 0.08046875
0 0.725 0.871875 0.062109375 0.094921875