0 0.016015625 0.80546875 0.03203125 0.039453125
0 0.395703125 0.7734375 0.062890625 0.0640625
0 0.216015625 0.812890625 0.079296875 0.06328125
0 0.39296875 0.846875 0.077734375 0.060546875
0 0.977734375 0.6859375 0.044140625 0.053515625
0 0.419140625 0.88515625 0.063671875 0.053125
0 0.460546875 0.87421875 0.03828125 0.073046875
0 0.490234375 0.8640625 0.052734375 0.062890625
0 0.511328125 0.896875 0.059765625 0.042578125
0 0.549609375 0.849609375 0.05546875 0.067578125
0 0.53203125 0.86328125 0.055859375 0.044140625
0 0.563671875 0.901171875 0.06171875 0.049609375