0 0.0359375 0.082421875 0.0703125 0.05078125
0 0.31171875 0.062109375 0.0546875 0.07578125
0 0.34140625 0.0484375 0.0359375 0.075
0 0.375390625 0.073046875 0.04609375 0.07890625
0 0.40390625 0.072265625 0.0421875 0.07109375
0 0.473828125 0.051171875 0.05703125 0.06484375
0 0.4484375 0.137890625 0.0703125 0.05703125
0 0.48359375 0.22265625 0.0671875 0.053125
0 0.507421875 0.135546875 0.04609375 0.04140625
0 0.53203125 0.1640625 0.0671875 0.0671875
0 0.065625 0.899609375 0.06875 0.08515625
0 0.12890625 0.85859375 0.0625 0.046875
0 0.464453125 0.8140625 0.05390625 0.0515625
0 0.55 0.82890625 0.0578125 0.0484375
0 0.597265625 0.8359375 0.03984375 0.0640625
0 0.454296875 0.860546875 0.06484375 0.04296875
0 0.46328125 0.89921875 0.053125 0.034375
0 0.504296875 0.878515625 0.05546875 0.05078125
0 0.9546875 0.88984375 0.053125 0.0625