0 0.084375 0.083203125 0.05859375 0.043359375
0 0.118359375 0.072265625 0.03125 0.06796875
0 0.1578125 0.074609375 0.050390625 0.039453125
0 0.161328125 0.1203125 0.05078125 0.0578125
0 0.1328125 0.124609375 0.038671875 0.045703125
0 0.080078125 0.1421875 0.0453125 0.065625
0 0.076171875 0.108203125 0.03359375 0.03203125
0 0.108203125 0.13671875 0.045703125 0.04921875
0 0.090234375 0.18359375 0.051953125 0.03671875
0 0.129296875 0.198828125 0.069921875 0.056640625
0 0.07265625 0.253125 0.081640625 0.051953125
0 0.13828125 0.280859375 0.07265625 0.05703125
0 0.10234375 0.344921875 0.066015625 0.07421875
0 0.087109375 0.3828125 0.045703125 0.053515625
0 0.090625 0.439453125 0.047265625 0.059765625
0 0.0875 0.48671875 0.04453125 0.062109375
0 0.115234375 0.501171875 0.048828125 0.05703125
0 0.101171875 0.534375 0.05 0.04921875
0 0.145703125 0.5390625 0.06484375 0.0625
0 0.123828125 0.66171875 0.05 0.054296875
0 0.07109375 0.687109375 0.06015625 0.06015625
0 0.128515625 0.70234375 0.057421875 0.054296875
0 0.102734375 0.76484375 0.046484375 0.0609375
0 0.1046875 0.798046875 0.08515625 0.04765625
0 0.12109375 0.8796875 0.04921875 0.053515625
0 0.158203125 0.870703125 0.05078125 0.067578125
0 0.136328125 0.827734375 0.06328125 0.065625
0 0.19296875 0.07265625 0.029296875 0.0453125
0 0.225390625 0.06484375 0.04609375 0.038671875
0 0.26796875 0.062109375 0.038671875 0.03359375
0 0.3 0.08203125 0.059765625 0.0625
0 0.27265625 0.105859375 0.038671875 0.0640625
0 0.251171875 0.101171875 0.037109375 0.052734375
0 0.212890625 0.110546875 0.052734375 0.028125
0 0.221875 0.092578125 0.03359375 0.028125
0 0.483984375 0.29453125 0.075390625 0.0734375