0 0.09609375 0.1015625 0.037890625 0.061328125
0 0.121484375 0.10234375 0.0375 0.06640625
0 0.1453125 0.095703125 0.039453125 0.0625
0 0.1015625 0.135546875 0.041796875 0.05234375
0 0.201953125 0.103125 0.041796875 0.04921875
0 0.22265625 0.067578125 0.0546875 0.033203125
0 0.2484375 0.126953125 0.03671875 0.04375
0 0.283984375 0.11796875 0.05625 0.046484375
0 0.316796875 0.0703125 0.03984375 0.04296875
0 0.31796875 0.105859375 0.043359375 0.047265625
0 0.278515625 0.0609375 0.055078125 0.04296875
0 0.096875 0.17265625 0.04609375 0.04765625
0 0.096484375 0.19921875 0.048828125 0.03515625
0 0.08359375 0.23359375 0.04140625 0.045703125
0 0.144921875 0.234375 0.07578125 0.037890625
0 0.121875 0.223046875 0.04453125 0.05
0 0.133203125 0.271484375 0.046875 0.046484375
0 0.178125 0.305078125 0.0765625 0.05078125
0 0.23515625 0.3328125 0.068359375 0.080078125
0 0.271875 0.298046875 0.063671875 0.06640625
0 0.3109375 0.274609375 0.064453125 0.07734375
0 0.3796875 0.296484375 0.0734375 0.05546875
0 0.442578125 0.315234375 0.05546875 0.06484375
0 0.471875 0.33515625 0.068359375 0.0546875
0 0.158984375 0.363671875 0.073046875 0.069140625
0 0.1421875 0.3375 0.049609375 0.04765625
0 0.07890625 0.32421875 0.03203125 0.05078125
0 0.112109375 0.326953125 0.0578125 0.051171875
0 0.098046875 0.296484375 0.066015625 0.038671875
0 0.086328125 0.272265625 0.051171875 0.04453125
0 0.13359375 0.178515625 0.046484375 0.066015625
0 0.175390625 0.18828125 0.059375 0.059765625
0 0.220703125 0.166796875 0.066796875 0.054296875
0 0.2703125 0.2046875 0.0578125 0.06484375
0 0.3296875 0.20859375 0.0578125 0.079296875
0 0.28515625 0.1734375 0.056640625 0.055859375
0 0.344921875 0.16796875 0.043359375 0.0625
0 0.381640625 0.16953125 0.0453125 0.057421875
0 0.42265625 0.171484375 0.064453125 0.05546875
0 0.45 0.20625 0.052734375 0.0640625
0 0.491015625 0.24375 0.044921875 0.072265625
0 0.528125 0.2390625 0.049609375 0.072265625
0 0.62109375 0.20859375 0.053125 0.073828125
0 0.653515625 0.174609375 0.05546875 0.06796875
0 0.60078125 0.17421875 0.06171875 0.06015625
0 0.588671875 0.078515625 0.047265625 0.08828125
0 0.608203125 0.06796875 0.0453125 0.057421875
0 0.651171875 0.07578125 0.042578125 0.06953125
0 0.53359375 0.113671875 0.045703125 0.059375
0 0.54296875 0.057421875 0.048828125 0.045703125
0 0.5625 0.094921875 0.04296875 0.059765625
0 0.487109375 0.058203125 0.06171875 0.046875
0 0.41875 0.066796875 0.059765625 0.050390625
0 0.469140625 0.094140625 0.04140625 0.065234375
0 0.502734375 0.1 0.045703125 0.06796875
0 0.456640625 0.137109375 0.055859375 0.051953125
0 0.40390625 0.12890625 0.05703125 0.038671875
0 0.354296875 0.129296875 0.059765625 0.046875
0 0.348046875 0.080078125 0.044140625 0.0625
0 0.379296875 0.075390625 0.03984375 0.0671875
0 0.419140625 0.101171875 0.046484375 0.039453125
0 0.43046875 0.459375 0.0796875 0.065234375
0 0.633203125 0.622265625 0.055078125 0.079296875
0 0.3984375 0.61171875 0.077734375 0.065234375
0 0.285546875 0.67421875 0.066796875 0.06015625
0 0.256640625 0.503515625 0.062109375 0.0640625
0 0.233203125 0.540234375 0.070703125 0.055859375
0 0.212109375 0.567578125 0.066796875 0.062109375
0 0.1890625 0.406640625 0.052734375 0.06484375
0 0.1109375 0.367578125 0.03984375 0.06875
0 0.07890625 0.36171875 0.03828125 0.0515625
0 0.080078125 0.396484375 0.04296875 0.0421875
0 0.111328125 0.4296875 0.091015625 0.05234375
0 0.069140625 0.452734375 0.062109375 0.044140625
0 0.111328125 0.508984375 0.074609375 0.05390625
0 0.089453125 0.4859375 0.041015625 0.048046875
0 0.110546875 0.47109375 0.059765625 0.055859375
0 0.151953125 0.46328125 0.07421875 0.07421875
0 0.1984375 0.5015625 0.0546875 0.081640625
0 0.077734375 0.537109375 0.041796875 0.06484375
0 0.105078125 0.5515625 0.033203125 0.05703125
0 0.14140625 0.54921875 0.055859375 0.06953125
0 0.087890625 0.592578125 0.034375 0.0578125
0 0.175390625 0.594921875 0.0828125 0.048828125
0 0.154296875 0.568359375 0.058203125 0.041796875
0 0.09765625 0.620703125 0.04609375 0.048828125
0 0.1734375 0.6265625 0.082421875 0.042578125
0 0.131640625 0.622265625 0.041796875 0.06796875
0 0.0875 0.67421875 0.04921875 0.04375
0 0.086328125 0.643359375 0.048046875 0.03203125
0 0.092578125 0.707421875 0.058984375 0.053515625
0 0.130078125 0.708203125 0.0640625 0.035546875
0 0.149609375 0.68359375 0.069921875 0.039453125
0 0.112890625 0.66640625 0.04296875 0.037109375
0 0.165625 0.651953125 0.061328125 0.036328125
0 0.216015625 0.7140625 0.0546875 0.076171875
0 0.57265625 0.705859375 0.090625 0.066015625
0 0.247265625 0.89921875 0.084765625 0.046875
0 0.26171875 0.84296875 0.051171875 0.062890625
0 0.196484375 0.78828125 0.061328125 0.065625
0 0.159375 0.75703125 0.06171875 0.044921875
0 0.162109375 0.88671875 0.053515625 0.047265625
0 0.140234375 0.87421875 0.04296875 0.05703125
0 0.112890625 0.8765625 0.03359375 0.041796875
0 0.112890625 0.8375 0.055859375 0.047265625
0 0.126171875 0.74765625 0.046875 0.0453125
0 0.0984375 0.744140625 0.0375 0.04453125
0 0.091015625 0.7796875 0.037890625 0.055078125
0 0.152734375 0.794140625 0.054296875 0.033984375
0 0.11875 0.795703125 0.040625 0.06484375
0 0.662109375 0.873828125 0.0765625 0.052734375
0 0.68984375 0.906640625 0.08046875 0.047265625
0 0.8671875 0.824609375 0.06953125 0.061328125
0 0.83046875 0.755859375 0.062109375 0.066796875
0 0.894140625 0.596484375 0.07578125 0.05546875
0 0.862890625 0.355859375 0.073828125 0.059375
0 0.65234375 0.430078125 0.085546875 0.059375
0 0.85078125 0.170703125 0.05234375 0.071875
0 0.71796875 0.14140625 0.06640625 0.0828125
0 0.684375 0.06796875 0.05546875 0.065625
0 0.696484375 0.1 0.048828125 0.07109375
0 0.7265625 0.07421875 0.04296875 0.06953125
0 0.75078125 0.065625 0.042578125 0.066015625
0 0.792578125 0.077734375 0.05703125 0.079296875
0 0.824609375 0.08125 0.045703125 0.0890625
0 0.859765625 0.10703125 0.05625 0.0609375
0 0.86484375 0.06171875 0.06875 0.046875
0 0.91015625 0.170703125 0.06328125 0.06875
0 0.967578125 0.18046875 0.06484375 0.059375
0 0.96875 0.15078125 0.0625 0.0546875
0 0.940234375 0.1453125 0.045703125 0.071484375
0 0.9015625 0.114453125 0.046484375 0.069140625
0 0.921875 0.0625 0.053515625 0.060546875
0 0.975390625 0.092578125 0.04921875 0.07734375
0 0.959765625 0.05 0.03984375 0.037109375
0 0.98984375 0.05703125 0.0203125 0.0375