0 0.877734375 0.80390625 0.083984375 0.07578125
0 0.891796875 0.514453125 0.0515625 0.078515625
0 0.7828125 0.66953125 0.076171875 0.078125
0 0.705859375 0.49296875 0.061328125 0.081640625
0 0.599609375 0.651953125 0.0609375 0.071875
0 0.559375 0.713671875 0.09765625 0.060546875
0 0.54296875 0.5453125 0.0609375 0.073828125
0 0.365625 0.76796875 0.080859375 0.096875
0 0.31015625 0.62265625 0.068359375 0.07578125
0 0.36484375 0.593359375 0.071875 0.0703125
0 0.39296875 0.52890625 0.097265625 0.075390625
0 0.521484375 0.475 0.076953125 0.0703125
0 0.72578125 0.3515625 0.083984375 0.0484375
0 0.654296875 0.358984375 0.0671875 0.06328125
0 0.80234375 0.215234375 0.05625 0.095703125
0 0.971875 0.08359375 0.05625 0.0734375
0 0.843359375 0.060546875 0.073828125 0.057421875
0 0.891015625 0.11015625 0.05234375 0.066796875
0 0.8625 0.115625 0.063671875 0.070703125
0 0.92890625 0.140234375 0.04140625 0.064453125
0 0.960546875 0.163671875 0.068359375 0.0546875
0 0.975 0.13125 0.049609375 0.048046875
0 0.93828125 0.214453125 0.04765625 0.073046875
0 0.640625 0.265234375 0.051953125 0.083203125
0 0.623046875 0.087890625 0.068359375 0.075
0 0.685546875 0.080078125 0.07734375 0.069921875
0 0.72265625 0.094140625 0.03203125 0.075
0 0.786328125 0.080859375 0.065234375 0.055078125
0 0.758203125 0.1015625 0.0734375 0.10390625
0 0.84375 0.14609375 0.046875 0.05625
0 0.873828125 0.175 0.051171875 0.071875
0 0.89375 0.19765625 0.060546875 0.053515625
0 0.099609375 0.104296875 0.030859375 0.0734375
0 0.174609375 0.098046875 0.038671875 0.071875
0 0.20390625 0.106640625 0.039453125 0.084375
0 0.2 0.065234375 0.049609375 0.025390625
0 0.4296875 0.068359375 0.0796875 0.05625
0 0.4921875 0.08203125 0.0578125 0.070703125
0 0.44296875 0.123828125 0.071875 0.063671875
0 0.38828125 0.140625 0.05546875 0.0640625
0 0.444140625 0.18203125 0.0625 0.078515625
0 0.135546875 0.1046875 0.0390625 0.078515625
0 0.12734375 0.093359375 0.041796875 0.061328125
0 0.16171875 0.146484375 0.05625 0.06328125
0 0.14765625 0.184765625 0.077734375 0.0484375
0 0.237890625 0.24375 0.035546875 0.065625
0 0.275 0.22734375 0.067578125 0.079296875
0 0.240625 0.112890625 0.044921875 0.080078125
0 0.25390625 0.068359375 0.06484375 0.043359375
0 0.308984375 0.133203125 0.080859375 0.0578125
0 0.12890625 0.234375 0.0796875 0.055078125
0 0.104296875 0.2828125 0.05390625 0.05546875
0 0.151171875 0.389453125 0.08515625 0.066796875
0 0.329296875 0.375390625 0.0703125 0.06484375
0 0.085546875 0.416015625 0.0546875 0.0546875
0 0.133203125 0.437109375 0.0765625 0.051171875
0 0.086328125 0.4640625 0.05625 0.049609375
0 0.10546875 0.50234375 0.058203125 0.05078125
0 0.150390625 0.529296875 0.0796875 0.07109375
0 0.115234375 0.526171875 0.04765625 0.0546875
0 0.0984375 0.559375 0.058984375 0.049609375
0 0.0875 0.600390625 0.051171875 0.036328125
0 0.13359375 0.6109375 0.055078125 0.069140625
0 0.2359375 0.584375 0.102734375 0.073046875
0 0.183984375 0.5921875 0.0671875 0.047265625
0 0.246484375 0.6640625 0.058984375 0.08203125
0 0.141796875 0.678515625 0.058984375 0.061328125
0 0.287109375 0.74140625 0.100390625 0.072265625
0 0.08984375 0.6265625 0.050390625 0.037109375
0 0.098828125 0.685546875 0.059375 0.036328125
0 0.097265625 0.659375 0.04921875 0.027734375
0 0.07734375 0.737109375 0.058203125 0.048046875
0 0.115625 0.74375 0.061328125 0.03671875
0 0.131640625 0.7109375 0.0609375 0.041015625
0 0.166796875 0.725 0.062109375 0.041015625
0 0.212109375 0.7375 0.066015625 0.071484375
0 0.187890625 0.771484375 0.055859375 0.035546875
0 0.1265625 0.779296875 0.094140625 0.06171875
0 0.09609375 0.8015625 0.0671875 0.03046875
0 0.11328125 0.823046875 0.07109375 0.03359375
0 0.1796875 0.851171875 0.06875 0.059375
0 0.259765625 0.807421875 0.094921875 0.064453125
0 0.226171875 0.825 0.05 0.051171875
0 0.312890625 0.871484375 0.059375 0.077734375
0 0.265625 0.889453125 0.055078125 0.0703125
0 0.205078125 0.890625 0.06328125 0.0515625
0 0.151171875 0.8890625 0.059765625 0.040234375
0 0.1046875 0.887890625 0.055859375 0.03515625
0 0.09296875 0.851953125 0.062109375 0.041015625
0 0.142578125 0.844140625 0.04921875 0.06171875
0 0.96484375 0.83828125 0.05234375 0.066015625
0 0.966015625 0.9078125 0.06796875 0.05546875
0 0.73125 0.843359375 0.062890625 0.068359375
0 0.7625 0.90859375 0.08046875 0.062109375
0 0.486328125 0.901171875 0.078515625 0.0515625
0 0.51328125 0.77578125 0.065234375 0.075
0 0.57890625 0.241796875 0.07265625 0.05234375
0 0.265625 0.459375 0.06015625 0.076953125