0 0.05703125 0.11796875 0.0859375 0.0609375
0 0.1625 0.11171875 0.08125 0.0796875
0 0.24609375 0.14453125 0.0640625 0.0546875
0 0.19453125 0.19921875 0.0640625 0.0796875
0 0.10546875 0.2109375 0.0609375 0.059375
0 0.034375 0.2453125 0.06875 0.06875
0 0.0109375 0.1890625 0.021875 0.046875
0 0.00859375 0.3328125 0.0171875 0.059375
0 0.09453125 0.3859375 0.0765625 0.053125
0 0.04609375 0.4671875 0.0921875 0.05
0 0.23671875 0.43359375 0.0859375 0.0515625
0 0.40546875 0.09921875 0.0953125 0.0578125
0 0.6078125 0.178125 0.053125 0.071875
0 0.64453125 0.2234375 0.0546875 0.06875
0 0.9671875 0.0828125 0.065625 0.05625
0 0.81015625 0.2828125 0.0578125 0.071875
0 0.9140625 0.2859375 0.075 0.059375
0 0.9296875 0.346875 0.084375 0.053125
0 0.99453125 0.3765625 0.0109375 0.03125
0 0.9109375 0.45390625 0.0875 0.0671875
0 0.71015625 0.38046875 0.0734375 0.0453125
0 0.596875 0.484375 0.046875 0.075
0 0.596875 0.58203125 0.04375 0.0671875
0 0.67109375 0.5921875 0.0546875 0.078125
0 0.740625 0.6328125 0.053125 0.06875
0 0.809375 0.61640625 0.053125 0.0859375
0 0.90234375 0.5625 0.0640625 0.071875
0 0.96953125 0.86171875 0.0609375 0.0328125
0 0.91640625 0.86953125 0.0359375 0.0203125
0 0.6015625 0.753125 0.046875 0.06875
0 0.59296875 0.671875 0.0546875 0.071875
0 0.15703125 0.61484375 0.0453125 0.0765625
0 0.1046875 0.61953125 0.05 0.0703125
0 0.08828125 0.6828125 0.0671875 0.059375
0 0.06328125 0.71328125 0.0734375 0.0578125
0 0.34765625 0.81953125 0.0578125 0.0734375
0 0.453125 0.8875 0.0625 0.05625
0 0.3109375 0.90234375 0.040625 0.0765625
0 0.2625 0.8625 0.04375 0.034375
0 0.20625 0.8625 0.065625 0.03125
0 0.70390625 0.878125 0.0515625 0.053125