0 0.767578125 0.871875 0.058984375 0.0953125
0 0.77890625 0.666796875 0.0625 0.05859375
0 0.71328125 0.771875 0.05625 0.087109375
0 0.8390625 0.735546875 0.07578125 0.057421875
0 0.86171875 0.812109375 0.0703125 0.078125
0 0.6609375 0.8109375 0.053515625 0.083203125
0 0.575390625 0.848046875 0.048828125 0.0859375
0 0.420703125 0.621484375 0.04921875 0.078515625
0 0.445703125 0.72265625 0.0703125 0.0578125
0 0.367578125 0.787109375 0.07421875 0.065234375
0 0.391796875 0.858984375 0.0703125 0.059765625
0 0.523828125 0.8578125 0.053515625 0.07734375
0 0.847265625 0.575 0.069921875 0.06875
0 0.08671875 0.627734375 0.076171875 0.07890625
0 0.0875 0.7578125 0.089453125 0.05859375
0 0.1171875 0.79609375 0.0953125 0.0734375
0 0.2046875 0.359765625 0.06640625 0.069140625
0 0.319921875 0.331640625 0.078125 0.05390625
0 0.4375 0.381640625 0.08046875 0.050390625
0 0.51484375 0.40625 0.063671875 0.063671875
0 0.243359375 0.442578125 0.0703125 0.071484375
0 0.12578125 0.231640625 0.06796875 0.0734375
0 0.3296875 0.2171875 0.06796875 0.075
0 0.50859375 0.144921875 0.059375 0.078515625
0 0.41171875 0.161328125 0.069140625 0.06015625
0 0.374609375 0.193359375 0.077734375 0.055859375
0 0.34453125 0.15859375 0.075390625 0.0484375
0 0.228125 0.141796875 0.09140625 0.05625
0 0.141015625 0.125 0.06484375 0.05703125
0 0.055078125 0.196484375 0.05859375 0.08828125
0 0.0515625 0.13984375 0.064453125 0.05859375
0 0.95390625 0.232421875 0.080859375 0.064453125
0 0.846484375 0.33828125 0.065625 0.07421875
0 0.795703125 0.21171875 0.079296875 0.055859375