0 0.80234375 0.25234375 0.062890625 0.08203125
0 0.8421875 0.219921875 0.062109375 0.08671875
0 0.72109375 0.172265625 0.07109375 0.06875
0 0.9328125 0.07578125 0.04453125 0.0625
0 0.890625 0.082421875 0.055859375 0.085546875
0 0.019140625 0.121484375 0.037890625 0.068359375
0 0.03359375 0.081640625 0.065234375 0.06015625
0 0.054296875 0.136328125 0.066015625 0.06953125
0 0.084765625 0.10859375 0.058984375 0.101953125
0 0.12578125 0.078125 0.060546875 0.05546875
0 0.19375 0.0984375 0.06875 0.09609375
0 0.14375 0.1125 0.06953125 0.057421875
0 0.24921875 0.081640625 0.0609375 0.058203125
0 0.301953125 0.071875 0.0578125 0.051171875
0 0.246484375 0.134375 0.0484375 0.0875
0 0.292578125 0.1234375 0.063671875 0.071484375
0 0.347265625 0.1046875 0.05625 0.06875
0 0.302734375 0.1625 0.066015625 0.070703125
0 0.350390625 0.169921875 0.069140625 0.087890625
0 0.38515625 0.18125 0.0640625 0.075
0 0.287109375 0.221875 0.083984375 0.061328125
0 0.228515625 0.26171875 0.08515625 0.076953125
0 0.04375 0.25703125 0.075 0.088671875
0 0.1125 0.255078125 0.08046875 0.08046875
0 0.33125 0.28046875 0.0625 0.080078125
0 0.427734375 0.27265625 0.065234375 0.086328125
0 0.235546875 0.37578125 0.073828125 0.069921875
0 0.335546875 0.410546875 0.05390625 0.077734375
0 0.2015625 0.61796875 0.068359375 0.08359375
0 0.091015625 0.876171875 0.066796875 0.03671875
0 0.5921875 0.860546875 0.085546875 0.083984375
0 0.939453125 0.77578125 0.10703125 0.066796875
0 0.966796875 0.640625 0.06640625 0.083984375
0 0.6140625 0.64140625 0.059765625 0.094921875
0 0.795703125 0.46640625 0.07734375 0.0859375
0 0.850390625 0.441015625 0.073828125 0.062109375
0 0.5453125 0.31640625 0.084765625 0.08125
0 0.554296875 0.2171875 0.059765625 0.09296875
0 0.973046875 0.071484375 0.053515625 0.07734375
0 0.862109375 0.163671875 0.061328125 0.085546875
0 0.973046875 0.180859375 0.053515625 0.091796875
0 0.526953125 0.094140625 0.05234375 0.101953125
0 0.558984375 0.1359375 0.065625 0.083203125
0 0.572265625 0.0859375 0.053515625 0.061328125
0 0.6171875 0.091796875 0.05234375 0.07578125
0 0.62421875 0.13359375 0.066015625 0.06484375
0 0.664453125 0.1484375 0.062109375 0.08046875
0 0.6578125 0.0796875 0.040625 0.060546875
0 0.693359375 0.084765625 0.0546875 0.07265625
0 0.73515625 0.071875 0.049609375 0.04453125
0 0.784765625 0.069140625 0.04296875 0.045703125
0 0.725 0.10859375 0.065625 0.04375
0 0.764453125 0.12109375 0.058203125 0.060546875
0 0.804296875 0.089453125 0.04140625 0.055859375
0 0.7953125 0.153125 0.062109375 0.0625
0 0.8375 0.115234375 0.0515625 0.039453125
0 0.850390625 0.0703125 0.0671875 0.037890625
0 0.83828125 0.10078125 0.058203125 0.03984375
0 0.917578125 0.17578125 0.06484375 0.04375
0 0.961328125 0.12421875 0.052734375 0.035546875
0 0.908984375 0.129296875 0.05625 0.0453125
0 0.486328125 0.0875 0.062109375 0.068359375
0 0.43984375 0.095703125 0.063671875 0.080078125
0 0.458984375 0.18359375 0.06640625 0.07890625