0 0.055859375 0.79375 0.097265625 0.06484375
0 0.175 0.851171875 0.05 0.0765625
0 0.228125 0.7390625 0.048046875 0.082421875
0 0.087890625 0.653515625 0.079296875 0.055859375
0 0.040625 0.587890625 0.0765625 0.05
0 0.40390625 0.790234375 0.07890625 0.062890625
0 0.330859375 0.878515625 0.0484375 0.078125
0 0.3765625 0.859375 0.04140625 0.07578125
0 0.418359375 0.874609375 0.04296875 0.068359375
0 0.457421875 0.877734375 0.0515625 0.071484375
0 0.49296875 0.870703125 0.0453125 0.076171875
0 0.540625 0.88203125 0.05546875 0.060546875
0 0.553515625 0.84765625 0.074609375 0.044140625
0 0.58984375 0.875 0.0546875 0.06875
0 0.621875 0.871875 0.044140625 0.076953125
0 0.562890625 0.807421875 0.080078125 0.05859375
0 0.606640625 0.77265625 0.052734375 0.075
0 0.7703125 0.83125 0.066015625 0.073046875
0 0.822265625 0.798046875 0.0625 0.0703125
0 0.881640625 0.753515625 0.094921875 0.05234375
0 0.9328125 0.87109375 0.065234375 0.0515625
0 0.96796875 0.858984375 0.0484375 0.0875
0 0.988671875 0.8765625 0.02265625 0.071875
0 0.982421875 0.76171875 0.03515625 0.0609375
0 0.171484375 0.4140625 0.066796875 0.08828125
0 0.47734375 0.512109375 0.081640625 0.053125
0 0.49296875 0.476171875 0.0671875 0.059765625
0 0.444921875 0.3328125 0.071875 0.077734375
0 0.645703125 0.312109375 0.05078125 0.078515625
0 0.762890625 0.4859375 0.07109375 0.060546875
0 0.866796875 0.43984375 0.07890625 0.05234375
0 0.80546875 0.39140625 0.06171875 0.06484375
0 0.946875 0.31328125 0.0765625 0.060546875
0 0.98125 0.266796875 0.0375 0.05625
0 0.836328125 0.208203125 0.076171875 0.05390625
0 0.776171875 0.2203125 0.0578125 0.0921875
0 0.461328125 0.1359375 0.071484375 0.0578125
0 0.35546875 0.14296875 0.048046875 0.070703125
0 0.2125 0.182421875 0.057421875 0.086328125
0 0.016015625 0.1125 0.03203125 0.079296875
0 0.054296875 0.108203125 0.063671875 0.06640625