0 0.445703125 0.770703125 0.078125 0.080078125
0 0.48359375 0.85859375 0.076953125 0.057421875
0 0.3703125 0.662109375 0.07421875 0.052734375
0 0.396484375 0.6921875 0.087890625 0.052734375
0 0.125390625 0.24921875 0.07109375 0.062109375
0 0.337109375 0.075 0.08046875 0.078125
0 0.385546875 0.116796875 0.068359375 0.099609375
0 0.040625 0.076953125 0.08125 0.051171875
0 0.136328125 0.0578125 0.055078125 0.08671875
0 0.094921875 0.0703125 0.05390625 0.079296875
0 0.23828125 0.066015625 0.070703125 0.06640625
0 0.25625 0.12578125 0.065625 0.06328125
0 0.200390625 0.096875 0.049609375 0.06953125
0 0.168359375 0.0734375 0.05390625 0.085546875
0 0.04296875 0.11875 0.078515625 0.094140625
0 0.103515625 0.129296875 0.076171875 0.0609375
0 0.15703125 0.146484375 0.091015625 0.069921875
0 0.9875 0.10546875 0.025 0.0640625
0 0.826171875 0.09453125 0.069140625 0.06796875
0 0.706640625 0.130078125 0.062109375 0.09765625
0 0.58203125 0.1 0.053515625 0.082421875
0 0.640625 0.12109375 0.0796875 0.057421875
0 0.671875 0.085546875 0.0484375 0.0609375
0 0.625390625 0.069921875 0.08203125 0.059765625
0 0.48984375 0.075 0.080078125 0.078125
0 0.519140625 0.11328125 0.0515625 0.073828125
0 0.641015625 0.24609375 0.063671875 0.074609375
0 0.961328125 0.1390625 0.05625 0.1015625
0 0.9234375 0.12265625 0.06484375 0.090234375
0 0.886328125 0.111328125 0.05390625 0.08125