0 0.12578125 0.182421875 0.092578125 0.063671875
0 0.288671875 0.225390625 0.070703125 0.067578125
0 0.02265625 0.7359375 0.0453125 0.08984375
0 0.03359375 0.898828125 0.066796875 0.0703125
0 0.324609375 0.84140625 0.06640625 0.055859375
0 0.50703125 0.798046875 0.06796875 0.062109375
0 0.7328125 0.830859375 0.045703125 0.069140625
0 0.596484375 0.846484375 0.065234375 0.05390625
0 0.534765625 0.853515625 0.03828125 0.071484375
0 0.5671875 0.87578125 0.05 0.073828125
0 0.606640625 0.886328125 0.0609375 0.04609375
0 0.387109375 0.83984375 0.069140625 0.059765625
0 0.441796875 0.840234375 0.0453125 0.080859375
0 0.475390625 0.858203125 0.06015625 0.046875
0 0.47265625 0.89921875 0.041015625 0.047265625
0 0.502734375 0.877734375 0.040234375 0.065234375
0 0.5375 0.897265625 0.053515625 0.04296875
0 0.324609375 0.890234375 0.063671875 0.056640625
0 0.3578125 0.8609375 0.044140625 0.068359375
0 0.4140625 0.873828125 0.042578125 0.0671875
0 0.3859375 0.88671875 0.046484375 0.071875
0 0.685546875 0.534375 0.067578125 0.07734375
0 0.90234375 0.5828125 0.0890625 0.0640625