0 0.211328125 0.709375 0.07109375 0.0515625
0 0.26171875 0.816015625 0.056640625 0.059375
0 0.31171875 0.85859375 0.064453125 0.05078125
0 0.34296875 0.886328125 0.076171875 0.06171875
0 0.47734375 0.796484375 0.08984375 0.04609375
0 0.483984375 0.85546875 0.07890625 0.05859375
0 0.452734375 0.896484375 0.07109375 0.048828125
0 0.61484375 0.742578125 0.07109375 0.05
0 0.68046875 0.718359375 0.064453125 0.0578125
0 0.85078125 0.88828125 0.064453125 0.05390625
0 0.890234375 0.846875 0.065625 0.048828125
0 0.96953125 0.8375 0.060546875 0.04765625
0 0.921484375 0.8765625 0.0421875 0.05546875
0 0.96484375 0.8859375 0.05859375 0.0703125
0 0.89921875 0.693359375 0.0859375 0.052734375
0 0.80078125 0.662109375 0.07421875 0.05078125
0 0.762109375 0.611328125 0.0671875 0.0625
0 0.7421875 0.50859375 0.064453125 0.0625
0 0.79921875 0.4671875 0.075390625 0.0578125
0 0.617578125 0.32734375 0.07890625 0.046875
0 0.67890625 0.16484375 0.076171875 0.064453125
0 0.76171875 0.19296875 0.0859375 0.0578125
0 0.746875 0.0546875 0.05859375 0.05859375
0 0.76953125 0.09375 0.068359375 0.060546875
0 0.8328125 0.051171875 0.078125 0.0421875
0 0.837890625 0.08984375 0.068359375 0.05859375
0 0.462890625 0.16015625 0.068359375 0.056640625
0 0.36953125 0.171875 0.04609375 0.07421875
0 0.370703125 0.38359375 0.03984375 0.083984375
0 0.3078125 0.46171875 0.091796875 0.046875
0 0.2265625 0.568359375 0.03515625 0.056640625
0 0.140234375 0.51328125 0.065625 0.05546875
0 0.19765625 0.480078125 0.07109375 0.0515625
0 0.159375 0.43046875 0.078125 0.04296875
0 0.20703125 0.3875 0.0546875 0.076171875
0 0.11171875 0.32890625 0.04609375 0.05859375
0 0.064453125 0.327734375 0.052734375 0.04609375
0 0.066015625 0.294921875 0.07734375 0.046875
0 0.099609375 0.230078125 0.048828125 0.0578125
0 0.11953125 0.25390625 0.0515625 0.060546875
0 0.140625 0.2875 0.064453125 0.04765625
0 0.0484375 0.12421875 0.075 0.06640625
0 0.13203125 0.13203125 0.068359375 0.087890625
0 0.26875 0.20234375 0.064453125 0.0625
0 0.26171875 0.07734375 0.0546875 0.05859375
0 0.330078125 0.076171875 0.0703125 0.060546875
0 0.288671875 0.378125 0.06328125 0.046875