0 0.98046875 0.057421875 0.0390625 0.04921875
0 0.96953125 0.10703125 0.0609375 0.062109375
0 0.95546875 0.07109375 0.0734375 0.0625
0 0.886328125 0.066015625 0.07265625 0.07421875
0 0.8734375 0.1015625 0.066796875 0.078515625
0 0.834765625 0.117578125 0.03984375 0.08046875
0 0.794921875 0.137109375 0.062109375 0.091796875
0 0.808984375 0.0703125 0.062109375 0.0640625
0 0.75078125 0.05078125 0.0953125 0.0953125
0 0.7546875 0.124609375 0.06015625 0.071484375
0 0.70234375 0.1171875 0.05234375 0.071875
0 0.657421875 0.1140625 0.073046875 0.071875
0 0.671875 0.06796875 0.06796875 0.059375
0 0.591015625 0.08671875 0.078125 0.083203125
0 0.509375 0.093359375 0.05703125 0.10078125
0 0.408203125 0.08828125 0.071875 0.0859375
0 0.35 0.1515625 0.08125 0.066796875
0 0.353515625 0.092578125 0.0703125 0.06640625
0 0.2265625 0.1171875 0.082421875 0.0640625
0 0.2703125 0.086328125 0.080859375 0.074609375
0 0.21015625 0.065234375 0.0734375 0.058984375
0 0.162109375 0.083984375 0.081640625 0.069921875
0 0.88515625 0.351171875 0.087890625 0.08203125
0 0.844140625 0.61171875 0.06015625 0.075390625
0 0.80859375 0.580859375 0.0703125 0.090625
0 0.63671875 0.184375 0.09296875 0.071875
0 0.06171875 0.271875 0.084765625 0.076171875
0 0.1046875 0.58046875 0.0578125 0.097265625
0 0.044921875 0.569921875 0.08984375 0.06171875
0 0.921875 0.7453125 0.06875 0.084765625
0 0.731640625 0.88515625 0.070703125 0.056640625
0 0.629296875 0.857421875 0.0765625 0.06171875
0 0.629296875 0.903515625 0.0765625 0.049609375
0 0.576171875 0.87890625 0.0625 0.084375
0 0.5328125 0.8765625 0.063671875 0.090625