0 0.41796875 0.84296875 0.0625 0.0609375
0 0.45859375 0.830078125 0.062890625 0.05546875
0 0.517578125 0.815625 0.080078125 0.073046875
0 0.53359375 0.85703125 0.06015625 0.06484375
0 0.473046875 0.869140625 0.0828125 0.06015625
0 0.43046875 0.891796875 0.08828125 0.0484375
0 0.509765625 0.89609375 0.085546875 0.059765625
0 0.42578125 0.7546875 0.084765625 0.0796875
0 0.560546875 0.689453125 0.065625 0.0890625
0 0.744140625 0.7015625 0.065234375 0.078125
0 0.71875 0.766796875 0.08359375 0.07265625
0 0.33359375 0.690234375 0.076171875 0.06953125
0 0.472265625 0.648828125 0.088671875 0.077734375
0 0.793359375 0.8078125 0.096484375 0.067578125
0 0.84453125 0.866015625 0.087109375 0.069921875
0 0.978125 0.8375 0.04375 0.0796875
0 0.799609375 0.5484375 0.0828125 0.1015625
0 0.9671875 0.50390625 0.065625 0.094140625
0 0.981640625 0.31796875 0.03671875 0.058203125
0 0.907421875 0.306640625 0.08125 0.085546875
0 0.7765625 0.362890625 0.08984375 0.066796875
0 0.030078125 0.465234375 0.059765625 0.06484375
0 0.05234375 0.547265625 0.090625 0.067578125
0 0.23125 0.364453125 0.0703125 0.09453125
0 0.24765625 0.44296875 0.065625 0.082421875
0 0.235546875 0.5046875 0.09140625 0.062109375
0 0.271875 0.545703125 0.064453125 0.092578125
0 0.426953125 0.370703125 0.064453125 0.096875
0 0.398828125 0.266796875 0.080078125 0.084375
0 0.290625 0.19453125 0.070703125 0.08515625
0 0.066015625 0.21484375 0.06328125 0.08125
0 0.121484375 0.202734375 0.075390625 0.070703125
0 0.64453125 0.149609375 0.057421875 0.109765625
0 0.75859375 0.165234375 0.08125 0.10234375
0 0.81953125 0.09609375 0.06875 0.0765625
0 0.8 0.2140625 0.05859375 0.089453125