0 0.689453125 0.76328125 0.0625 0.075
0 0.575 0.748046875 0.086328125 0.06015625
0 0.639453125 0.778125 0.0640625 0.0625
0 0.6 0.807421875 0.0515625 0.071875
0 0.47109375 0.790625 0.0578125 0.07109375
0 0.49609375 0.83125 0.066796875 0.06015625
0 0.51171875 0.869140625 0.07265625 0.05
0 0.411328125 0.86015625 0.0484375 0.078515625
0 0.362890625 0.87109375 0.0640625 0.06484375
0 0.16328125 0.923828125 0.063671875 0.04453125
0 0.0625 0.8421875 0.08359375 0.05546875
0 0.09609375 0.79453125 0.0796875 0.066796875
0 0.0609375 0.7359375 0.088671875 0.056640625
0 0.16484375 0.6046875 0.058203125 0.080859375
0 0.39375 0.529296875 0.062109375 0.0796875
0 0.127734375 0.325390625 0.083203125 0.054296875
0 0.031640625 0.258203125 0.06328125 0.06640625
0 0.103125 0.2546875 0.080078125 0.101171875
0 0.01015625 0.220703125 0.0203125 0.05
0 0.03359375 0.1 0.0546875 0.048046875
0 0.0125 0.1375 0.024609375 0.061328125
0 0.04765625 0.141015625 0.06328125 0.05859375
0 0.113671875 0.10859375 0.046875 0.074609375
0 0.152734375 0.10859375 0.06015625 0.0703125
0 0.194140625 0.120703125 0.05546875 0.0859375
0 0.250390625 0.116015625 0.0546875 0.073046875
0 0.075390625 0.10546875 0.04375 0.0578125
0 0.09375 0.1421875 0.06328125 0.05703125
0 0.08984375 0.18671875 0.0890625 0.05234375
0 0.159765625 0.16640625 0.070703125 0.0515625
0 0.212109375 0.23515625 0.069140625 0.0640625
0 0.17421875 0.226953125 0.055859375 0.0828125
0 0.31875 0.11328125 0.0578125 0.06328125
0 0.35546875 0.138671875 0.05 0.0875
0 0.391015625 0.11796875 0.067578125 0.05703125
0 0.423828125 0.107421875 0.06015625 0.063671875
0 0.40390625 0.171484375 0.0640625 0.058984375
0 0.46171875 0.149609375 0.071875 0.087109375
0 0.546484375 0.10859375 0.04765625 0.07734375
0 0.89375 0.0984375 0.069921875 0.101953125
0 0.807421875 0.105859375 0.054296875 0.062890625
0 0.791796875 0.171484375 0.078125 0.0671875
0 0.767578125 0.111328125 0.049609375 0.07265625
0 0.7359375 0.109765625 0.044921875 0.0703125
0 0.748046875 0.16328125 0.046875 0.073046875
0 0.680078125 0.130859375 0.04921875 0.06796875
0 0.706640625 0.152734375 0.048828125 0.086328125
0 0.69453125 0.096875 0.06328125 0.0390625
0 0.646484375 0.1140625 0.044140625 0.071875
0 0.584765625 0.1078125 0.054296875 0.046875
0 0.6109375 0.128515625 0.0421875 0.08046875
0 0.540625 0.1828125 0.06328125 0.06796875
0 0.512109375 0.140625 0.06796875 0.056640625
0 0.58125 0.153125 0.08046875 0.057421875
0 0.64296875 0.251953125 0.0484375 0.076953125
0 0.752734375 0.28984375 0.059765625 0.066796875
0 0.78671875 0.302734375 0.05078125 0.073046875
0 0.8578125 0.271875 0.09609375 0.054296875
0 0.8 0.226953125 0.052734375 0.0640625
0 0.931640625 0.6234375 0.086328125 0.06015625
0 0.030078125 0.183984375 0.055078125 0.06796875