0 0.369921875 0.593359375 0.058203125 0.081640625
0 0.026171875 0.48671875 0.05234375 0.071875
0 0.04375 0.441015625 0.0875 0.06171875
0 0.23515625 0.49765625 0.06640625 0.069140625
0 0.82265625 0.484375 0.061328125 0.099609375
0 0.285546875 0.78515625 0.071484375 0.071484375
0 0.409765625 0.85 0.075 0.08671875
0 0.554296875 0.899609375 0.060546875 0.0671875
0 0.599609375 0.903515625 0.060546875 0.0703125
0 0.971484375 0.125 0.05703125 0.06875
0 0.9796875 0.0828125 0.040625 0.0484375
0 0.928515625 0.0890625 0.08359375 0.06015625
0 0.92890625 0.14296875 0.086328125 0.078125
0 0.89375 0.1109375 0.083984375 0.064453125
0 0.841015625 0.0734375 0.078515625 0.06015625
0 0.802734375 0.090625 0.057421875 0.055078125
0 0.755859375 0.082421875 0.06171875 0.071484375
0 0.73671875 0.118359375 0.061328125 0.080859375
0 0.793359375 0.145703125 0.06484375 0.067578125
0 0.835546875 0.125 0.05859375 0.06953125
0 0.871484375 0.176171875 0.084375 0.067578125
0 0.820703125 0.246484375 0.08203125 0.075
0 0.65703125 0.096484375 0.04609375 0.06796875
0 0.700390625 0.117578125 0.054296875 0.075390625
0 0.69453125 0.178125 0.098046875 0.073046875
0 0.655078125 0.157421875 0.067578125 0.08046875
0 0.60625 0.141015625 0.051953125 0.084375
0 0.634765625 0.0828125 0.051171875 0.066796875
0 0.605078125 0.09296875 0.05625 0.084765625
0 0.563671875 0.097265625 0.05546875 0.088671875
0 0.52890625 0.124609375 0.05859375 0.069921875
0 0.528515625 0.072265625 0.0625 0.05625
0 0.48515625 0.101171875 0.051953125 0.08984375
0 0.4578125 0.130859375 0.05078125 0.074609375
0 0.41640625 0.115234375 0.043359375 0.070703125
0 0.4296875 0.072265625 0.06640625 0.0546875
0 0.386328125 0.098046875 0.072265625 0.0625
0 0.36484375 0.065234375 0.061328125 0.046875
0 0.412109375 0.18359375 0.058984375 0.07890625
0 0.386328125 0.150390625 0.0546875 0.09453125
0 0.333203125 0.204296875 0.08828125 0.0890625
0 0.2265625 0.248046875 0.05859375 0.084765625
0 0.155078125 0.245703125 0.067578125 0.0875
0 0.31953125 0.067578125 0.061328125 0.0453125
0 0.332421875 0.10703125 0.058984375 0.042578125
0 0.337109375 0.15078125 0.066796875 0.058984375
0 0.25546875 0.204296875 0.080859375 0.073828125
0 0.259375 0.066796875 0.06796875 0.048828125
0 0.28359375 0.103125 0.058984375 0.055859375
0 0.258984375 0.11640625 0.04296875 0.055859375
0 0.29609375 0.14765625 0.05859375 0.0578125
0 0.237109375 0.15234375 0.068359375 0.05
0 0.233203125 0.096484375 0.05390625 0.076953125
0 0.201953125 0.083984375 0.06640625 0.0796875
0 0.199609375 0.13671875 0.048828125 0.07578125
0 0.20625 0.1921875 0.076171875 0.0578125
0 0.145703125 0.17421875 0.081640625 0.056640625
0 0.128125 0.131640625 0.0828125 0.05859375
0 0.1203125 0.081640625 0.06171875 0.06953125
0 0.16640625 0.087890625 0.0453125 0.064453125
0 0.146484375 0.066015625 0.0625 0.05234375
0 0.08359375 0.06328125 0.0828125 0.044921875
0 0.040625 0.071484375 0.08125 0.06328125
0 0.086328125 0.1171875 0.037109375 0.081640625
0 0.04140625 0.121484375 0.0828125 0.07578125
0 0.0609375 0.17734375 0.078515625 0.0703125
0 0.0140625 0.16796875 0.028125 0.063671875
0 0.024609375 0.22578125 0.04921875 0.0734375
0 0.0953125 0.226171875 0.0734375 0.07265625