0 0.80859375 0.277734375 0.08125 0.063671875
0 0.775390625 0.31484375 0.080859375 0.06953125
0 0.803515625 0.4875 0.06796875 0.084375
0 0.94921875 0.660546875 0.089453125 0.078515625
0 0.968359375 0.8578125 0.06328125 0.080859375
0 0.8390625 0.844921875 0.062109375 0.098828125
0 0.890234375 0.87578125 0.069140625 0.048046875
0 0.620703125 0.820703125 0.086328125 0.082421875
0 0.4171875 0.891015625 0.078515625 0.0734375
0 0.078125 0.8640625 0.06484375 0.06875
0 0.117578125 0.77578125 0.091015625 0.058203125
0 0.033984375 0.610546875 0.06796875 0.06953125
0 0.03828125 0.662890625 0.0765625 0.06484375
0 0.469140625 0.482421875 0.087109375 0.056640625