0 0.976171875 0.08203125 0.04765625 0.084375
0 0.7484375 0.208984375 0.069140625 0.067578125
0 0.90390625 0.1875 0.06875 0.081640625
0 0.965234375 0.15 0.06953125 0.057421875
0 0.96640625 0.189453125 0.0671875 0.0640625
0 0.6578125 0.1234375 0.067578125 0.07109375
0 0.625 0.146875 0.07890625 0.068359375
0 0.61328125 0.1890625 0.0765625 0.083984375
0 0.409375 0.227734375 0.061328125 0.075390625
0 0.54921875 0.175390625 0.067578125 0.066015625
0 0.47890625 0.065625 0.055078125 0.06328125
0 0.407421875 0.08125 0.055078125 0.087890625
0 0.43046875 0.051953125 0.055078125 0.076171875
0 0.37265625 0.06328125 0.04296875 0.083984375
0 0.146484375 0.209765625 0.071875 0.0609375
0 0.17890625 0.087109375 0.069921875 0.0703125
0 0.3140625 0.08046875 0.053515625 0.088671875
0 0.275 0.105859375 0.05546875 0.06484375
0 0.2734375 0.059375 0.0609375 0.0578125
0 0.224609375 0.071875 0.06640625 0.06328125
0 0.233203125 0.130078125 0.06015625 0.09609375
0 0.3796875 0.143359375 0.0546875 0.096875
0 0.417578125 0.14609375 0.05390625 0.083984375
0 0.496484375 0.11796875 0.066796875 0.06640625
0 0.53515625 0.12734375 0.069921875 0.04921875
0 0.45546875 0.1453125 0.050390625 0.068359375
0 0.48515625 0.170703125 0.075 0.06015625
0 0.35 0.112109375 0.04765625 0.06796875
0 0.33515625 0.16484375 0.06015625 0.083984375
0 0.196484375 0.160546875 0.061328125 0.084765625
0 0.33671875 0.046875 0.055078125 0.06875
0 0.383203125 0.6984375 0.059375 0.076953125
0 0.398046875 0.884765625 0.079296875 0.071484375
0 0.53203125 0.8171875 0.062109375 0.08671875
0 0.55703125 0.85625 0.053125 0.073046875
0 0.500390625 0.8609375 0.05859375 0.08203125
0 0.4640625 0.891015625 0.07578125 0.066796875
0 0.52890625 0.8921875 0.072265625 0.055859375
0 0.92421875 0.8703125 0.0703125 0.033984375
0 0.990234375 0.77734375 0.019140625 0.051171875
0 0.178125 0.28671875 0.05546875 0.088671875
0 0.220703125 0.2765625 0.055078125 0.076953125