0 0.4703125 0.2953125 0.08359375 0.062109375
0 0.421484375 0.271875 0.0609375 0.0734375
0 0.362109375 0.276171875 0.09296875 0.062890625
0 0.390625 0.318359375 0.069921875 0.081640625
0 0.33984375 0.3609375 0.062109375 0.090234375
0 0.565625 0.3671875 0.05859375 0.08359375
0 0.646484375 0.451953125 0.0703125 0.0703125
0 0.81015625 0.471484375 0.07890625 0.06875
0 0.898828125 0.502734375 0.06328125 0.094140625
0 0.740234375 0.487890625 0.08203125 0.070703125
0 0.808984375 0.5171875 0.07578125 0.069140625
0 0.855078125 0.57109375 0.05390625 0.088671875
0 0.933984375 0.652734375 0.07734375 0.0828125
0 0.96484375 0.723828125 0.0671875 0.083984375
0 0.900390625 0.71171875 0.063671875 0.083203125
0 0.85703125 0.633984375 0.0734375 0.060546875
0 0.867578125 0.680859375 0.05234375 0.0625
0 0.824609375 0.692578125 0.066796875 0.075390625
0 0.784375 0.65625 0.094921875 0.059765625
0 0.79609375 0.751171875 0.0734375 0.077734375
0 0.69921875 0.663671875 0.048046875 0.0875
0 0.76484375 0.62578125 0.09140625 0.048828125
0 0.760546875 0.587890625 0.07890625 0.057421875
0 0.779296875 0.54296875 0.082421875 0.05078125
0 0.705078125 0.551171875 0.08046875 0.0625
0 0.69296875 0.49921875 0.06171875 0.066796875
0 0.653125 0.524609375 0.05546875 0.075
0 0.6046875 0.5125 0.062109375 0.074609375
0 0.5546875 0.501953125 0.059765625 0.078515625
0 0.507421875 0.49609375 0.05625 0.07578125
0 0.557421875 0.53125 0.0890625 0.059765625
0 0.500390625 0.555078125 0.071875 0.0625
0 0.446875 0.535546875 0.052734375 0.079296875
0 0.3765625 0.554296875 0.05625 0.0828125
0 0.31875 0.54765625 0.055859375 0.073828125
0 0.24375 0.501171875 0.059375 0.0859375
0 0.147265625 0.53046875 0.088671875 0.06484375
0 0.10234375 0.528125 0.05 0.082421875
0 0.080078125 0.5015625 0.05859375 0.088671875
0 0.0453125 0.5546875 0.084765625 0.066796875
0 0.705078125 0.740234375 0.062109375 0.080859375
0 0.66796875 0.753515625 0.05390625 0.065234375
0 0.669921875 0.800390625 0.08515625 0.0484375
0 0.626953125 0.76484375 0.087109375 0.06328125
0 0.5671875 0.615625 0.06171875 0.08046875
0 0.516015625 0.616796875 0.053515625 0.076171875
0 0.499609375 0.7375 0.071484375 0.066015625
0 0.540234375 0.80234375 0.0546875 0.086328125
0 0.512890625 0.867578125 0.059765625 0.07578125
0 0.619140625 0.9 0.081640625 0.070703125
0 0.472265625 0.805078125 0.053125 0.073046875
0 0.400390625 0.81875 0.075 0.073828125
0 0.403515625 0.869921875 0.04375 0.044921875
0 0.354296875 0.855859375 0.06328125 0.063671875
0 0.36484375 0.90703125 0.076171875 0.0609375
0 0.431640625 0.896875 0.076171875 0.066015625
0 0.334765625 0.7265625 0.060546875 0.070703125
0 0.293359375 0.764453125 0.059765625 0.078515625
0 0.2140625 0.79921875 0.075390625 0.064453125
0 0.145703125 0.80625 0.082421875 0.053515625
0 0.035546875 0.784765625 0.05703125 0.074609375
0 0.261328125 0.683984375 0.06328125 0.079296875
0 0.242578125 0.64765625 0.06328125 0.061328125
0 0.206640625 0.60625 0.066796875 0.065234375
0 0.116796875 0.615234375 0.066015625 0.075390625
0 0.072265625 0.609765625 0.051171875 0.080859375
0 0.027734375 0.613671875 0.046484375 0.075
0 0.019140625 0.64375 0.03828125 0.053125
0 0.018359375 0.689453125 0.03671875 0.062109375
0 0.02265625 0.7390625 0.0453125 0.047265625
0 0.044140625 0.70703125 0.042578125 0.06640625
0 0.074609375 0.680078125 0.063671875 0.062109375
0 0.126171875 0.66328125 0.05234375 0.064453125
0 0.172265625 0.6671875 0.06171875 0.075390625
0 0.21328125 0.7046875 0.052734375 0.084765625
0 0.171484375 0.726953125 0.080859375 0.0546875
0 0.166796875 0.766796875 0.07578125 0.044921875
0 0.12421875 0.7015625 0.0734375 0.045703125
0 0.08828125 0.742578125 0.0484375 0.074609375
0 0.12109375 0.761328125 0.0578125 0.08203125