0 0.0171875 0.8765625 0.0328125 0.0546875
0 0.023828125 0.823046875 0.04609375 0.05078125
0 0.035546875 0.770703125 0.06953125 0.05390625
0 0.00546875 0.740625 0.009375 0.0203125
0 0.019921875 0.698046875 0.03828125 0.04921875
0 0.078125 0.678515625 0.065625 0.06171875
0 0.094921875 0.882421875 0.11640625 0.06953125
0 0.071484375 0.865625 0.07109375 0.0578125
0 0.209375 0.865234375 0.0609375 0.06953125
0 0.29609375 0.867578125 0.065625 0.06484375
0 0.351953125 0.881640625 0.06484375 0.06015625
0 0.3828125 0.8515625 0.065625 0.0703125
0 0.47734375 0.838671875 0.0515625 0.08359375
0 0.47421875 0.8875 0.065625 0.059375
0 0.520703125 0.897265625 0.03984375 0.05703125
0 0.547265625 0.87890625 0.04140625 0.071875
0 0.55078125 0.75390625 0.0453125 0.0796875
0 0.58984375 0.9 0.0609375 0.05
0 0.586328125 0.850390625 0.04296875 0.06796875
0 0.64140625 0.88359375 0.053125 0.0765625
0 0.44453125 0.721484375 0.0515625 0.07421875
0 0.36640625 0.708203125 0.0578125 0.07734375
0 0.24296875 0.719921875 0.0609375 0.06796875
0 0.60078125 0.76015625 0.046875 0.078125
0 0.652734375 0.783203125 0.05078125 0.05078125
0 0.669140625 0.82734375 0.04921875 0.05625
0 0.675390625 0.863671875 0.05859375 0.05390625
0 0.70703125 0.89375 0.0640625 0.0609375
0 0.7296875 0.86015625 0.03125 0.090625
0 0.69921875 0.780859375 0.071875 0.06171875
0 0.64296875 0.734375 0.065625 0.053125
0 0.616796875 0.608984375 0.05546875 0.06953125
0 0.481640625 0.6171875 0.06015625 0.0640625
0 0.498828125 0.64921875 0.05234375 0.06875
0 0.985546875 0.682421875 0.02890625 0.03828125
0 0.012109375 0.57421875 0.02265625 0.05
0 0.01796875 0.62734375 0.034375 0.06875
0 0.065234375 0.628125 0.07734375 0.05
0 0.197265625 0.5828125 0.06328125 0.0609375
0 0.321875 0.603515625 0.0734375 0.05859375
0 0.50234375 0.494921875 0.06875 0.06953125
0 0.199609375 0.512890625 0.08359375 0.05703125
0 0.784375 0.507421875 0.0609375 0.07265625
0 0.734765625 0.46484375 0.05546875 0.0765625
0 0.7578125 0.39296875 0.0515625 0.0703125
0 0.56796875 0.39453125 0.0859375 0.0453125
0 0.95703125 0.4546875 0.0828125 0.0515625
0 0.9703125 0.517578125 0.04375 0.07265625
0 0.990625 0.538671875 0.015625 0.05234375
0 0.76171875 0.248046875 0.078125 0.05234375
0 0.469140625 0.3671875 0.04921875 0.0828125
0 0.896484375 0.328125 0.06953125 0.053125
0 0.91953125 0.3734375 0.053125 0.0671875
0 0.965625 0.4140625 0.06875 0.05
0 0.98125 0.295703125 0.0375 0.05546875
0 0.904296875 0.239453125 0.05390625 0.07265625
0 0.57109375 0.2328125 0.0703125 0.0546875
0 0.535546875 0.20234375 0.05703125 0.075
0 0.4984375 0.13828125 0.0484375 0.0765625
0 0.573828125 0.09609375 0.08203125 0.05
0 0.613671875 0.121484375 0.05390625 0.05234375
0 0.65703125 0.10625 0.06875 0.0578125
0 0.7 0.12421875 0.059375 0.05625
0 0.72890625 0.139453125 0.053125 0.06171875
0 0.737890625 0.09609375 0.06640625 0.0484375
0 0.781640625 0.10703125 0.03515625 0.0578125
0 0.764453125 0.155078125 0.03359375 0.06796875
0 0.804296875 0.121484375 0.03203125 0.05859375
0 0.82421875 0.15546875 0.0609375 0.0671875
0 0.859765625 0.136328125 0.05078125 0.06796875
0 0.8796875 0.096875 0.075 0.046875
0 0.936328125 0.10859375 0.06953125 0.0578125
0 0.86484375 0.20234375 0.0640625 0.075
0 0.944921875 0.20703125 0.07421875 0.059375
0 0.968359375 0.151953125 0.06328125 0.06484375
0 0.98046875 0.108984375 0.0390625 0.07421875
0 0.981640625 0.219140625 0.03671875 0.06640625
0 0.53515625 0.43515625 0.05625 0.0578125
0 0.55234375 0.480859375 0.096875 0.06484375
0 0.584765625 0.437890625 0.07421875 0.04765625
0 0.227734375 0.408984375 0.05859375 0.07109375
0 0.193359375 0.423828125 0.04921875 0.07890625
0 0.072265625 0.3921875 0.05859375 0.0765625
0 0.368359375 0.153125 0.05234375 0.0765625
0 0.432421875 0.223046875 0.04609375 0.07109375
0 0.466015625 0.20859375 0.03515625 0.0796875
0 0.415625 0.113671875 0.0625 0.06328125
0 0.0640625 0.315625 0.0578125 0.06875
0 0.160546875 0.31640625 0.07890625 0.05625
0 0.195703125 0.262890625 0.06796875 0.06171875
0 0.259765625 0.293359375 0.05859375 0.08046875
0 0.00859375 0.38203125 0.015625 0.0546875
0 0.011328125 0.3171875 0.02109375 0.0703125
0 0.03828125 0.235546875 0.059375 0.06640625
0 0.108203125 0.233984375 0.05546875 0.07578125
0 0.090234375 0.183203125 0.06171875 0.07109375
0 0.0140625 0.126171875 0.0265625 0.05703125
0 0.034765625 0.163671875 0.06171875 0.04765625
0 0.057421875 0.119140625 0.07265625 0.05703125
0 0.1421875 0.1171875 0.0578125 0.0578125
0 0.2296875 0.126953125 0.06875 0.06640625
0 0.30859375 0.116015625 0.08125 0.05859375