0 0.92890625 0.8890625 0.06015625 0.030859375
0 0.384375 0.67890625 0.064453125 0.062890625
0 0.7140625 0.887109375 0.058984375 0.040625
0 0.909375 0.798828125 0.071875 0.068359375
0 0.981640625 0.665625 0.03671875 0.0796875
0 0.875 0.63046875 0.066796875 0.066796875
0 0.841015625 0.147265625 0.063671875 0.058984375
0 0.74765625 0.150390625 0.055078125 0.088671875
0 0.509375 0.095703125 0.08125 0.07734375
0 0.433984375 0.08984375 0.079296875 0.0625
0 0.366015625 0.08671875 0.071875 0.05625
0 0.301171875 0.097265625 0.05390625 0.074609375
0 0.25 0.072265625 0.06640625 0.05703125
0 0.253125 0.11640625 0.08828125 0.063671875
0 0.21484375 0.1546875 0.052734375 0.075
0 0.174609375 0.152734375 0.054296875 0.062109375
0 0.18046875 0.07578125 0.066015625 0.05546875
0 0.145703125 0.19296875 0.080859375 0.057421875