0 0.9875 0.151953125 0.025 0.05546875
0 0.98046875 0.087890625 0.038671875 0.059375
0 0.96796875 0.12421875 0.044140625 0.080078125
0 0.929296875 0.1359375 0.0625 0.0828125
0 0.921875 0.0734375 0.073828125 0.053515625
0 0.73671875 0.08359375 0.074609375 0.071484375
0 0.774609375 0.0875 0.051953125 0.079296875
0 0.809765625 0.140625 0.06328125 0.076953125
0 0.816015625 0.077734375 0.04609375 0.069140625
0 0.85625 0.064453125 0.058984375 0.048828125
0 0.84765625 0.119921875 0.0453125 0.0890625
0 0.880859375 0.11953125 0.04609375 0.08984375
0 0.653125 0.076953125 0.076171875 0.05
0 0.66875 0.13125 0.076171875 0.06796875
0 0.609375 0.11875 0.075390625 0.056640625
0 0.51875 0.07890625 0.057421875 0.0984375
0 0.603515625 0.246875 0.0546875 0.08125
0 0.361328125 0.077734375 0.073828125 0.062109375
0 0.429296875 0.0828125 0.07109375 0.059375
0 0.426953125 0.13203125 0.06953125 0.06796875
0 0.382421875 0.1328125 0.0625 0.08203125
0 0.4328125 0.20546875 0.074609375 0.072265625
0 0.229296875 0.156640625 0.065234375 0.08984375
0 0.36328125 0.3796875 0.0546875 0.08125
0 0.3015625 0.398046875 0.052734375 0.0828125
0 0.69609375 0.68984375 0.066796875 0.062890625
0 0.45234375 0.7734375 0.0703125 0.064453125
0 0.5546875 0.90234375 0.082421875 0.08359375
0 0.52109375 0.87421875 0.052734375 0.069140625
0 0.473828125 0.840234375 0.074609375 0.069921875
0 0.459375 0.899609375 0.080859375 0.069140625
0 0.406640625 0.826953125 0.073828125 0.048828125
0 0.4078125 0.870703125 0.066015625 0.046484375
0 0.401953125 0.919140625 0.073828125 0.045703125
0 0.35390625 0.84609375 0.060546875 0.059375
0 0.3609375 0.89296875 0.0484375 0.087109375
0 0.328125 0.884765625 0.05546875 0.072265625
0 0.31171875 0.920703125 0.071875 0.04375
0 0.295703125 0.853515625 0.051953125 0.07421875
0 0.257421875 0.856640625 0.04609375 0.080078125
0 0.2640625 0.907421875 0.065234375 0.046484375
0 0.22265625 0.88515625 0.04609375 0.075
0 0.199609375 0.818359375 0.08671875 0.055078125
0 0.164453125 0.615234375 0.089453125 0.048828125
0 0.165625 0.663671875 0.091796875 0.063671875
0 0.035546875 0.77421875 0.07109375 0.075
0 0.02109375 0.840625 0.0421875 0.0765625
0 0.0390625 0.86484375 0.0625 0.0671875
0 0.01953125 0.915625 0.0390625 0.059375
0 0.046875 0.90703125 0.051953125 0.059375
0 0.073046875 0.90625 0.036328125 0.0515625
0 0.102734375 0.9 0.0546875 0.076953125
0 0.119140625 0.848046875 0.071875 0.05234375
0 0.16875 0.853515625 0.075390625 0.0515625
0 0.13828125 0.897265625 0.0546875 0.05234375
0 0.184375 0.903125 0.049609375 0.070703125