0 0.050390625 0.07578125 0.04765625 0.0640625
0 0.088671875 0.071875 0.05390625 0.075
0 0.128515625 0.083984375 0.04296875 0.05703125
0 0.141015625 0.123828125 0.05234375 0.04140625
0 0.166796875 0.1828125 0.06328125 0.065625
0 0.160546875 0.06953125 0.03984375 0.059375
0 0.195703125 0.065234375 0.03984375 0.06328125
0 0.23828125 0.072265625 0.040625 0.05546875
0 0.20078125 0.132421875 0.05625 0.05859375
0 0.2484375 0.128125 0.0453125 0.065625
0 0.315234375 0.159765625 0.07734375 0.05390625
0 0.304296875 0.114453125 0.05703125 0.04921875
0 0.3375 0.075 0.046875 0.0609375
0 0.372265625 0.084765625 0.04296875 0.07578125
0 0.432421875 0.0625 0.06484375 0.0578125
0 0.449609375 0.14375 0.08515625 0.0859375
0 0.516796875 0.1375 0.04609375 0.0609375
0 0.528125 0.075 0.05625 0.071875
0 0.57265625 0.084375 0.0328125 0.075
0 0.621484375 0.066796875 0.06171875 0.06640625
0 0.643359375 0.171875 0.05234375 0.08125
0 0.63359375 0.104296875 0.0671875 0.05078125
0 0.691015625 0.13671875 0.06015625 0.0546875
0 0.744140625 0.10625 0.07109375 0.08125
0 0.808984375 0.084375 0.07265625 0.0546875
0 0.832421875 0.164453125 0.08359375 0.05234375
0 0.859765625 0.1328125 0.08203125 0.0515625
0 0.94296875 0.0859375 0.05625 0.0671875
0 0.932421875 0.21171875 0.05703125 0.078125
0 0.975390625 0.22265625 0.04609375 0.065625
0 0.939453125 0.1453125 0.05859375 0.0546875
0 0.6953125 0.071484375 0.0640625 0.07265625
0 0.761328125 0.237890625 0.05234375 0.07578125
0 0.864453125 0.26796875 0.06953125 0.0703125
0 0.7828125 0.455859375 0.0765625 0.04765625
0 0.75234375 0.50859375 0.0703125 0.04375
0 0.834765625 0.6921875 0.05390625 0.0828125
0 0.9671875 0.776171875 0.065625 0.05234375
0 0.021484375 0.2015625 0.04140625 0.05625
0 0.0734375 0.203515625 0.040625 0.06171875
0 0.108984375 0.22578125 0.04609375 0.0671875
0 0.160546875 0.233984375 0.06796875 0.04609375
0 0.2234375 0.278125 0.0609375 0.0609375
0 0.262890625 0.254296875 0.06484375 0.05234375
0 0.291796875 0.205859375 0.04453125 0.04765625
0 0.326953125 0.213671875 0.06796875 0.04296875
0 0.233984375 0.205859375 0.06640625 0.07421875
0 0.01953125 0.291796875 0.0375 0.06484375
0 0.08203125 0.29609375 0.0671875 0.065625
0 0.05390625 0.245703125 0.0546875 0.05703125
0 0.145703125 0.28046875 0.07734375 0.0484375
0 0.17109375 0.344921875 0.0625 0.05703125
0 0.323046875 0.3453125 0.05234375 0.0609375
0 0.406640625 0.475 0.06640625 0.0578125
0 0.216015625 0.510546875 0.06953125 0.04765625
0 0.14375 0.694140625 0.0515625 0.06328125
0 0.309765625 0.794921875 0.05078125 0.06796875
0 0.567578125 0.83046875 0.06953125 0.0625
0 0.615234375 0.851171875 0.04921875 0.06953125
0 0.659375 0.855078125 0.0453125 0.06015625
0 0.70234375 0.86328125 0.0546875 0.059375
0 0.7109375 0.9125 0.0546875 0.0578125
0 0.640234375 0.906640625 0.05859375 0.05234375
0 0.674609375 0.908203125 0.04453125 0.06640625
0 0.852734375 0.898046875 0.04921875 0.07265625
0 0.891796875 0.903515625 0.04453125 0.06484375
0 0.917578125 0.9140625 0.04921875 0.071875
0 0.96015625 0.915234375 0.0515625 0.06796875
0 0.965625 0.8828125 0.0625 0.05625