0 0.009375 0.73359375 0.01875 0.046875
0 0.684375 0.93046875 0.060546875 0.08359375
0 0.940625 0.86796875 0.07109375 0.0734375
0 0.987890625 0.759375 0.023828125 0.038671875
0 0.333203125 0.861328125 0.051953125 0.07421875
0 0.4515625 0.897265625 0.06171875 0.06796875
0 0.430859375 0.85546875 0.06640625 0.059765625
0 0.212890625 0.74375 0.073828125 0.050390625
0 0.342578125 0.745703125 0.082421875 0.04765625
0 0.471875 0.76953125 0.076953125 0.059765625
0 0.473046875 0.730078125 0.071875 0.050390625
0 0.438671875 0.665234375 0.05859375 0.0625
0 0.193359375 0.634765625 0.062109375 0.062890625
0 0.212109375 0.59375 0.065234375 0.06171875
0 0.63828125 0.84140625 0.052734375 0.075390625
0 0.69296875 0.812109375 0.079296875 0.065625
0 0.835546875 0.755078125 0.070703125 0.078125
0 0.70234375 0.691015625 0.082421875 0.0453125
0 0.855859375 0.6515625 0.094921875 0.053125
0 0.52890625 0.635546875 0.0515625 0.06484375
0 0.50546875 0.595703125 0.048046875 0.06875
0 0.57265625 0.5203125 0.076953125 0.0515625
0 0.144140625 0.56171875 0.06015625 0.07890625
0 0.164453125 0.498828125 0.065234375 0.058984375
0 0.86953125 0.52890625 0.072265625 0.05234375
0 0.970703125 0.5375 0.05859375 0.053515625
0 0.979296875 0.49140625 0.04140625 0.058203125
0 0.919921875 0.43828125 0.074609375 0.065625
0 0.800390625 0.902734375 0.062890625 0.06640625