0 0.012890625 0.099609375 0.02421875 0.03671875
0 0.05390625 0.098046875 0.0546875 0.03828125
0 0.045703125 0.158984375 0.05078125 0.07421875
0 0.023046875 0.1890625 0.04453125 0.084375
0 0.043359375 0.271875 0.08515625 0.0609375
0 0.074609375 0.219140625 0.04453125 0.05390625
0 0.12890625 0.204296875 0.0609375 0.06484375
0 0.130078125 0.15625 0.04765625 0.0625
0 0.088671875 0.166796875 0.05546875 0.05078125
0 0.098046875 0.108203125 0.06015625 0.06953125
0 0.1546875 0.096484375 0.0390625 0.04921875
0 0.173828125 0.144921875 0.05703125 0.04921875
0 0.193359375 0.183984375 0.05859375 0.04921875
0 0.233203125 0.21640625 0.05703125 0.053125
0 0.185546875 0.10625 0.04609375 0.065625
0 0.22578125 0.11171875 0.0578125 0.065625
0 0.263671875 0.0921875 0.05703125 0.046875
0 0.28125 0.146484375 0.0546875 0.09453125
0 0.350390625 0.208984375 0.06953125 0.06796875
0 0.31796875 0.26015625 0.04375 0.0625
0 0.33359375 0.141796875 0.0390625 0.06484375
0 0.32578125 0.098046875 0.05625 0.04296875
0 0.3640625 0.12421875 0.0453125 0.0734375
0 0.394921875 0.10078125 0.06484375 0.0546875
0 0.44140625 0.103515625 0.0734375 0.05390625
0 0.404296875 0.1421875 0.05234375 0.0609375
0 0.419921875 0.2 0.05546875 0.06875
0 0.458984375 0.164453125 0.04296875 0.07109375
0 0.476171875 0.23515625 0.05546875 0.06875
0 0.525 0.23671875 0.0671875 0.0609375
0 0.539453125 0.179296875 0.09453125 0.05703125
0 0.536328125 0.133203125 0.06484375 0.06171875
0 0.566015625 0.11171875 0.05234375 0.06875
0 0.602734375 0.123046875 0.03828125 0.08046875
0 0.63203125 0.101953125 0.0421875 0.07109375
0 0.690625 0.1140625 0.0515625 0.0890625
0 0.728515625 0.115234375 0.05546875 0.06328125
0 0.807421875 0.1484375 0.06328125 0.053125
0 0.61015625 0.23671875 0.05625 0.0609375
0 0.6875 0.2140625 0.0421875 0.071875
0 0.744140625 0.2234375 0.05078125 0.0671875
0 0.826953125 0.23515625 0.06953125 0.065625
0 0.906640625 0.2265625 0.05546875 0.0734375
0 0.87578125 0.102734375 0.0734375 0.05234375
0 0.903515625 0.142578125 0.08203125 0.07578125
0 0.95078125 0.1625 0.04375 0.0734375
0 0.871875 0.344140625 0.0765625 0.04765625
0 0.94140625 0.468359375 0.0734375 0.04453125
0 0.7984375 0.40625 0.075 0.0546875
0 0.729296875 0.53671875 0.06953125 0.05625
0 0.519921875 0.51328125 0.06953125 0.0484375
0 0.360546875 0.465625 0.04921875 0.0671875
0 0.315234375 0.50234375 0.06015625 0.0515625
0 0.1625 0.418359375 0.078125 0.04765625
0 0.109765625 0.340234375 0.07109375 0.04765625
0 0.151953125 0.27421875 0.05859375 0.06875
0 0.0453125 0.54296875 0.084375 0.04375
0 0.24921875 0.58046875 0.0859375 0.06875
0 0.033984375 0.64375 0.06640625 0.0453125
0 0.201171875 0.71171875 0.08828125 0.04375
0 0.184375 0.77578125 0.0671875 0.059375
0 0.0796875 0.8015625 0.0546875 0.0640625
0 0.030859375 0.830078125 0.06015625 0.03828125
0 0.029296875 0.898828125 0.05703125 0.06484375
0 0.0734375 0.908203125 0.0671875 0.06328125
0 0.1453125 0.8890625 0.0515625 0.078125
0 0.226953125 0.863671875 0.07734375 0.06015625
0 0.26875 0.901953125 0.0390625 0.07578125
0 0.237890625 0.96640625 0.04609375 0.065625
0 0.175390625 0.976171875 0.06171875 0.04609375
0 0.2796875 0.973828125 0.0578125 0.05078125
0 0.325390625 0.865625 0.07265625 0.0625
0 0.36640625 0.889453125 0.0671875 0.04921875
0 0.398046875 0.853125 0.05546875 0.0578125
0 0.440625 0.841796875 0.0390625 0.07265625
0 0.465234375 0.759765625 0.06953125 0.04765625
0 0.5140625 0.727734375 0.053125 0.06171875
0 0.613671875 0.78203125 0.07265625 0.05625
0 0.6421875 0.819140625 0.0796875 0.03828125
0 0.511328125 0.815234375 0.04140625 0.06953125
0 0.476171875 0.823828125 0.03984375 0.05859375
0 0.4796875 0.89375 0.0390625 0.071875
0 0.514453125 0.883203125 0.03671875 0.06484375
0 0.541015625 0.871875 0.03515625 0.06875
0 0.55703125 0.852734375 0.040625 0.06484375
0 0.5921875 0.844140625 0.0421875 0.06328125
0 0.628125 0.88984375 0.04375 0.0671875
0 0.6703125 0.89296875 0.0546875 0.0390625
0 0.73671875 0.80859375 0.040625 0.0546875
0 0.98671875 0.4125 0.0265625 0.05