0 0.037890625 0.280859375 0.06484375 0.08671875
0 0.017578125 0.094921875 0.03515625 0.09296875
0 0.04296875 0.06640625 0.071875 0.0484375
0 0.034375 0.121484375 0.053125 0.080078125
0 0.06171875 0.153515625 0.0859375 0.0609375
0 0.082421875 0.115625 0.08984375 0.06640625
0 0.10390625 0.074609375 0.076953125 0.057421875
0 0.141796875 0.09921875 0.076171875 0.056640625
0 0.17421875 0.07265625 0.077734375 0.047265625
0 0.250390625 0.074609375 0.087890625 0.056640625
0 0.252734375 0.114453125 0.06640625 0.066015625
0 0.33046875 0.112890625 0.09296875 0.065234375
0 0.30078125 0.171484375 0.0953125 0.075
0 0.269921875 0.199609375 0.071484375 0.06875
0 0.2140625 0.165234375 0.068359375 0.080859375
0 0.16796875 0.149609375 0.05390625 0.087109375
0 0.20390625 0.10390625 0.056640625 0.0734375
0 0.141015625 0.1625 0.059375 0.0984375
0 0.280859375 0.358984375 0.073046875 0.07890625
0 0.24375 0.5234375 0.062890625 0.0859375
0 0.69375 0.43203125 0.094921875 0.059375
0 0.781640625 0.2609375 0.07265625 0.0796875
0 0.97734375 0.13359375 0.044921875 0.058984375
0 0.9859375 0.0796875 0.028125 0.059765625
0 0.96328125 0.07578125 0.06015625 0.06640625
0 0.9015625 0.060546875 0.103125 0.066796875
0 0.90234375 0.15 0.0765625 0.083203125
0 0.941796875 0.124609375 0.073828125 0.06875
0 0.891796875 0.103125 0.0640625 0.06640625
0 0.844140625 0.108984375 0.05625 0.0765625
0 0.845703125 0.18046875 0.083203125 0.067578125
0 0.78125 0.158984375 0.068359375 0.10546875
0 0.79609375 0.109375 0.057421875 0.07265625
0 0.78984375 0.076953125 0.0734375 0.05546875
0 0.74296875 0.115625 0.069921875 0.09140625
0 0.73515625 0.076953125 0.062109375 0.05546875
0 0.687890625 0.08125 0.0734375 0.065234375
0 0.61953125 0.0765625 0.085546875 0.059765625
0 0.652734375 0.096484375 0.059765625 0.063671875
0 0.596484375 0.12578125 0.0578125 0.087890625
0 0.627734375 0.15546875 0.075 0.067578125
0 0.65234375 0.1828125 0.074609375 0.077734375
0 0.684765625 0.12890625 0.070703125 0.06171875
0 0.70546875 0.175390625 0.078125 0.0671875
0 0.558203125 0.1125 0.048828125 0.084765625
0 0.54375 0.140625 0.073046875 0.051953125
0 0.528515625 0.096484375 0.051953125 0.0765625
0 0.496875 0.074609375 0.05546875 0.050390625
0 0.4453125 0.073046875 0.052734375 0.05
0 0.412890625 0.08359375 0.05703125 0.06875
0 0.41171875 0.15859375 0.051953125 0.06953125
0 0.4125 0.108984375 0.0546875 0.058203125
0 0.449609375 0.128125 0.051171875 0.08515625
0 0.486328125 0.11796875 0.045703125 0.069140625
0 0.519140625 0.177734375 0.063671875 0.08984375
0 0.480859375 0.2 0.082421875 0.066015625
0 0.5625 0.208203125 0.05859375 0.085546875
0 0.67890625 0.56953125 0.098046875 0.069921875
0 0.62421875 0.778515625 0.069140625 0.097265625
0 0.394140625 0.90078125 0.084375 0.06484375