0 0.980859375 0.1203125 0.037890625 0.083984375
0 0.950390625 0.12109375 0.048828125 0.071875
0 0.91796875 0.144140625 0.045703125 0.071875
0 0.90390625 0.10703125 0.05390625 0.07578125
0 0.86875 0.10078125 0.0578125 0.05078125
0 0.823046875 0.094140625 0.048046875 0.059375
0 0.841015625 0.134765625 0.070703125 0.0421875
0 0.8546875 0.169921875 0.083203125 0.04765625
0 0.946484375 0.201953125 0.0625 0.05390625
0 0.983984375 0.235546875 0.03203125 0.09296875
0 0.962890625 0.2578125 0.063671875 0.05234375
0 0.905078125 0.205859375 0.06015625 0.052734375
0 0.8609375 0.222265625 0.078125 0.041015625
0 0.8421875 0.2484375 0.0609375 0.05390625
0 0.758984375 0.234375 0.067578125 0.083203125
0 0.78671875 0.248046875 0.072265625 0.050390625
0 0.896875 0.278515625 0.066015625 0.052734375
0 0.83203125 0.31796875 0.06640625 0.051171875
0 0.9328125 0.30703125 0.07890625 0.041796875
0 0.94453125 0.353125 0.072265625 0.060546875
0 0.988671875 0.311328125 0.02265625 0.06796875
0 0.87734375 0.3890625 0.061328125 0.05078125
0 0.85234375 0.4953125 0.0625 0.065234375
0 0.97109375 0.6078125 0.0546875 0.081640625
0 0.937890625 0.659765625 0.06328125 0.065234375
0 0.97578125 0.697265625 0.0484375 0.05546875
0 0.98046875 0.74921875 0.0390625 0.06875
0 0.978125 0.81953125 0.04375 0.107421875
0 0.968359375 0.890625 0.06328125 0.06484375
0 0.909375 0.880859375 0.059375 0.060546875
0 0.88203125 0.72109375 0.07109375 0.05546875
0 0.869921875 0.644140625 0.074609375 0.076171875
0 0.791015625 0.7 0.08984375 0.060546875
0 0.66171875 0.770703125 0.08671875 0.059765625
0 0.520703125 0.703125 0.0765625 0.0546875
0 0.618359375 0.66875 0.087890625 0.0625
0 0.706640625 0.55859375 0.089453125 0.041796875
0 0.799609375 0.58515625 0.060546875 0.0625
0 0.7609375 0.655078125 0.048828125 0.07734375
0 0.605078125 0.61171875 0.096484375 0.046875
0 0.484375 0.55859375 0.08203125 0.0453125
0 0.3453125 0.909765625 0.071484375 0.05859375
0 0.396484375 0.917578125 0.065625 0.0578125
0 0.423828125 0.772265625 0.087890625 0.062890625
0 0.35390625 0.823828125 0.08828125 0.09453125
0 0.276953125 0.85859375 0.055078125 0.070703125
0 0.317578125 0.78046875 0.08515625 0.049609375
0 0.283203125 0.791015625 0.058984375 0.067578125
0 0.24375 0.78203125 0.068359375 0.05078125
0 0.253515625 0.841015625 0.0625 0.05625
0 0.22578125 0.8640625 0.049609375 0.0421875
0 0.227734375 0.821484375 0.059375 0.0484375
0 0.178125 0.8609375 0.066796875 0.045703125
0 0.17734375 0.8703125 0.058203125 0.038671875
0 0.166015625 0.8109375 0.05859375 0.04453125
0 0.193359375 0.798828125 0.046875 0.070703125
0 0.169140625 0.839453125 0.049609375 0.037109375
0 0.173046875 0.7671875 0.059375 0.053125
0 0.190625 0.7421875 0.0515625 0.067578125
0 0.21640625 0.71796875 0.061328125 0.083984375
0 0.172265625 0.6765625 0.06484375 0.046484375
0 0.40390625 0.659765625 0.0765625 0.0625
0 0.366015625 0.68125 0.05703125 0.078125
0 0.23125 0.68125 0.058984375 0.051953125
0 0.214453125 0.680078125 0.050390625 0.0578125
0 0.275 0.7265625 0.058203125 0.0640625
0 0.31484375 0.728515625 0.076953125 0.05078125
0 0.28046875 0.68515625 0.051171875 0.054296875
0 0.320703125 0.6953125 0.066796875 0.063671875
0 0.297265625 0.690234375 0.045703125 0.059765625
0 0.33125 0.652734375 0.079296875 0.039453125
0 0.251953125 0.641796875 0.081640625 0.046875
0 0.1375 0.641796875 0.066796875 0.053515625
0 0.201171875 0.625390625 0.06875 0.053125
0 0.285546875 0.62265625 0.0671875 0.04140625
0 0.337109375 0.6234375 0.09140625 0.068359375
0 0.26875 0.598046875 0.076953125 0.040234375
0 0.27890625 0.562890625 0.052734375 0.051171875
0 0.337109375 0.590234375 0.07421875 0.0421875
0 0.339453125 0.5734375 0.08515625 0.03671875
0 0.326953125 0.539453125 0.119140625 0.0640625
0 0.305078125 0.490625 0.076953125 0.05078125
0 0.240625 0.50546875 0.06484375 0.0578125
0 0.243359375 0.547265625 0.0796875 0.0328125
0 0.223046875 0.57421875 0.056640625 0.0390625
0 0.1890625 0.571875 0.05859375 0.0640625
0 0.151953125 0.596875 0.074609375 0.04453125
0 0.1546875 0.56875 0.070703125 0.03984375
0 0.170703125 0.540234375 0.07890625 0.0390625
0 0.15859375 0.52265625 0.0796875 0.049609375
0 0.14453125 0.508984375 0.062890625 0.06328125
0 0.172265625 0.4609375 0.0625 0.054296875
0 0.15 0.44375 0.052734375 0.06640625
0 0.168359375 0.39921875 0.102734375 0.054296875
0 0.234765625 0.384375 0.083984375 0.04453125
0 0.25 0.41640625 0.07734375 0.051953125
0 0.27734375 0.452734375 0.0921875 0.056640625
0 0.408203125 0.481640625 0.05859375 0.069921875
0 0.37109375 0.446484375 0.05859375 0.0609375
0 0.361328125 0.487109375 0.06640625 0.061328125
0 0.18203125 0.340625 0.06875 0.046875
0 0.158203125 0.373828125 0.06796875 0.040625
0 0.1484375 0.33203125 0.0515625 0.056640625
0 0.17109375 0.302734375 0.070703125 0.0484375
0 0.159765625 0.26796875 0.068359375 0.044140625
0 0.20078125 0.24765625 0.0671875 0.050390625
0 0.15078125 0.226953125 0.048828125 0.049609375
0 0.180859375 0.209375 0.06328125 0.04296875
0 0.1828125 0.167578125 0.05625 0.049609375
0 0.15234375 0.176171875 0.0453125 0.066796875
0 0.183203125 0.131640625 0.07734375 0.053125
0 0.163671875 0.115625 0.03984375 0.057421875
0 0.206640625 0.11015625 0.0484375 0.050390625
0 0.226953125 0.107421875 0.041015625 0.05234375
0 0.25703125 0.1140625 0.05859375 0.0734375
0 0.23125 0.15390625 0.066796875 0.050390625
0 0.27890625 0.17890625 0.06796875 0.0640625
0 0.2421875 0.201171875 0.062109375 0.04921875
0 0.27734375 0.27265625 0.063671875 0.057421875
0 0.304296875 0.097265625 0.069921875 0.043359375
0 0.3234375 0.1375 0.05234375 0.060546875
0 0.3375 0.201171875 0.065234375 0.05703125
0 0.341796875 0.226953125 0.090234375 0.04453125
0 0.3625 0.26796875 0.101953125 0.0671875
0 0.375 0.3203125 0.084375 0.05
0 0.3875 0.372265625 0.07578125 0.0609375
0 0.494921875 0.419921875 0.05859375 0.075
0 0.5453125 0.378515625 0.069921875 0.059765625
0 0.4796875 0.35 0.056640625 0.070703125
0 0.35859375 0.14609375 0.05390625 0.078125
0 0.380859375 0.10625 0.060546875 0.062890625
0 0.434375 0.100390625 0.066015625 0.053125
0 0.458203125 0.14453125 0.05234375 0.073828125
0 0.480078125 0.100390625 0.054296875 0.0625
0 0.51796875 0.097265625 0.06796875 0.05859375
0 0.518359375 0.129296875 0.065625 0.05703125
0 0.50546875 0.191015625 0.076171875 0.090625
0 0.51640625 0.165625 0.067578125 0.05703125
0 0.500390625 0.229296875 0.0703125 0.05546875
0 0.462890625 0.250390625 0.06328125 0.0640625
0 0.40390625 0.16015625 0.068359375 0.0578125
0 0.408203125 0.202734375 0.071484375 0.105859375
0 0.502734375 0.2703125 0.0578125 0.071484375
0 0.534765625 0.329296875 0.065234375 0.06953125
0 0.601171875 0.34296875 0.062109375 0.05625
0 0.556640625 0.28046875 0.07109375 0.070703125
0 0.611328125 0.252734375 0.074609375 0.06015625
0 0.58125 0.19375 0.07734375 0.0484375
0 0.585546875 0.15390625 0.073046875 0.051953125
0 0.562109375 0.14140625 0.047265625 0.06328125
0 0.593359375 0.128515625 0.05703125 0.042578125
0 0.57109375 0.0890625 0.059375 0.048046875
0 0.628515625 0.09296875 0.0546875 0.0515625
0 0.63671875 0.128125 0.055078125 0.056640625
0 0.646875 0.162890625 0.071484375 0.05234375
0 0.6828125 0.190234375 0.0625 0.046484375
0 0.649609375 0.216796875 0.055078125 0.053515625
0 0.672265625 0.09140625 0.044140625 0.057421875
0 0.68203125 0.143359375 0.0515625 0.044140625
0 0.720703125 0.13828125 0.044140625 0.06015625
0 0.752734375 0.130859375 0.04765625 0.0484375
0 0.787109375 0.15234375 0.062890625 0.062890625
0 0.704296875 0.08984375 0.044921875 0.055078125
0 0.72890625 0.09140625 0.0421875 0.0625
0 0.76484375 0.09296875 0.04609375 0.0578125
0 0.791796875 0.10546875 0.045703125 0.0734375
0 0.687890625 0.27578125 0.062890625 0.051953125
0 0.67265625 0.3484375 0.059375 0.0796875
0 0.732421875 0.341015625 0.054296875 0.075
0 0.76171875 0.390234375 0.0640625 0.062890625