0 0.081640625 0.865234375 0.092578125 0.03984375
0 0.3515625 0.7375 0.05703125 0.066796875
0 0.212890625 0.573828125 0.080859375 0.0625
0 0.458203125 0.772265625 0.06171875 0.06328125
0 0.54609375 0.759375 0.05859375 0.083203125
0 0.527734375 0.8796875 0.08515625 0.06640625
0 0.7109375 0.890234375 0.05546875 0.08125
0 0.76796875 0.86328125 0.06484375 0.066015625
0 0.797265625 0.90859375 0.075390625 0.05625
0 0.02109375 0.204296875 0.041796875 0.07265625
0 0.061328125 0.172265625 0.075 0.065234375
0 0.190234375 0.2390625 0.06875 0.05390625
0 0.17265625 0.18828125 0.05390625 0.064453125
0 0.122265625 0.19375 0.04921875 0.0734375
0 0.01640625 0.069140625 0.0328125 0.044140625
0 0.021875 0.11796875 0.04375 0.07578125
0 0.078125 0.12421875 0.058984375 0.06640625
0 0.0515625 0.083984375 0.04609375 0.082421875
0 0.09921875 0.075 0.0765625 0.05625
0 0.146875 0.08515625 0.069140625 0.059375
0 0.147265625 0.134375 0.0875 0.0546875
0 0.2015625 0.1046875 0.057421875 0.0734375
0 0.234765625 0.084765625 0.06484375 0.06640625
0 0.325 0.090625 0.0640625 0.078515625
0 0.4046875 0.083984375 0.05859375 0.07421875
0 0.411328125 0.1359375 0.076171875 0.055859375
0 0.329296875 0.130078125 0.083984375 0.057421875
0 0.25703125 0.188671875 0.05546875 0.07421875
0 0.3046875 0.212890625 0.04609375 0.07265625
0 0.31171875 0.167578125 0.059765625 0.049609375
0 0.35234375 0.19375 0.058984375 0.04296875
0 0.36953125 0.15625 0.045703125 0.073828125
0 0.4125 0.178125 0.055859375 0.063671875
0 0.427734375 0.221484375 0.093359375 0.061328125
0 0.35703125 0.24453125 0.058203125 0.08125
0 0.422265625 0.284765625 0.0546875 0.083984375
0 0.48125 0.183984375 0.075390625 0.0671875
0 0.53671875 0.08828125 0.06640625 0.057421875
0 0.5578125 0.126953125 0.044921875 0.083984375
0 0.58671875 0.15 0.04453125 0.07421875
0 0.587109375 0.078515625 0.044140625 0.078515625
0 0.63671875 0.059375 0.062109375 0.04921875
0 0.617578125 0.10625 0.04453125 0.06484375
0 0.619140625 0.170703125 0.047265625 0.0828125
0 0.65234375 0.098828125 0.0421875 0.081640625
0 0.701953125 0.061328125 0.080859375 0.0453125
0 0.68046875 0.111328125 0.05859375 0.09921875
0 0.730859375 0.091796875 0.048046875 0.072265625
0 0.653125 0.159375 0.044921875 0.090234375
0 0.712109375 0.168359375 0.06328125 0.069140625
0 0.76015625 0.171875 0.06328125 0.0609375
0 0.76328125 0.1171875 0.062890625 0.064453125
0 0.820703125 0.123046875 0.07109375 0.0765625
0 0.88359375 0.104296875 0.058203125 0.084765625
0 0.736328125 0.230078125 0.099609375 0.068359375
0 0.9640625 0.264453125 0.071875 0.06953125
0 0.772265625 0.403515625 0.05546875 0.071875
0 0.685546875 0.418359375 0.076171875 0.0578125
0 0.953515625 0.68046875 0.059375 0.080859375
0 0.873046875 0.903125 0.075390625 0.07578125