0 0.95234375 0.0734375 0.080859375 0.083203125
0 0.990234375 0.206640625 0.019140625 0.071875
0 0.808203125 0.108984375 0.074609375 0.06796875
0 0.7484375 0.165625 0.07734375 0.062109375
0 0.7625 0.079296875 0.074609375 0.078125
0 0.658984375 0.074609375 0.08828125 0.058203125
0 0.570703125 0.060546875 0.069140625 0.098828125
0 0.600390625 0.123046875 0.059765625 0.06953125
0 0.64453125 0.130078125 0.083984375 0.063671875
0 0.523828125 0.065625 0.0609375 0.06953125
0 0.481640625 0.1015625 0.069140625 0.063671875
0 0.532421875 0.121875 0.0875 0.063671875
0 0.620703125 0.2703125 0.05625 0.075
0 0.568359375 0.30703125 0.066796875 0.070703125
0 0.775 0.33125 0.080859375 0.051953125
0 0.82890625 0.300390625 0.0734375 0.07734375
0 0.838671875 0.3578125 0.075 0.059375
0 0.706640625 0.42890625 0.062890625 0.067578125
0 0.8546875 0.530078125 0.069921875 0.086328125
0 0.905078125 0.51484375 0.05625 0.0875
0 0.161328125 0.38984375 0.06484375 0.076953125
0 0.02890625 0.155078125 0.0578125 0.0671875
0 0.038671875 0.195703125 0.05859375 0.08515625
0 0.009765625 0.2890625 0.01953125 0.0578125
0 0.113671875 0.41796875 0.06015625 0.072265625
0 0.02890625 0.852734375 0.0578125 0.073828125
0 0.079296875 0.896484375 0.0625 0.0609375
0 0.105078125 0.836328125 0.085546875 0.05546875
0 0.181640625 0.896875 0.0859375 0.0765625
0 0.33515625 0.819921875 0.084765625 0.06015625