0 0.92734375 0.07109375 0.090234375 0.076953125
0 0.76640625 0.10078125 0.079296875 0.1125
0 0.81171875 0.09140625 0.04765625 0.094921875
0 0.85078125 0.0765625 0.051171875 0.088671875
0 0.89375 0.085546875 0.0640625 0.07109375
0 0.861328125 0.1765625 0.097265625 0.0625
0 0.848046875 0.1390625 0.0828125 0.059375
0 0.64609375 0.235546875 0.073046875 0.0703125
0 0.9921875 0.346484375 0.015234375 0.055078125
0 0.95 0.62109375 0.076953125 0.080078125
0 0.462109375 0.8875 0.060546875 0.084765625
0 0.49296875 0.848828125 0.05703125 0.076953125
0 0.553515625 0.84453125 0.0765625 0.06171875
0 0.524609375 0.89140625 0.07109375 0.05546875
0 0.308984375 0.765625 0.0625 0.0765625
0 0.591015625 0.419921875 0.050390625 0.080859375
0 0.519921875 0.41484375 0.083203125 0.062109375
0 0.43125 0.115625 0.071875 0.093359375
0 0.200390625 0.0953125 0.06484375 0.095703125
0 0.0421875 0.11953125 0.084375 0.05625
0 0.0375 0.16171875 0.075 0.078125
0 0.125 0.24609375 0.08828125 0.095703125
0 0.242578125 0.237890625 0.069140625 0.08046875
0 0.026171875 0.517578125 0.05234375 0.07890625
0 0.1265625 0.515234375 0.076171875 0.057421875
0 0.136328125 0.64296875 0.07734375 0.087890625
0 0.53828125 0.564453125 0.07734375 0.06953125
0 0.280078125 0.08671875 0.067578125 0.0953125
0 0.340625 0.0921875 0.056640625 0.087109375