0 0.987109375 0.179296875 0.02578125 0.06015625
0 0.95625 0.229296875 0.0875 0.088671875
0 0.845703125 0.23359375 0.084375 0.072265625
0 0.779296875 0.208203125 0.0796875 0.06796875
0 0.7140625 0.418359375 0.066015625 0.068359375
0 0.748828125 0.500390625 0.063671875 0.079296875
0 0.6890625 0.769921875 0.078125 0.083203125
0 0.489453125 0.717578125 0.0875 0.061328125
0 0.58203125 0.80234375 0.084765625 0.0875
0 0.186328125 0.846484375 0.065625 0.07734375
0 0.18203125 0.571484375 0.07421875 0.0625
0 0.2859375 0.4265625 0.068359375 0.080078125
0 0.449609375 0.375390625 0.089453125 0.0609375
0 0.12265625 0.363671875 0.0734375 0.087109375
0 0.110546875 0.07265625 0.0828125 0.060546875
0 0.326171875 0.11171875 0.059375 0.09140625
0 0.36171875 0.09921875 0.0546875 0.073046875
0 0.396875 0.0671875 0.073046875 0.05703125
0 0.447265625 0.082421875 0.077734375 0.058984375
0 0.541015625 0.133984375 0.068359375 0.087109375