0 0.193359375 0.06953125 0.06015625 0.069921875
0 0.21796875 0.1078125 0.07265625 0.07265625
0 0.362890625 0.222265625 0.0609375 0.092578125
0 0.505859375 0.2546875 0.087109375 0.064453125
0 0.01640625 0.784375 0.032421875 0.08671875
0 0.05 0.796484375 0.059375 0.08125
0 0.15 0.808203125 0.076171875 0.077734375
0 0.229296875 0.752734375 0.091015625 0.06484375
0 0.13125 0.734375 0.06171875 0.082421875
0 0.082421875 0.73359375 0.062109375 0.091015625
0 0.06796875 0.686328125 0.07890625 0.04453125
0 0.03046875 0.7171875 0.0609375 0.0671875
0 0.48984375 0.73984375 0.059375 0.071484375
0 0.4515625 0.750390625 0.052734375 0.065234375
0 0.404296875 0.757421875 0.09453125 0.06328125
0 0.383203125 0.710546875 0.09609375 0.054296875
0 0.658203125 0.798828125 0.062890625 0.091015625
0 0.96796875 0.634375 0.0640625 0.0765625
0 0.973828125 0.69765625 0.05234375 0.0828125
0 0.93046875 0.751953125 0.0640625 0.095703125
0 0.88984375 0.7171875 0.081640625 0.107421875
0 0.715234375 0.685546875 0.0984375 0.076953125
0 0.74375 0.710546875 0.080078125 0.051953125
0 0.70859375 0.75234375 0.080078125 0.064453125
0 0.8015625 0.74609375 0.06484375 0.071875
0 0.6609375 0.224609375 0.053515625 0.090625
0 0.709375 0.22265625 0.067578125 0.0703125
0 0.687109375 0.17109375 0.072265625 0.07421875
0 0.734375 0.1390625 0.06015625 0.065625
0 0.752734375 0.067578125 0.09140625 0.070703125
0 0.778515625 0.0921875 0.06875 0.05625
0 0.8109375 0.11953125 0.058984375 0.03828125
0 0.85625 0.141015625 0.074609375 0.080078125
0 0.786328125 0.148046875 0.080859375 0.066015625
0 0.91484375 0.14375 0.076953125 0.083984375