0 0.8328125 0.143359375 0.105859375 0.065625
0 0.644921875 0.18828125 0.05078125 0.082421875
0 0.718359375 0.193359375 0.069921875 0.063671875
0 0.844140625 0.2 0.065625 0.069140625
0 0.80390625 0.201953125 0.077734375 0.059375
0 0.72265625 0.284765625 0.0703125 0.059375
0 0.74921875 0.2296875 0.056640625 0.071484375
0 0.780078125 0.245703125 0.063671875 0.069921875
0 0.79609375 0.273046875 0.08046875 0.069921875
0 0.861328125 0.302734375 0.071875 0.075390625
0 0.801953125 0.332421875 0.0578125 0.0796875
0 0.9375 0.35703125 0.077734375 0.094921875
0 0.6265625 0.725390625 0.086328125 0.05390625
0 0.812890625 0.835546875 0.07578125 0.089453125
0 0.593359375 0.86484375 0.075390625 0.056640625
0 0.408203125 0.82734375 0.06875 0.060546875
0 0.48828125 0.860546875 0.06015625 0.06953125
0 0.439453125 0.87265625 0.061328125 0.0671875
0 0.525390625 0.883203125 0.04296875 0.07578125
0 0.57265625 0.890234375 0.07421875 0.057421875
0 0.48515625 0.902734375 0.066796875 0.0625
0 0.06640625 0.775 0.085546875 0.066796875
0 0.06875 0.878125 0.084765625 0.06328125
0 0.14609375 0.84140625 0.06640625 0.07890625
0 0.1359375 0.878125 0.05703125 0.08515625
0 0.1984375 0.8546875 0.05703125 0.0796875
0 0.239453125 0.876171875 0.06484375 0.065234375
0 0.28671875 0.863671875 0.10078125 0.065234375
0 0.336328125 0.486328125 0.055859375 0.087890625
0 0.36953125 0.387109375 0.06875 0.071484375
0 0.05859375 0.30078125 0.0703125 0.0828125
0 0.0203125 0.1015625 0.040625 0.048828125
0 0.141015625 0.121484375 0.0765625 0.075390625
0 0.03125 0.13359375 0.0625 0.07265625