0 0.055078125 0.288671875 0.07421875 0.080078125
0 0.1984375 0.269140625 0.062890625 0.080078125
0 0.228515625 0.152734375 0.08359375 0.0671875
0 0.4578125 0.13125 0.080859375 0.059765625
0 0.549609375 0.1296875 0.066796875 0.08125
0 0.598828125 0.1203125 0.054296875 0.075390625
0 0.638671875 0.113671875 0.0703125 0.0625
0 0.65625 0.144140625 0.068359375 0.078515625
0 0.93046875 0.285546875 0.087109375 0.0625
0 0.98046875 0.44296875 0.0390625 0.079296875
0 0.928515625 0.37265625 0.087109375 0.06796875
0 0.840234375 0.313671875 0.06484375 0.075390625
0 0.567578125 0.305859375 0.05625 0.080078125
0 0.8484375 0.512890625 0.067578125 0.07265625
0 0.778125 0.55390625 0.073046875 0.0625
0 0.475390625 0.338671875 0.062890625 0.0765625
0 0.476171875 0.408984375 0.058984375 0.069140625
0 0.282421875 0.35625 0.062109375 0.080078125
0 0.300390625 0.39921875 0.065625 0.066015625
0 0.158203125 0.39453125 0.068359375 0.098046875
0 0.069140625 0.484375 0.068359375 0.071875
0 0.0890625 0.59140625 0.058203125 0.071875
0 0.59765625 0.55078125 0.058203125 0.083984375
0 0.421484375 0.661328125 0.048828125 0.087890625
0 0.35703125 0.683984375 0.057421875 0.0671875
0 0.878515625 0.75546875 0.06015625 0.084765625
0 0.68125 0.85234375 0.052734375 0.08671875
0 0.583203125 0.892578125 0.0609375 0.056640625
0 0.55078125 0.901171875 0.062109375 0.083203125
0 0.490234375 0.875 0.048046875 0.075390625
0 0.47265625 0.9078125 0.062890625 0.0625
0 0.436328125 0.896875 0.071484375 0.050390625
0 0.43203125 0.855078125 0.05546875 0.069921875
0 0.397265625 0.84609375 0.049609375 0.074609375
0 0.355078125 0.86640625 0.049609375 0.071875
0 0.28515625 0.77421875 0.06953125 0.075390625
0 0.032421875 0.86015625 0.062890625 0.083984375
0 0.11171875 0.88359375 0.063671875 0.087890625
0 0.174609375 0.83359375 0.058203125 0.092578125
0 0.212109375 0.819140625 0.06015625 0.074609375
0 0.208984375 0.889453125 0.049609375 0.074609375
0 0.240234375 0.885546875 0.048828125 0.074609375
0 0.28203125 0.887109375 0.0796875 0.0625