0 0.550390625 0.120703125 0.08203125 0.075390625
0 0.615625 0.117578125 0.062109375 0.0875
0 0.26640625 0.405859375 0.0828125 0.073046875
0 0.944140625 0.583203125 0.075390625 0.06328125
0 0.9875 0.682421875 0.025 0.06484375
0 0.9828125 0.927734375 0.033984375 0.046484375
0 0.9546875 0.8671875 0.056640625 0.07734375
0 0.902734375 0.860546875 0.073046875 0.058203125
0 0.616796875 0.774609375 0.066796875 0.06953125
0 0.6203125 0.825390625 0.086328125 0.05546875
0 0.57421875 0.85546875 0.069140625 0.08125
0 0.265625 0.737109375 0.06484375 0.06953125