0 0.8609375 0.84609375 0.091015625 0.080078125
0 0.854296875 0.421484375 0.06171875 0.079296875
0 0.961328125 0.242578125 0.07734375 0.06484375
0 0.965625 0.0953125 0.06875 0.0625
0 0.901953125 0.0984375 0.071875 0.062890625
0 0.85703125 0.10703125 0.060546875 0.090625
0 0.74921875 0.15234375 0.065234375 0.084765625
0 0.671484375 0.3390625 0.074609375 0.063671875
0 0.677734375 0.11015625 0.060546875 0.072265625
0 0.6515625 0.06015625 0.081640625 0.080078125
0 0.596484375 0.1109375 0.052734375 0.0828125
0 0.566796875 0.156640625 0.051171875 0.070703125
0 0.53828125 0.12890625 0.066796875 0.05859375
0 0.54921875 0.080078125 0.0640625 0.069921875
0 0.50234375 0.091796875 0.057421875 0.087890625
0 0.455078125 0.08359375 0.04765625 0.08359375
0 0.392578125 0.116796875 0.07890625 0.072265625
0 0.332421875 0.102734375 0.058984375 0.08359375
0 0.294140625 0.108203125 0.051953125 0.103515625
0 0.26015625 0.09375 0.051953125 0.087109375
0 0.215234375 0.083984375 0.041796875 0.077734375
0 0.010546875 0.07578125 0.020703125 0.0421875
0 0.20546875 0.17421875 0.081640625 0.06015625
0 0.157421875 0.158984375 0.06328125 0.055859375
0 0.089453125 0.087890625 0.0640625 0.0734375
0 0.13359375 0.075 0.058984375 0.0890625
0 0.16953125 0.066015625 0.05625 0.061328125
0 0.158203125 0.115234375 0.05625 0.056640625
0 0.011328125 0.194140625 0.02265625 0.0515625
0 0.0734375 0.22734375 0.075390625 0.064453125
0 0.008203125 0.2703125 0.01640625 0.072265625