0 0.147265625 0.77578125 0.095703125 0.058203125
0 0.3703125 0.880078125 0.081640625 0.058984375
0 0.225 0.87421875 0.077734375 0.0328125
0 0.630078125 0.74296875 0.078515625 0.062109375
0 0.69375 0.7984375 0.046875 0.069921875
0 0.73828125 0.798046875 0.06484375 0.058203125
0 0.777734375 0.55078125 0.0625 0.074609375
0 0.630078125 0.318359375 0.07578125 0.045703125
0 0.628125 0.449609375 0.0484375 0.064453125
0 0.57890625 0.431640625 0.0609375 0.053515625
0 0.505078125 0.381640625 0.081640625 0.050390625
0 0.457421875 0.45546875 0.06015625 0.078125
0 0.314453125 0.587109375 0.0578125 0.063671875
0 0.247265625 0.592578125 0.06875 0.0453125
0 0.273046875 0.67421875 0.06640625 0.060546875
0 0.980859375 0.59375 0.037890625 0.048828125