0 0.173046875 0.091015625 0.0671875 0.08984375
0 0.103515625 0.108984375 0.07421875 0.07421875
0 0.08046875 0.17265625 0.098828125 0.057421875
0 0.48046875 0.1203125 0.06953125 0.0609375
0 0.45859375 0.0796875 0.07421875 0.05625
0 0.612109375 0.1 0.077734375 0.060546875
0 0.760546875 0.102734375 0.06796875 0.066015625
0 0.740234375 0.184375 0.076953125 0.065625
0 0.8625 0.2625 0.069140625 0.055859375
0 0.8640625 0.366015625 0.07578125 0.057421875
0 0.97578125 0.43828125 0.048046875 0.058203125
0 0.77578125 0.676171875 0.073828125 0.067578125
0 0.56875 0.8609375 0.052734375 0.08359375
0 0.48125 0.846484375 0.076171875 0.075
0 0.63046875 0.889453125 0.078125 0.058984375
0 0.3859375 0.90234375 0.0765625 0.063671875
0 0.104296875 0.81015625 0.076171875 0.066015625
0 0.019140625 0.85234375 0.03828125 0.0625
0 0.055078125 0.888671875 0.069921875 0.071484375
0 0.305859375 0.901953125 0.0828125 0.0703125
0 0.259765625 0.892578125 0.065625 0.072265625
0 0.226953125 0.9078125 0.05234375 0.0625
0 0.194140625 0.89921875 0.044140625 0.083203125
0 0.162890625 0.894140625 0.041015625 0.08515625
0 0.120703125 0.91171875 0.052734375 0.0828125
0 0.08046875 0.9046875 0.04296875 0.064453125
0 0.21796875 0.723046875 0.069921875 0.0625
0 0.057421875 0.534765625 0.070703125 0.083984375
0 0.166015625 0.43203125 0.071875 0.06328125
0 0.236328125 0.388671875 0.08125 0.062109375
0 0.060546875 0.468359375 0.086328125 0.05078125