0 0.117578125 0.25234375 0.064453125 0.072265625
0 0.1734375 0.437109375 0.065234375 0.060546875
0 0.321875 0.438671875 0.071875 0.0640625
0 0.3859375 0.16796875 0.063671875 0.055859375
0 0.433203125 0.12734375 0.063671875 0.0765625
0 0.50703125 0.130859375 0.075390625 0.06953125
0 0.537109375 0.09375 0.0625 0.062109375
0 0.573046875 0.063671875 0.054296875 0.0765625
0 0.66640625 0.141796875 0.047265625 0.075
0 0.6421875 0.18125 0.054296875 0.06328125
0 0.6046875 0.184375 0.059765625 0.06953125
0 0.54296875 0.202734375 0.054296875 0.075
0 0.725 0.24375 0.0609375 0.045703125
0 0.275 0.5234375 0.07265625 0.060546875
0 0.330078125 0.5140625 0.05 0.075
0 0.371875 0.505078125 0.051953125 0.060546875
0 0.42734375 0.51015625 0.05546875 0.0578125
0 0.489453125 0.471484375 0.04921875 0.0875
0 0.550390625 0.501171875 0.0453125 0.072265625
0 0.6546875 0.369921875 0.065234375 0.051171875
0 0.738671875 0.446484375 0.05546875 0.055859375
0 0.7625 0.419140625 0.080859375 0.0484375
0 0.6875 0.546875 0.081640625 0.0640625
0 0.618359375 0.610546875 0.0890625 0.049609375
0 0.656640625 0.871875 0.074609375 0.056640625
0 0.710546875 0.72109375 0.053515625 0.073046875
0 0.8 0.590625 0.078125 0.056640625
0 0.844921875 0.671875 0.07890625 0.050390625
0 0.98046875 0.551171875 0.0390625 0.04921875