0 0.654296875 0.130078125 0.08203125 0.066796875
0 0.6609375 0.4640625 0.058203125 0.08125
0 0.80703125 0.597265625 0.084375 0.06640625
0 0.78359375 0.72578125 0.078515625 0.073046875
0 0.49375 0.758203125 0.059765625 0.066796875
0 0.49140625 0.81953125 0.087109375 0.0578125
0 0.543359375 0.79375 0.06015625 0.079296875
0 0.020703125 0.85703125 0.041015625 0.045703125
0 0.023828125 0.810546875 0.04765625 0.05859375
0 0.30078125 0.63828125 0.058203125 0.088671875
0 0.159375 0.41796875 0.073828125 0.062890625
0 0.9609375 0.3203125 0.078125 0.0609375
0 0.919921875 0.41875 0.05703125 0.083203125
0 0.892578125 0.6796875 0.0734375 0.066796875
0 0.943359375 0.734375 0.0625 0.08125
0 0.9546875 0.862890625 0.059765625 0.059765625