0 0.2484375 0.873828125 0.064453125 0.027734375
0 0.052734375 0.7203125 0.081640625 0.083984375
0 0.242578125 0.803515625 0.068359375 0.0640625
0 0.323046875 0.746875 0.0828125 0.0578125
0 0.984375 0.86953125 0.030859375 0.05546875
0 0.98203125 0.9125 0.0359375 0.0390625
0 0.95390625 0.89765625 0.072265625 0.054296875
0 0.941796875 0.8578125 0.061328125 0.048046875
0 0.9484375 0.826953125 0.07109375 0.0515625
0 0.5046875 0.273046875 0.055078125 0.0609375
0 0.4578125 0.23828125 0.0640625 0.059375