0 0.034375 0.069140625 0.06875 0.06171875
0 0.30546875 0.09296875 0.051171875 0.072265625
0 0.355078125 0.0859375 0.06484375 0.06484375
0 0.428515625 0.07421875 0.055859375 0.09140625
0 0.725 0.05546875 0.0734375 0.056640625
0 0.10859375 0.148046875 0.075 0.103125
0 0.183203125 0.19453125 0.075 0.071484375
0 0.123828125 0.217578125 0.078125 0.061328125
0 0.08359375 0.25625 0.079296875 0.062109375
0 0.183984375 0.360546875 0.079296875 0.05703125
0 0.3109375 0.438671875 0.08515625 0.076953125
0 0.18359375 0.555859375 0.06328125 0.068359375
0 0.246875 0.588671875 0.055078125 0.0765625
0 0.24921875 0.648046875 0.08046875 0.06796875
0 0.193359375 0.656640625 0.05625 0.092578125
0 0.010546875 0.794140625 0.020703125 0.08828125
0 0.0578125 0.83671875 0.065234375 0.074609375
0 0.0359375 0.89296875 0.071875 0.0828125
0 0.09609375 0.875390625 0.05625 0.078125
0 0.1734375 0.868359375 0.06171875 0.053515625
0 0.208203125 0.774609375 0.081640625 0.066015625
0 0.2921875 0.9 0.077734375 0.077734375
0 0.41328125 0.88984375 0.0796875 0.058984375
0 0.366015625 0.782421875 0.07265625 0.073046875
0 0.30546875 0.752734375 0.073046875 0.0734375
0 0.301171875 0.68203125 0.064453125 0.06953125
0 0.392578125 0.70390625 0.083203125 0.05859375
0 0.466796875 0.646875 0.08125 0.064453125
0 0.568359375 0.740625 0.07109375 0.06171875
0 0.552734375 0.812109375 0.06484375 0.071875
0 0.664453125 0.87109375 0.07421875 0.079296875
0 0.715234375 0.81484375 0.0796875 0.062109375
0 0.78515625 0.88203125 0.08515625 0.080859375
0 0.886328125 0.895703125 0.086328125 0.061328125
0 0.992578125 0.66875 0.01484375 0.0640625
0 0.9234375 0.60390625 0.083984375 0.05625
0 0.775 0.759765625 0.0828125 0.061328125
0 0.780859375 0.80703125 0.09375 0.055859375
0 0.6484375 0.651171875 0.06171875 0.067578125
0 0.63125 0.619140625 0.065625 0.077734375
0 0.9625 0.49921875 0.075 0.0640625
0 0.6875 0.521484375 0.058203125 0.08984375
0 0.64765625 0.491015625 0.071875 0.065625
0 0.614453125 0.508984375 0.0671875 0.084765625
0 0.3609375 0.560546875 0.07734375 0.076953125
0 0.993359375 0.820703125 0.01328125 0.04921875