0 0.335546875 0.521875 0.06484375 0.04140625
0 0.25234375 0.590234375 0.05859375 0.05234375
0 0.515234375 0.53828125 0.07890625 0.037109375
0 0.329296875 0.63671875 0.06640625 0.04453125
0 0.31171875 0.66640625 0.048828125 0.05
0 0.286328125 0.637109375 0.0484375 0.0546875
0 0.45390625 0.587890625 0.083203125 0.054296875
0 0.35546875 0.54453125 0.06953125 0.0375
0 0.366796875 0.576953125 0.0640625 0.049609375
0 0.33203125 0.56640625 0.04375 0.055078125
0 0.503125 0.78828125 0.060546875 0.0484375
0 0.43671875 0.816015625 0.05703125 0.073046875
0 0.34453125 0.77578125 0.05625 0.051171875
0 0.328515625 0.819140625 0.073046875 0.0546875
0 0.934765625 0.859375 0.05546875 0.061328125
0 0.83359375 0.8625 0.04765625 0.058203125
0 0.8625 0.877734375 0.03671875 0.0625
0 0.927734375 0.8875 0.0453125 0.04140625
0 0.897265625 0.890234375 0.051953125 0.03671875
0 0.887890625 0.8546875 0.051953125 0.045703125
0 0.700390625 0.66171875 0.055859375 0.0734375
0 0.7078125 0.713671875 0.045703125 0.058984375