0 0.859765625 0.066015625 0.066796875 0.10859375
0 0.31171875 0.112890625 0.0828125 0.066796875
0 0.1265625 0.2984375 0.078515625 0.071484375
0 0.101171875 0.356640625 0.061328125 0.060546875
0 0.098046875 0.880859375 0.058984375 0.031640625
0 0.153515625 0.75859375 0.062890625 0.080078125
0 0.20546875 0.733984375 0.0578125 0.071484375
0 0.66171875 0.87734375 0.08125 0.069140625
0 0.925 0.88125 0.0671875 0.04140625
0 0.450390625 0.67265625 0.04921875 0.06171875
0 0.779296875 0.669140625 0.072265625 0.05859375
0 0.786328125 0.516796875 0.06953125 0.07109375
0 0.715234375 0.51171875 0.0546875 0.08125
0 0.651953125 0.523046875 0.0484375 0.08359375
0 0.60859375 0.44453125 0.088671875 0.055859375
0 0.461328125 0.558203125 0.061328125 0.0765625
0 0.385546875 0.541796875 0.080859375 0.0609375
0 0.253125 0.343359375 0.06328125 0.0734375