0 0.986328125 0.12578125 0.026953125 0.06015625
0 0.93203125 0.17421875 0.08984375 0.071484375
0 0.8421875 0.09921875 0.096484375 0.037890625
0 0.853125 0.146875 0.07109375 0.074609375
0 0.8078125 0.1421875 0.065234375 0.067578125
0 0.751171875 0.18046875 0.0625 0.0671875
0 0.715625 0.1546875 0.078515625 0.05703125
0 0.75078125 0.123046875 0.05859375 0.05
0 0.6203125 0.126171875 0.052734375 0.073046875
0 0.66796875 0.233984375 0.0625 0.0703125
0 0.550390625 0.138671875 0.064453125 0.0703125
0 0.523046875 0.102734375 0.062109375 0.0640625
0 0.468359375 0.1078125 0.058984375 0.05625
0 0.444140625 0.14765625 0.0625 0.0625
0 0.41640625 0.118359375 0.0578125 0.065234375
0 0.394921875 0.16484375 0.065234375 0.072265625
0 0.370703125 0.105859375 0.05390625 0.048046875
0 0.347265625 0.1890625 0.048828125 0.083203125
0 0.33515625 0.146875 0.068359375 0.054296875
0 0.3234375 0.1125 0.054296875 0.053515625
0 0.274609375 0.09921875 0.0703125 0.037109375
0 0.284765625 0.13671875 0.05234375 0.09140625
0 0.2515625 0.13125 0.048046875 0.05546875
0 0.2171875 0.16328125 0.0890625 0.06640625
0 0.21171875 0.09765625 0.066015625 0.034375
0 0.16015625 0.100390625 0.051171875 0.04453125
0 0.199609375 0.127734375 0.0609375 0.04609375
0 0.161328125 0.133984375 0.039453125 0.062890625
0 0.182421875 0.210546875 0.059765625 0.058203125
0 0.190234375 0.175390625 0.06640625 0.04921875
0 0.14296875 0.18359375 0.038671875 0.06875
0 0.13359375 0.22265625 0.0828125 0.05625
0 0.122265625 0.159375 0.04921875 0.080078125
0 0.0703125 0.156640625 0.07109375 0.053125
0 0.114453125 0.10234375 0.048046875 0.055078125
0 0.06875 0.09765625 0.061328125 0.075
0 0.03984375 0.100390625 0.039453125 0.065625
0 0.011328125 0.086328125 0.022265625 0.061328125
0 0.0265625 0.133203125 0.053125 0.04765625
0 0.038671875 0.178125 0.07734375 0.0578125
0 0.033984375 0.2125 0.06796875 0.0640625
0 0.31640625 0.3765625 0.069140625 0.06484375
0 0.02421875 0.544140625 0.0484375 0.05625
0 0.796484375 0.582421875 0.055078125 0.08203125
0 0.74140625 0.546875 0.05390625 0.0734375
0 0.71953125 0.58671875 0.06875 0.062890625
0 0.70078125 0.5390625 0.044921875 0.069921875
0 0.641015625 0.5125 0.054296875 0.083203125
0 0.75625 0.4765625 0.066015625 0.07265625
0 0.695703125 0.486328125 0.06953125 0.047265625
0 0.70625 0.43828125 0.04609375 0.06953125
0 0.657421875 0.45 0.0515625 0.0734375
0 0.7578125 0.4203125 0.075390625 0.069921875
0 0.632421875 0.633203125 0.090234375 0.054296875
0 0.49375 0.68203125 0.050390625 0.069140625
0 0.286328125 0.73828125 0.06484375 0.059765625
0 0.22734375 0.77890625 0.0671875 0.08125
0 0.7203125 0.841015625 0.061328125 0.068359375
0 0.715234375 0.8953125 0.083203125 0.051171875
0 0.66171875 0.845703125 0.06015625 0.06015625
0 0.68359375 0.8125 0.07265625 0.062890625
0 0.6359375 0.885546875 0.04453125 0.079296875
0 0.597265625 0.8578125 0.06015625 0.05390625
0 0.587890625 0.891796875 0.05625 0.0515625
0 0.55 0.89609375 0.0578125 0.055859375
0 0.523046875 0.845703125 0.058984375 0.049609375
0 0.5234375 0.886328125 0.0375 0.057421875
0 0.57421875 0.790625 0.05625 0.066796875
0 0.51015625 0.794140625 0.067578125 0.0703125
0 0.433984375 0.81484375 0.075390625 0.06484375
0 0.458203125 0.863671875 0.082421875 0.059765625
0 0.4859375 0.888671875 0.059765625 0.06875