0 0.30390625 0.886328125 0.07421875 0.0765625
0 0.458203125 0.884375 0.08125 0.06796875
0 0.403515625 0.87734375 0.067578125 0.081640625
0 0.369140625 0.891796875 0.07890625 0.068359375
0 0.4453125 0.66796875 0.055859375 0.0890625
0 0.35390625 0.7546875 0.062109375 0.085546875
0 0.265234375 0.6890625 0.09140625 0.076953125
0 0.284375 0.7625 0.06328125 0.09296875
0 0.059375 0.87578125 0.081640625 0.028515625
0 0.022265625 0.479296875 0.04453125 0.07890625
0 0.130078125 0.44296875 0.071875 0.08359375
0 0.1671875 0.513671875 0.073828125 0.094921875
0 0.140625 0.137890625 0.073046875 0.084375
0 0.067578125 0.203515625 0.0921875 0.071484375
0 0.39140625 0.094921875 0.079296875 0.0828125
0 0.46171875 0.10390625 0.054296875 0.094140625
0 0.58125 0.10078125 0.0609375 0.08828125
0 0.511328125 0.20859375 0.06484375 0.080078125
0 0.976171875 0.153125 0.04765625 0.075
0 0.7359375 0.091015625 0.07734375 0.06953125
0 0.654296875 0.061328125 0.109765625 0.058203125
0 0.6515625 0.112890625 0.0765625 0.07421875
0 0.683203125 0.15390625 0.073046875 0.07734375
0 0.925 0.31328125 0.103515625 0.062109375
0 0.71953125 0.44375 0.066796875 0.08828125
0 0.784765625 0.428125 0.077734375 0.068359375
0 0.60078125 0.51484375 0.071484375 0.07734375
0 0.744140625 0.632421875 0.084375 0.078125
0 0.562109375 0.5875 0.06875 0.08203125
0 0.58828125 0.62734375 0.064453125 0.09140625
0 0.626953125 0.630859375 0.055859375 0.09140625
0 0.501171875 0.548828125 0.08671875 0.05625