0 0.890234375 0.78046875 0.084375 0.06171875
0 0.6984375 0.855859375 0.058984375 0.06640625
0 0.9078125 0.859375 0.065234375 0.04375
0 0.601171875 0.854296875 0.059375 0.086328125
0 0.524609375 0.84453125 0.05546875 0.069140625
0 0.435546875 0.784375 0.051171875 0.079296875
0 0.4515625 0.86875 0.069140625 0.048828125
0 0.479296875 0.8203125 0.044140625 0.0796875
0 0.45625 0.905859375 0.0671875 0.0296875
0 0.51953125 0.88828125 0.075390625 0.05703125
0 0.4375 0.83984375 0.0515625 0.053515625
0 0.390234375 0.864453125 0.05390625 0.084765625
0 0.384375 0.765625 0.050390625 0.09453125
0 0.624609375 0.578515625 0.084375 0.069921875
0 0.729296875 0.491796875 0.080859375 0.075390625
0 0.75703125 0.3515625 0.064453125 0.07421875
0 0.396484375 0.296875 0.083203125 0.065625
0 0.337890625 0.370703125 0.058203125 0.07890625
0 0.02109375 0.321875 0.0421875 0.090625
0 0.08125 0.304296875 0.06328125 0.10390625
0 0.154296875 0.318359375 0.062890625 0.08671875
0 0.1125 0.225390625 0.08984375 0.0609375
0 0.216796875 0.194140625 0.078515625 0.09375
0 0.01796875 0.148828125 0.0359375 0.09609375
0 0.03828125 0.122265625 0.051171875 0.101171875
0 0.066796875 0.103125 0.0375 0.06875
0 0.033203125 0.059375 0.04375 0.06171875
0 0.073046875 0.0484375 0.045703125 0.051171875
0 0.09921875 0.125390625 0.0421875 0.069921875
0 0.259765625 0.1046875 0.04921875 0.09296875
0 0.160546875 0.115234375 0.051171875 0.112890625
0 0.130859375 0.10078125 0.034765625 0.0765625
0 0.30078125 0.111328125 0.049609375 0.0859375
0 0.30546875 0.056640625 0.046484375 0.0484375
0 0.35234375 0.059765625 0.050390625 0.056640625
0 0.269140625 0.053515625 0.045703125 0.04765625
0 0.22578125 0.06015625 0.0765625 0.044921875
0 0.189453125 0.049609375 0.0578125 0.04921875
0 0.145703125 0.0546875 0.043359375 0.06171875
0 0.107421875 0.0625 0.037109375 0.056640625
0 0.3328125 0.11640625 0.04453125 0.053515625
0 0.381640625 0.082421875 0.069921875 0.053515625
0 0.4078125 0.10859375 0.073046875 0.0546875
0 0.3859375 0.1359375 0.0640625 0.041796875
0 0.413671875 0.17421875 0.06328125 0.075
0 0.3796875 0.20859375 0.054296875 0.07890625
0 0.343359375 0.1671875 0.0625 0.109765625
0 0.626171875 0.057421875 0.059765625 0.067578125
0 0.621875 0.108203125 0.0609375 0.072265625
0 0.5703125 0.07109375 0.0546875 0.078515625
0 0.527734375 0.071875 0.0421875 0.07421875
0 0.4765625 0.05703125 0.073046875 0.05625
0 0.480859375 0.103125 0.080859375 0.0640625
0 0.441015625 0.06875 0.050390625 0.07421875
0 0.5796875 0.125390625 0.05703125 0.081640625
0 0.683984375 0.12890625 0.0734375 0.071875
0 0.683203125 0.067578125 0.053515625 0.07265625
0 0.729296875 0.059765625 0.056640625 0.058203125
0 0.728125 0.115234375 0.05 0.089453125
0 0.75703125 0.130078125 0.0484375 0.08828125
0 0.770703125 0.083984375 0.059765625 0.072265625
0 0.798828125 0.0625 0.061328125 0.06796875
0 0.8375 0.134375 0.0515625 0.084765625
0 0.826953125 0.190234375 0.062109375 0.096484375
0 0.795703125 0.15390625 0.05859375 0.08828125
0 0.8515625 0.051171875 0.061328125 0.050390625
0 0.90703125 0.109375 0.033203125 0.080078125
0 0.8765625 0.141796875 0.0375 0.078125
0 0.8578125 0.0859375 0.076953125 0.04609375
0 0.90234375 0.0515625 0.055859375 0.055859375
0 0.958984375 0.048046875 0.075390625 0.04375
0 0.906640625 0.1640625 0.065234375 0.056640625
0 0.94453125 0.1453125 0.065234375 0.060546875
0 0.945703125 0.095703125 0.06875 0.06328125
0 0.978515625 0.08515625 0.04296875 0.0546875
0 0.9875 0.1265625 0.025 0.05
0 0.2171875 0.13515625 0.0546875 0.05546875
0 0.216015625 0.0984375 0.054296875 0.038671875
0 0.0125 0.064453125 0.025 0.0640625