0 0.00703125 0.133203125 0.0140625 0.0671875
0 0.160546875 0.20234375 0.071875 0.094140625
0 0.31328125 0.291796875 0.066796875 0.05390625
0 0.371875 0.36015625 0.05859375 0.073828125
0 0.491015625 0.32578125 0.0609375 0.06796875
0 0.523046875 0.363671875 0.05 0.07890625
0 0.490234375 0.126953125 0.042578125 0.081640625
0 0.542578125 0.120703125 0.066015625 0.05234375
0 0.5984375 0.10625 0.071875 0.05390625
0 0.723046875 0.1046875 0.084375 0.06875
0 0.678125 0.312109375 0.089453125 0.046484375
0 0.798828125 0.125390625 0.06015625 0.082421875
0 0.821484375 0.171875 0.0640625 0.058984375
0 0.8484375 0.129296875 0.0578125 0.060546875
0 0.872265625 0.17265625 0.05703125 0.062890625
0 0.9078125 0.10234375 0.07890625 0.0484375
0 0.905859375 0.130859375 0.0671875 0.0421875
0 0.908203125 0.17421875 0.044140625 0.064453125
0 0.94375 0.164453125 0.045703125 0.066015625
0 0.978125 0.173828125 0.04375 0.0515625
0 0.9609375 0.1140625 0.048046875 0.067578125
0 0.984375 0.123828125 0.03125 0.06015625
0 0.81328125 0.442578125 0.067578125 0.065625
0 0.8875 0.44453125 0.074609375 0.08203125
0 0.492578125 0.509765625 0.057421875 0.0765625
0 0.490625 0.57109375 0.08828125 0.053515625
0 0.58671875 0.6734375 0.091796875 0.051171875
0 0.74453125 0.783203125 0.05234375 0.075
0 0.76796875 0.732421875 0.0890625 0.05703125
0 0.921875 0.6640625 0.067578125 0.075
0 0.470703125 0.692578125 0.082421875 0.062890625
0 0.527734375 0.746875 0.117578125 0.0640625
0 0.07109375 0.61875 0.058203125 0.069921875
0 0.019140625 0.64609375 0.03828125 0.0828125
0 0.158984375 0.7453125 0.064453125 0.060546875
0 0.23671875 0.76796875 0.0546875 0.06484375
0 0.334375 0.841796875 0.06015625 0.06796875
0 0.41875 0.8828125 0.076171875 0.06640625
0 0.497265625 0.871484375 0.065234375 0.069921875
0 0.68984375 0.890625 0.067578125 0.10078125
0 0.957421875 0.876171875 0.08515625 0.080859375
0 0.3140625 0.862890625 0.055859375 0.0765625
0 0.2765625 0.892578125 0.0640625 0.040625
0 0.259375 0.8515625 0.0578125 0.04609375
0 0.237109375 0.8203125 0.083984375 0.05234375
0 0.200390625 0.836328125 0.07265625 0.041796875
0 0.19921875 0.869921875 0.078125 0.055859375
0 0.22421875 0.896484375 0.04921875 0.037109375
0 0.18125 0.896875 0.051953125 0.051953125
0 0.140625 0.88046875 0.05 0.0828125
0 0.051171875 0.8890625 0.091015625 0.07734375
0 0.03046875 0.8703125 0.051953125 0.063671875
0 0.00625 0.861328125 0.0125 0.05546875
0 0.00625 0.80703125 0.0125 0.051171875
0 0.03671875 0.813671875 0.062109375 0.06015625
0 0.09140625 0.79296875 0.059765625 0.079296875
0 0.13203125 0.79375 0.05859375 0.06953125
0 0.1203125 0.84375 0.083203125 0.0453125