0 0.0375 0.77578125 0.0625 0.09609375
0 0.088671875 0.780078125 0.061328125 0.09140625
0 0.141796875 0.782421875 0.0671875 0.07109375
0 0.306640625 0.683984375 0.06328125 0.094921875
0 0.445703125 0.52890625 0.059765625 0.084765625
0 0.226171875 0.6546875 0.09140625 0.06328125
0 0.079296875 0.4296875 0.070703125 0.0875
0 0.016796875 0.209375 0.03359375 0.0546875
0 0.0125 0.141015625 0.025 0.06484375
0 0.117578125 0.165234375 0.09140625 0.06953125
0 0.296484375 0.18671875 0.08515625 0.071484375
0 0.348828125 0.09140625 0.097265625 0.070703125
0 0.983203125 0.0890625 0.03359375 0.07578125
0 0.9203125 0.103515625 0.10390625 0.067578125
0 0.916796875 0.162890625 0.0703125 0.080078125
0 0.67734375 0.171484375 0.062890625 0.092578125
0 0.6015625 0.171484375 0.083203125 0.07578125
0 0.52734375 0.1578125 0.066796875 0.079296875
0 0.5484375 0.2875 0.055859375 0.09375
0 0.5046875 0.291015625 0.064453125 0.083203125
0 0.56484375 0.7234375 0.078515625 0.0703125
0 0.3671875 0.841796875 0.062109375 0.083984375
0 0.40390625 0.866796875 0.069921875 0.0640625
0 0.566015625 0.903125 0.054296875 0.095703125
0 0.526953125 0.88125 0.053125 0.08828125
0 0.46328125 0.859375 0.061328125 0.08203125
0 0.4234375 0.895703125 0.061328125 0.05625
0 0.49609375 0.912890625 0.077734375 0.048046875
0 0.509375 0.8984375 0.05703125 0.0484375