0 0.96484375 0.479296875 0.0703125 0.10234375
0 0.851171875 0.496875 0.077734375 0.05234375
0 0.549609375 0.56484375 0.0546875 0.083203125
0 0.62421875 0.70234375 0.065625 0.076953125
0 0.69921875 0.73515625 0.06328125 0.090625
0 0.770703125 0.783984375 0.06171875 0.080859375
0 0.7890625 0.84375 0.08359375 0.06796875
0 0.466796875 0.869140625 0.053125 0.08984375
0 0.512109375 0.848046875 0.053515625 0.079296875
0 0.579296875 0.87578125 0.050390625 0.08046875
0 0.538671875 0.870703125 0.046875 0.07890625
0 0.358984375 0.830859375 0.0546875 0.0859375
0 0.292578125 0.783984375 0.0703125 0.083203125
0 0.284765625 0.8375 0.088671875 0.059765625
0 0.4390625 0.058203125 0.05625 0.0984375
0 0.35859375 0.0578125 0.07578125 0.065625
0 0.36328125 0.128125 0.07265625 0.066796875
0 0.44296875 0.165625 0.0625 0.1015625
0 0.514453125 0.2265625 0.053125 0.094140625
0 0.70546875 0.3765625 0.065234375 0.083984375
0 0.470703125 0.362890625 0.082421875 0.073046875
0 0.092578125 0.315625 0.0984375 0.05859375
0 0.016015625 0.441015625 0.03203125 0.06328125
0 0.10703125 0.40703125 0.076953125 0.06953125
0 0.13203125 0.551171875 0.065234375 0.086328125
0 0.015625 0.777734375 0.03125 0.05390625
0 0.11640625 0.833203125 0.0671875 0.095703125
0 0.0921875 0.083203125 0.08203125 0.07265625