0 0.94609375 0.621484375 0.065625 0.066015625
0 0.96953125 0.794140625 0.060546875 0.071875
0 0.89296875 0.757421875 0.058984375 0.069921875
0 0.93125 0.745703125 0.053515625 0.069140625
0 0.983203125 0.738671875 0.03359375 0.04921875
0 0.85234375 0.63125 0.0515625 0.0671875
0 0.89765625 0.683203125 0.08359375 0.05859375
0 0.82109375 0.678125 0.075 0.061328125
0 0.756640625 0.657421875 0.066796875 0.05390625
0 0.64609375 0.68046875 0.0515625 0.073828125
0 0.83515625 0.838671875 0.071484375 0.0671875
0 0.128125 0.707421875 0.07421875 0.055859375
0 0.02265625 0.729296875 0.044921875 0.075390625
0 0.010546875 0.79140625 0.02109375 0.03125
0 0.210546875 0.835546875 0.094921875 0.037890625
0 0.231640625 0.75390625 0.058203125 0.053125
0 0.274609375 0.705859375 0.053515625 0.0625
0 0.276953125 0.766796875 0.05625 0.055078125
0 0.361328125 0.68984375 0.05078125 0.060546875
0 0.36953125 0.637109375 0.054296875 0.050390625
0 0.412109375 0.666015625 0.052734375 0.069140625
0 0.45 0.65703125 0.049609375 0.06796875
0 0.730859375 0.799609375 0.065625 0.051171875
0 0.6875 0.79921875 0.0328125 0.078515625
0 0.633984375 0.762109375 0.0421875 0.04921875
0 0.61640625 0.8125 0.046875 0.070703125
0 0.588671875 0.8484375 0.048046875 0.084765625
0 0.359765625 0.78984375 0.05546875 0.098828125
0 0.39140625 0.803125 0.046875 0.083984375
0 0.4796875 0.789453125 0.067578125 0.04921875
0 0.508984375 0.8453125 0.03828125 0.065234375
0 0.470703125 0.832421875 0.05546875 0.064453125
0 0.438671875 0.870703125 0.05546875 0.0859375
0 0.29296875 0.801171875 0.071484375 0.06328125
0 0.302734375 0.84765625 0.087109375 0.053125