0 0.023046875 0.63671875 0.04609375 0.05625
0 0.016015625 0.820703125 0.03203125 0.05859375
0 0.159765625 0.766015625 0.051171875 0.08828125
0 0.252734375 0.809375 0.062109375 0.06875
0 0.4046875 0.851953125 0.078125 0.06015625
0 0.4609375 0.8109375 0.0625 0.065625
0 0.3328125 0.521875 0.078515625 0.05625
0 0.5421875 0.699609375 0.053515625 0.077734375
0 0.8265625 0.7859375 0.08125 0.071875
0 0.9890625 0.833984375 0.021875 0.05234375
0 0.97421875 0.758984375 0.0515625 0.055859375
0 0.5921875 0.650390625 0.062890625 0.079296875