0 0.1859375 0.1828125 0.05234375 0.05546875
0 0.18046875 0.153125 0.0640625 0.048046875
0 0.247265625 0.145703125 0.055078125 0.066796875
0 0.282421875 0.10546875 0.07421875 0.05703125
0 0.35703125 0.098828125 0.08125 0.0546875
0 0.302734375 0.17578125 0.06328125 0.079296875
0 0.342578125 0.170703125 0.049609375 0.0703125
0 0.405859375 0.1578125 0.073046875 0.077734375
0 0.436328125 0.201171875 0.0453125 0.06015625
0 0.40078125 0.223046875 0.071484375 0.05625
0 0.355078125 0.234375 0.0625 0.06796875
0 0.3796875 0.272265625 0.074609375 0.053515625
0 0.2953125 0.255078125 0.059765625 0.075
0 0.211328125 0.230859375 0.039453125 0.06015625
0 0.24453125 0.251953125 0.048046875 0.06484375
0 0.218359375 0.279296875 0.062890625 0.0328125
0 0.225390625 0.3125 0.053125 0.046484375
0 0.183984375 0.262890625 0.033203125 0.068359375
0 0.14140625 0.259375 0.05078125 0.0671875
0 0.153515625 0.319921875 0.06484375 0.051953125
0 0.204296875 0.349609375 0.06640625 0.050390625
0 0.153125 0.353125 0.066796875 0.042578125
0 0.149609375 0.3796875 0.069140625 0.045703125
0 0.1640625 0.425390625 0.076953125 0.04921875
0 0.230859375 0.415234375 0.061328125 0.0640625
0 0.27265625 0.360546875 0.041015625 0.112109375
0 0.3109375 0.33515625 0.08046875 0.067578125
0 0.337109375 0.30703125 0.06953125 0.06015625
0 0.396875 0.36953125 0.0859375 0.04609375
0 0.428515625 0.321484375 0.07890625 0.0703125
0 0.492578125 0.334375 0.0609375 0.07109375
0 0.46484375 0.492578125 0.059375 0.096875
0 0.163671875 0.492578125 0.078515625 0.04765625
0 0.240625 0.484375 0.105078125 0.070703125
0 0.187890625 0.60546875 0.062890625 0.055859375
0 0.16640625 0.6609375 0.071875 0.06484375
0 0.249609375 0.640234375 0.05546875 0.06796875
0 0.209765625 0.7171875 0.05859375 0.0609375
0 0.246875 0.743359375 0.06328125 0.0515625
0 0.29140625 0.704296875 0.06484375 0.06953125
0 0.43828125 0.642578125 0.059765625 0.073046875
0 0.185546875 0.858984375 0.05546875 0.046875
0 0.230078125 0.863671875 0.04375 0.065234375
0 0.2703125 0.858984375 0.04453125 0.044921875
0 0.28984375 0.891015625 0.04375 0.055859375
0 0.2984375 0.82734375 0.05625 0.050390625
0 0.333203125 0.858984375 0.0671875 0.0625
0 0.32265625 0.781640625 0.073828125 0.04375
0 0.387890625 0.816796875 0.05859375 0.06953125
0 0.439453125 0.848046875 0.072265625 0.045703125
0 0.458203125 0.80078125 0.071875 0.059765625
0 0.426171875 0.740625 0.046875 0.07421875
0 0.512109375 0.701171875 0.065625 0.067578125
0 0.5828125 0.6984375 0.057421875 0.06328125
0 0.56953125 0.7421875 0.06171875 0.05234375
0 0.590234375 0.765234375 0.06484375 0.060546875
0 0.601953125 0.868359375 0.0734375 0.05078125
0 0.633984375 0.8015625 0.05 0.060546875
0 0.758203125 0.874609375 0.05703125 0.076953125
0 0.77109375 0.786328125 0.04765625 0.080078125
0 0.6875 0.673828125 0.047265625 0.07734375
0 0.72734375 0.6984375 0.067578125 0.04921875
0 0.755078125 0.60234375 0.090625 0.055078125
0 0.631640625 0.60078125 0.0703125 0.066015625
0 0.53125 0.584765625 0.06875 0.109375
0 0.544921875 0.437109375 0.078125 0.0734375
0 0.56328125 0.487109375 0.07890625 0.04609375
0 0.62421875 0.52421875 0.073828125 0.065625
0 0.672265625 0.4984375 0.046875 0.066796875
0 0.71796875 0.537109375 0.05703125 0.04765625
0 0.740234375 0.495703125 0.046875 0.07734375
0 0.635546875 0.39453125 0.057421875 0.06953125
0 0.607421875 0.3390625 0.056640625 0.066796875
0 0.659765625 0.340625 0.047265625 0.065625
0 0.75859375 0.412109375 0.053125 0.0640625
0 0.767578125 0.30546875 0.048046875 0.071484375
0 0.79765625 0.367578125 0.06015625 0.04765625
0 0.82265625 0.32578125 0.045703125 0.080859375
0 0.88203125 0.409375 0.059375 0.059375
0 0.864453125 0.272265625 0.07890625 0.062109375
0 0.8921875 0.362890625 0.061328125 0.060546875
0 0.9265625 0.341796875 0.0421875 0.06953125
0 0.937890625 0.289453125 0.0421875 0.066796875
0 0.972265625 0.341015625 0.047265625 0.05859375
0 0.98828125 0.2703125 0.0234375 0.0609375
0 0.992578125 0.1921875 0.01484375 0.0203125
0 0.69375 0.208984375 0.053515625 0.08125
0 0.6 0.25859375 0.0734375 0.04921875
0 0.4890625 0.205859375 0.06640625 0.098046875
0 0.6515625 0.170703125 0.066796875 0.0546875
0 0.526171875 0.12109375 0.07734375 0.0609375
0 0.554296875 0.15703125 0.05859375 0.069140625
0 0.605078125 0.166015625 0.0515625 0.069140625
0 0.620703125 0.10859375 0.067578125 0.049609375
0 0.73203125 0.11953125 0.044921875 0.075390625
0 0.771875 0.12109375 0.05390625 0.063671875
0 0.799609375 0.1765625 0.07890625 0.069921875
0 0.843359375 0.13203125 0.066796875 0.04765625
0 0.893359375 0.17421875 0.05625 0.051171875
0 0.893359375 0.118359375 0.048828125 0.07578125
0 0.9359375 0.14140625 0.04609375 0.069140625
0 0.912109375 0.216796875 0.044921875 0.0609375
0 0.95546875 0.158203125 0.05703125 0.0546875
0 0.985546875 0.11953125 0.02890625 0.078125