0 0.507421875 0.834375 0.05546875 0.077734375
0 0.463671875 0.7703125 0.0765625 0.063671875
0 0.39453125 0.801171875 0.06015625 0.075390625
0 0.43984375 0.866796875 0.06875 0.069140625
0 0.17578125 0.802734375 0.051171875 0.046875
0 0.175 0.867578125 0.05234375 0.035546875
0 0.180078125 0.842578125 0.049609375 0.031640625
0 0.192578125 0.822265625 0.0625 0.039453125
0 0.235546875 0.83515625 0.066015625 0.0796875
0 0.223828125 0.8703125 0.0578125 0.0453125
0 0.3921875 0.675 0.05859375 0.08203125
0 0.857421875 0.704296875 0.0734375 0.055859375
0 0.820703125 0.816796875 0.0671875 0.0578125
0 0.93125 0.83046875 0.063671875 0.0609375
0 0.730859375 0.484375 0.04765625 0.059765625
0 0.5328125 0.733203125 0.054296875 0.071484375
0 0.576171875 0.74453125 0.059375 0.07734375
0 0.83828125 0.875 0.05390625 0.0546875
0 0.8984375 0.873828125 0.04921875 0.0671875
0 0.934765625 0.877734375 0.043359375 0.06875
0 0.605859375 0.86484375 0.051171875 0.06640625
0 0.5421875 0.862890625 0.071484375 0.049609375
0 0.350390625 0.5828125 0.0515625 0.062890625
0 0.391015625 0.603515625 0.0609375 0.05546875
0 0.33359375 0.730078125 0.0671875 0.052734375
0 0.351171875 0.642578125 0.0734375 0.04765625
0 0.339453125 0.67265625 0.060546875 0.045703125
0 0.303125 0.793359375 0.068359375 0.053125
0 0.326171875 0.839453125 0.06640625 0.067578125
0 0.27890625 0.47734375 0.0640625 0.05859375
0 0.315234375 0.528515625 0.065625 0.06328125
0 0.264453125 0.259765625 0.05078125 0.062109375
0 0.16796875 0.258203125 0.06484375 0.052734375
0 0.151953125 0.24453125 0.03671875 0.04609375
0 0.13984375 0.3 0.033984375 0.048828125
0 0.173828125 0.29375 0.05703125 0.041015625
0 0.1640625 0.32265625 0.0546875 0.03046875
0 0.1390625 0.37890625 0.0609375 0.07109375
0 0.1515625 0.346484375 0.04453125 0.03125
0 0.24140625 0.331640625 0.10078125 0.07734375
0 0.1859375 0.361328125 0.0390625 0.039453125
0 0.219140625 0.36796875 0.046484375 0.040625
0 0.227734375 0.399609375 0.037109375 0.07109375
0 0.262109375 0.383984375 0.067578125 0.034375
0 0.29921875 0.41171875 0.05 0.073046875
0 0.253125 0.419140625 0.055078125 0.048046875
0 0.182421875 0.390234375 0.057421875 0.034765625
0 0.150390625 0.41875 0.04609375 0.051953125
0 0.179296875 0.4234375 0.041015625 0.04296875
0 0.206640625 0.453515625 0.051171875 0.05546875
0 0.18203125 0.46953125 0.057421875 0.052734375
0 0.144921875 0.444140625 0.046875 0.03125
0 0.148828125 0.478125 0.050390625 0.049609375
0 0.151171875 0.513671875 0.059765625 0.041796875
0 0.168359375 0.523046875 0.063671875 0.0390625
0 0.226953125 0.50703125 0.057421875 0.046484375
0 0.248828125 0.528515625 0.062109375 0.0375
0 0.258984375 0.56171875 0.077734375 0.040234375
0 0.19921875 0.546484375 0.04453125 0.046484375
0 0.1734375 0.56015625 0.060546875 0.030078125
0 0.259375 0.821484375 0.061328125 0.050390625
0 0.2671875 0.709765625 0.068359375 0.040625
0 0.2265625 0.732421875 0.036328125 0.062890625
0 0.257421875 0.753515625 0.0640625 0.04609375
0 0.290625 0.746484375 0.060546875 0.040625
0 0.2765625 0.659765625 0.058984375 0.05546875
0 0.25703125 0.615625 0.065234375 0.0453125
0 0.228515625 0.77265625 0.03125 0.05625
0 0.150390625 0.75390625 0.03671875 0.041015625
0 0.2015625 0.765625 0.032421875 0.048828125
0 0.205078125 0.58515625 0.044921875 0.03046875
0 0.240625 0.64609375 0.042578125 0.02578125
0 0.216015625 0.671875 0.04921875 0.038671875
0 0.238671875 0.685546875 0.0625 0.030859375
0 0.175390625 0.744921875 0.027734375 0.05546875
0 0.178125 0.626953125 0.03828125 0.050390625
0 0.19609375 0.701171875 0.037890625 0.02890625
0 0.202734375 0.60859375 0.04140625 0.03359375
0 0.207421875 0.6375 0.0359375 0.03515625
0 0.140625 0.571484375 0.023046875 0.0359375
0 0.16953125 0.5875 0.047265625 0.03203125
0 0.14140625 0.609765625 0.0421875 0.038671875
0 0.146484375 0.659375 0.032421875 0.0359375
0 0.146875 0.632421875 0.033984375 0.041015625
0 0.146875 0.708203125 0.0296875 0.05234375
0 0.161328125 0.690625 0.033984375 0.030859375
0 0.180078125 0.669921875 0.03125 0.028125
0 0.20390625 0.73203125 0.034765625 0.0328125
0 0.250390625 0.78515625 0.032421875 0.03984375
0 0.441015625 0.4375 0.0703125 0.069140625
0 0.612109375 0.416796875 0.050390625 0.071484375
0 0.5265625 0.430859375 0.06640625 0.06640625
0 0.9140625 0.116015625 0.04140625 0.072265625
0 0.8859375 0.128125 0.04921875 0.0671875
0 0.8546875 0.148046875 0.05546875 0.05703125
0 0.95234375 0.158203125 0.0609375 0.041796875
0 0.880078125 0.18046875 0.069921875 0.05
0 0.948828125 0.196875 0.06796875 0.052734375
0 0.629296875 0.195703125 0.04921875 0.036328125
0 0.775 0.169140625 0.053515625 0.052734375
0 0.49453125 0.2625 0.065625 0.046875
0 0.552734375 0.228125 0.090234375 0.04921875
0 0.6703125 0.225390625 0.051953125 0.060546875
0 0.618359375 0.091015625 0.06796875 0.040234375
0 0.694140625 0.093359375 0.05234375 0.040625
0 0.805078125 0.085546875 0.051953125 0.041796875
0 0.6984375 0.126171875 0.0515625 0.034765625
0 0.72578125 0.1953125 0.048046875 0.06640625
0 0.725 0.1625 0.05078125 0.034765625
0 0.75625 0.1234375 0.0453125 0.05
0 0.741796875 0.10390625 0.046875 0.057421875
0 0.79921875 0.129296875 0.05 0.0515625
0 0.679296875 0.15078125 0.0390625 0.036328125
0 0.67890625 0.191015625 0.0546875 0.046484375
0 0.627734375 0.1515625 0.054296875 0.048046875
0 0.636328125 0.113671875 0.06171875 0.03984375
0 0.26796875 0.196484375 0.0484375 0.053515625
0 0.3125 0.23203125 0.05390625 0.076953125
0 0.30859375 0.173828125 0.045703125 0.066015625
0 0.15703125 0.10625 0.0359375 0.04296875
0 0.189453125 0.106640625 0.036328125 0.048046875
0 0.1484375 0.140625 0.02578125 0.04453125
0 0.150390625 0.178515625 0.028515625 0.055078125
0 0.26796875 0.132421875 0.044921875 0.066015625
0 0.233984375 0.1046875 0.069921875 0.041015625
0 0.22734375 0.14921875 0.055859375 0.053125
0 0.202734375 0.148828125 0.03359375 0.041796875
0 0.16953125 0.18828125 0.0453125 0.0421875
0 0.171484375 0.146875 0.038671875 0.048046875
0 0.214453125 0.201171875 0.046875 0.0546875
0 0.1875 0.220703125 0.051953125 0.04765625
0 0.292578125 0.115234375 0.034375 0.061328125
0 0.31875 0.094921875 0.048046875 0.034375
0 0.342578125 0.107421875 0.037890625 0.053515625
0 0.323046875 0.139453125 0.041015625 0.043359375
0 0.348828125 0.25078125 0.040234375 0.06171875
0 0.33828125 0.29140625 0.061328125 0.05703125
0 0.376171875 0.287109375 0.05390625 0.059765625
0 0.384375 0.24453125 0.04765625 0.047265625
0 0.4484375 0.2171875 0.04609375 0.052734375
0 0.49453125 0.215625 0.05234375 0.054296875
0 0.50234375 0.177734375 0.065234375 0.061328125
0 0.344921875 0.1921875 0.054296875 0.055078125
0 0.40546875 0.22890625 0.058984375 0.057421875
0 0.588671875 0.11875 0.041015625 0.04765625
0 0.383984375 0.10078125 0.050390625 0.04609375
0 0.412890625 0.1078125 0.038671875 0.05703125
0 0.36640625 0.132421875 0.0375 0.0453125
0 0.45625 0.091796875 0.07109375 0.047265625
0 0.44609375 0.13359375 0.0578125 0.04375
0 0.574609375 0.154296875 0.068359375 0.0390625
0 0.53046875 0.1375 0.051171875 0.054296875
0 0.483984375 0.133203125 0.05859375 0.039453125
0 0.570703125 0.09140625 0.028125 0.040234375
0 0.5265625 0.09296875 0.06015625 0.039453125
0 0.38515625 0.18046875 0.0625 0.04609375
0 0.387109375 0.15546875 0.056640625 0.031640625
0 0.384375 0.13828125 0.034375 0.0265625
0 0.421484375 0.174609375 0.03984375 0.045703125
0 0.453515625 0.169921875 0.04453125 0.04375
0 0.542578125 0.119921875 0.063671875 0.0265625
0 0.914453125 0.45546875 0.05078125 0.086328125