0 0.034765625 0.07890625 0.069140625 0.06171875
0 0.083984375 0.140234375 0.081640625 0.075390625
0 0.200390625 0.25546875 0.067578125 0.07265625
0 0.24765625 0.338671875 0.06328125 0.066015625
0 0.02265625 0.464453125 0.044921875 0.056640625
0 0.03359375 0.783203125 0.0671875 0.101953125
0 0.149609375 0.794921875 0.076171875 0.076171875
0 0.20859375 0.8203125 0.094921875 0.062109375
0 0.5890625 0.87578125 0.063671875 0.075
0 0.4734375 0.841796875 0.08515625 0.0671875
0 0.33515625 0.830859375 0.061328125 0.07109375
0 0.45625 0.536328125 0.05078125 0.08125
0 0.595703125 0.501953125 0.070703125 0.05625
0 0.671875 0.44453125 0.086328125 0.053125
0 0.330078125 0.102734375 0.05390625 0.09296875
0 0.38828125 0.09296875 0.0765625 0.06953125
0 0.8328125 0.21484375 0.068359375 0.082421875
0 0.959765625 0.220703125 0.08046875 0.086328125
0 0.800390625 0.686328125 0.05234375 0.08984375
0 0.856640625 0.823046875 0.087109375 0.06484375
0 0.966015625 0.49921875 0.06796875 0.0625
0 0.981640625 0.40703125 0.03671875 0.0625