0 0.081640625 0.776953125 0.08984375 0.06640625
0 0.226171875 0.864453125 0.08203125 0.06484375
0 0.282421875 0.318359375 0.05703125 0.07890625
0 0.03359375 0.35546875 0.065625 0.046875
0 0.00546875 0.26640625 0.009375 0.0296875
0 0.399609375 0.09296875 0.07578125 0.0609375
0 0.41171875 0.233203125 0.0703125 0.06484375
0 0.475390625 0.1484375 0.10390625 0.0578125
0 0.48515625 0.191796875 0.1078125 0.06640625
0 0.84296875 0.42265625 0.0875 0.0953125
0 0.861328125 0.273828125 0.10078125 0.05859375
0 0.79609375 0.253125 0.1109375 0.0609375
0 0.826171875 0.159375 0.10546875 0.06875
0 0.700390625 0.209375 0.08359375 0.0625
0 0.666015625 0.14765625 0.09296875 0.071875
0 0.66328125 0.08671875 0.1 0.0921875