0 0.15 0.097265625 0.0640625 0.06171875
0 0.153125 0.12734375 0.05703125 0.049609375
0 0.196484375 0.15625 0.050390625 0.067578125
0 0.2078125 0.11640625 0.037109375 0.0421875
0 0.3 0.88359375 0.0640625 0.04765625
0 0.344921875 0.867578125 0.06171875 0.05703125
0 0.39296875 0.86171875 0.076953125 0.040234375
0 0.39765625 0.821875 0.088671875 0.069140625
0 0.2953125 0.80390625 0.0609375 0.062890625
0 0.32578125 0.69140625 0.053125 0.06171875
0 0.275 0.741015625 0.056640625 0.072265625
0 0.1515625 0.740625 0.07421875 0.05234375
0 0.18125 0.79375 0.042578125 0.0671875
0 0.226953125 0.795703125 0.0515625 0.03984375
0 0.147265625 0.802734375 0.043359375 0.055859375
0 0.2125 0.81953125 0.056640625 0.03671875
0 0.2015625 0.856640625 0.043359375 0.059375
0 0.16328125 0.835546875 0.053515625 0.043359375
0 0.161328125 0.8625 0.033984375 0.045703125
0 0.17890625 0.8734375 0.02890625 0.030859375
0 0.2515625 0.7734375 0.0671875 0.04140625
0 0.22578125 0.750390625 0.04921875 0.060546875
0 0.205859375 0.757421875 0.03359375 0.0328125
0 0.177734375 0.6171875 0.061328125 0.046875
0 0.21328125 0.687109375 0.078515625 0.05703125
0 0.181640625 0.695703125 0.062109375 0.04140625
0 0.141796875 0.669140625 0.084375 0.04921875
0 0.36640625 0.626171875 0.063671875 0.047265625
0 0.4453125 0.58359375 0.068359375 0.046875
0 0.15546875 0.525 0.06875 0.0359375
0 0.16015625 0.5515625 0.058984375 0.046875
0 0.14453125 0.43671875 0.09609375 0.046484375
0 0.149609375 0.474609375 0.056640625 0.055859375
0 0.255078125 0.369921875 0.071484375 0.05625
0 0.17265625 0.331640625 0.08515625 0.06171875
0 0.16171875 0.308984375 0.066015625 0.044921875
0 0.147265625 0.3984375 0.061328125 0.036328125
0 0.16953125 0.377734375 0.076171875 0.04375
0 0.142578125 0.36796875 0.03671875 0.034375
0 0.16484375 0.2609375 0.066015625 0.046484375
0 0.158203125 0.227734375 0.060546875 0.035546875
0 0.24609375 0.184765625 0.06640625 0.072265625
0 0.3625 0.18984375 0.065234375 0.06875
0 0.1796875 0.184765625 0.048046875 0.0703125
0 0.14921875 0.183203125 0.038671875 0.071875
0 0.234765625 0.117578125 0.04921875 0.06796875
0 0.262109375 0.098046875 0.066015625 0.065234375
0 0.29609375 0.151171875 0.069921875 0.04765625
0 0.3375 0.11015625 0.037890625 0.06640625
0 0.304296875 0.112890625 0.046484375 0.0453125
0 0.380859375 0.11171875 0.067578125 0.051171875
0 0.417578125 0.13046875 0.04609375 0.051953125
0 0.436328125 0.1015625 0.048046875 0.056640625
0 0.394921875 0.155859375 0.06640625 0.055859375
0 0.459375 0.14609375 0.056640625 0.073046875
0 0.73984375 0.1109375 0.051171875 0.059375
0 0.6015625 0.1046875 0.050390625 0.05703125
0 0.946484375 0.099609375 0.06640625 0.048046875
0 0.88203125 0.0890625 0.06171875 0.042578125
0 0.8671875 0.124609375 0.06953125 0.048046875
0 0.843359375 0.18671875 0.036328125 0.068359375
0 0.87265625 0.164453125 0.044140625 0.084765625
0 0.93359375 0.1234375 0.04296875 0.076953125
0 0.92109375 0.16484375 0.06328125 0.047265625
0 0.98359375 0.209375 0.032421875 0.063671875
0 0.9 0.191015625 0.04140625 0.053125
0 0.883203125 0.222265625 0.044921875 0.060546875
0 0.89453125 0.4 0.0703125 0.052734375
0 0.90234375 0.531640625 0.059375 0.04921875
0 0.844921875 0.443359375 0.04296875 0.061328125
0 0.8921875 0.461328125 0.07421875 0.04921875
0 0.801953125 0.408203125 0.059375 0.06640625
0 0.710546875 0.36015625 0.070703125 0.0546875
0 0.5421875 0.34921875 0.07109375 0.046484375
0 0.59296875 0.345703125 0.039453125 0.04921875
0 0.630078125 0.515234375 0.061328125 0.066015625
0 0.7984375 0.570703125 0.055078125 0.0671875
0 0.979296875 0.812890625 0.041015625 0.071875
0 0.9453125 0.8109375 0.0453125 0.059765625
0 0.8328125 0.714453125 0.053515625 0.055859375
0 0.74140625 0.744921875 0.065625 0.046484375
0 0.763671875 0.840625 0.07421875 0.0828125
0 0.728125 0.95546875 0.0375 0.066015625
0 0.686328125 0.887109375 0.067578125 0.0828125
0 0.602734375 0.869140625 0.064453125 0.07890625
0 0.5421875 0.85078125 0.065625 0.05859375
0 0.680859375 0.669921875 0.047265625 0.07578125
0 0.547265625 0.721484375 0.076171875 0.045703125
0 0.499609375 0.744140625 0.071484375 0.044921875
0 0.5453125 0.782421875 0.06953125 0.06015625
0 0.4921875 0.7828125 0.075390625 0.05234375
0 0.541796875 0.48671875 0.067578125 0.047265625
0 0.41953125 0.38046875 0.076953125 0.039453125
0 0.35234375 0.457421875 0.058984375 0.062109375
0 0.529296875 0.5375 0.067578125 0.04296875
0 0.316015625 0.3984375 0.092578125 0.04296875
0 0.392578125 0.266015625 0.066015625 0.048828125
0 0.48359375 0.19921875 0.08046875 0.060546875
0 0.519140625 0.098828125 0.051171875 0.065625
0 0.487890625 0.109765625 0.0640625 0.061328125
0 0.20859375 0.641796875 0.06796875 0.04609375
0 0.9078125 0.814453125 0.0453125 0.072265625