0 0.7796875 0.766015625 0.073046875 0.08828125
0 0.946875 0.858203125 0.069140625 0.076171875
0 0.690234375 0.77890625 0.0515625 0.07421875
0 0.7296875 0.803515625 0.04765625 0.084375
0 0.653515625 0.830078125 0.044921875 0.08125
0 0.620703125 0.824609375 0.0671875 0.06328125
0 0.658984375 0.880078125 0.08203125 0.058984375
0 0.2359375 0.7515625 0.0875 0.05546875
0 0.16796875 0.82578125 0.052734375 0.081640625
0 0.2078125 0.829296875 0.048828125 0.07578125
0 0.45546875 0.458203125 0.067578125 0.064453125
0 0.426171875 0.2453125 0.0734375 0.058984375
0 0.415625 0.294921875 0.059375 0.0765625
0 0.466015625 0.329296875 0.049609375 0.07734375
0 0.516015625 0.35703125 0.0484375 0.08125