0 0.366796875 0.662890625 0.05078125 0.05859375
0 0.14609375 0.487109375 0.09375 0.05078125
0 0.15390625 0.69765625 0.0859375 0.05625
0 0.33359375 0.7921875 0.0421875 0.0796875
0 0.68671875 0.833203125 0.0609375 0.07890625
0 0.66015625 0.892578125 0.059375 0.05546875
0 0.54296875 0.858203125 0.059375 0.05078125
0 0.590234375 0.86953125 0.05234375 0.06875
0 0.3171875 0.8328125 0.0578125 0.04375
0 0.344921875 0.859375 0.06328125 0.0546875
0 0.193359375 0.87421875 0.05546875 0.0609375
0 0.087890625 0.842578125 0.07109375 0.06171875
0 0.021484375 0.763671875 0.04140625 0.04453125
0 0.021875 0.888671875 0.0421875 0.04609375
0 0.0265625 0.85 0.0515625 0.046875
0 0.1140625 0.973046875 0.0609375 0.05390625
0 0.17578125 0.9609375 0.0609375 0.078125
0 0.21640625 0.975 0.0609375 0.05
0 0.398046875 0.893359375 0.05078125 0.05078125
0 0.4109375 0.8640625 0.0359375 0.0640625
0 0.44765625 0.844140625 0.059375 0.07265625
0 0.483203125 0.890625 0.05546875 0.05625
0 0.815625 0.3078125 0.0671875 0.05625
0 0.928515625 0.2703125 0.08984375 0.053125
0 0.987890625 0.108203125 0.02421875 0.07734375
0 0.753125 0.12265625 0.0640625 0.0515625
0 0.46875 0.19375 0.0578125 0.059375
0 0.476171875 0.14453125 0.07265625 0.0484375
0 0.430078125 0.1125 0.06015625 0.06875
0 0.309375 0.13125 0.059375 0.05625
0 0.221875 0.102734375 0.075 0.04765625
0 0.08671875 0.112109375 0.0546875 0.06171875
0 0.03203125 0.103125 0.0625 0.0484375
0 0.043359375 0.165234375 0.08515625 0.06328125
0 0.0890625 0.7875 0.0765625 0.0484375