0 0.098828125 0.4234375 0.06171875 0.0578125
0 0.237890625 0.473046875 0.06484375 0.03828125
0 0.52421875 0.5296875 0.065625 0.0453125
0 0.575 0.492578125 0.040625 0.07578125
0 0.5859375 0.426171875 0.06875 0.04765625
0 0.829296875 0.2390625 0.06328125 0.071875
0 0.901171875 0.194921875 0.05546875 0.06953125
0 0.7296875 0.664453125 0.05 0.07265625
0 0.694140625 0.766015625 0.05703125 0.06796875
0 0.726953125 0.815625 0.08203125 0.065625
0 0.829296875 0.84140625 0.05078125 0.0671875
0 0.88359375 0.81796875 0.04375 0.096875
0 0.929296875 0.825390625 0.05078125 0.06953125
0 0.9703125 0.868359375 0.05625 0.06328125
0 0.925 0.96171875 0.059375 0.0609375
0 0.88046875 0.964453125 0.0671875 0.06328125
0 0.8046875 0.96640625 0.0828125 0.0671875
0 0.725 0.951171875 0.0703125 0.08359375
0 0.679296875 0.85 0.07421875 0.0609375
0 0.660546875 0.881640625 0.07265625 0.04921875
0 0.607421875 0.8671875 0.06328125 0.0546875
0 0.548828125 0.887890625 0.06953125 0.05546875
0 0.463671875 0.809765625 0.05078125 0.07890625
0 0.397265625 0.81640625 0.04765625 0.0625
0 0.24140625 0.72890625 0.0546875 0.0921875
0 0.03046875 0.748046875 0.0578125 0.07734375
0 0.04765625 0.81171875 0.078125 0.0734375
0 0.75078125 0.17890625 0.0640625 0.065625
0 0.02578125 0.2390625 0.05 0.0421875
0 0.0734375 0.259375 0.0609375 0.0375
0 0.059765625 0.220703125 0.05703125 0.04140625
0 0.16328125 0.217578125 0.040625 0.05859375
0 0.194921875 0.1875 0.05390625 0.059375
0 0.2015625 0.14765625 0.059375 0.053125
0 0.158203125 0.135546875 0.03046875 0.04921875
0 0.132421875 0.13203125 0.03515625 0.05625
0 0.13984375 0.176953125 0.0546875 0.03984375
0 0.123046875 0.221875 0.05859375 0.0734375
0 0.10234375 0.176953125 0.04375 0.07109375
0 0.028515625 0.196875 0.05546875 0.034375
0 0.06875 0.18046875 0.0453125 0.0515625
0 0.024609375 0.161328125 0.04140625 0.03046875
0 0.106640625 0.12265625 0.04140625 0.0546875
0 0.07890625 0.094140625 0.0328125 0.05390625
0 0.0515625 0.096484375 0.028125 0.05859375
0 0.016796875 0.099609375 0.03203125 0.06328125
0 0.063671875 0.133203125 0.04609375 0.04140625
0 0.023828125 0.1453125 0.04296875 0.0421875
0 0.11796875 0.08671875 0.040625 0.0546875
0 0.159765625 0.090234375 0.03359375 0.04609375
0 0.187109375 0.0984375 0.03515625 0.0578125
0 0.219140625 0.09609375 0.04765625 0.059375
0 0.27265625 0.087890625 0.0609375 0.05703125
0 0.31015625 0.110546875 0.0375 0.08046875
0 0.282421875 0.13671875 0.05234375 0.040625
0 0.230078125 0.13203125 0.06953125 0.059375
0 0.251171875 0.180078125 0.05078125 0.06796875
0 0.28828125 0.18203125 0.034375 0.075
0 0.323828125 0.176953125 0.05234375 0.06953125
0 0.363671875 0.178515625 0.06328125 0.04765625
0 0.351953125 0.21328125 0.08671875 0.0484375
0 0.335546875 0.087109375 0.03203125 0.03984375
0 0.348046875 0.120703125 0.03671875 0.05546875
0 0.426171875 0.1796875 0.06171875 0.0625
0 0.546484375 0.218359375 0.03984375 0.06640625
0 0.972265625 0.20625 0.05546875 0.053125
0 0.973046875 0.163671875 0.05390625 0.03828125
0 0.962890625 0.144921875 0.06328125 0.03515625
0 0.98671875 0.09140625 0.0265625 0.065625
0 0.959375 0.11640625 0.0640625 0.0359375
0 0.951171875 0.0859375 0.06484375 0.0453125
0 0.90625 0.087890625 0.05 0.05234375
0 0.9109375 0.13046875 0.0453125 0.059375
0 0.866015625 0.083984375 0.04296875 0.05234375
0 0.870703125 0.1359375 0.05859375 0.0546875
0 0.83515625 0.100390625 0.0390625 0.07265625
0 0.838671875 0.1640625 0.04609375 0.0625
0 0.793359375 0.15859375 0.03203125 0.0890625
0 0.808984375 0.0953125 0.06953125 0.046875
0 0.754296875 0.113671875 0.05234375 0.07421875
0 0.730078125 0.08984375 0.06640625 0.0515625
0 0.673828125 0.0984375 0.04140625 0.046875
0 0.630078125 0.091796875 0.05078125 0.05390625
0 0.5984375 0.0921875 0.040625 0.0578125
0 0.571484375 0.092578125 0.05703125 0.04609375
0 0.544921875 0.130859375 0.05390625 0.05859375
0 0.60859375 0.13359375 0.0328125 0.0421875
0 0.642578125 0.184765625 0.02578125 0.06171875
0 0.68515625 0.159765625 0.0578125 0.05390625
0 0.646875 0.1328125 0.040625 0.05
0 0.587890625 0.20390625 0.05390625 0.0484375
0 0.5171875 0.20546875 0.053125 0.075
0 0.4875 0.180078125 0.0546875 0.06328125
0 0.506640625 0.153125 0.06640625 0.0546875
0 0.5015625 0.090625 0.0421875 0.0640625
0 0.534375 0.09453125 0.053125 0.053125
0 0.4765625 0.121875 0.05 0.0515625
0 0.45078125 0.086328125 0.053125 0.04453125
0 0.438671875 0.11953125 0.05234375 0.053125
0 0.380859375 0.093359375 0.03984375 0.04609375
0 0.409375 0.094140625 0.0578125 0.05546875
0 0.3828125 0.134765625 0.0671875 0.04453125