0 0.9265625 0.16953125 0.06640625 0.05
0 0.918359375 0.118359375 0.056640625 0.071484375
0 0.881640625 0.12890625 0.051953125 0.07421875
0 0.833203125 0.109375 0.062890625 0.039453125
0 0.8546875 0.16171875 0.04921875 0.051953125
0 0.8375 0.15 0.08203125 0.0703125
0 0.883203125 0.1921875 0.08203125 0.04609375
0 0.876171875 0.22890625 0.07734375 0.0546875
0 0.715234375 0.2015625 0.049609375 0.0828125
0 0.6625 0.280078125 0.07421875 0.054296875
0 0.773828125 0.5890625 0.05234375 0.071484375
0 0.700390625 0.56640625 0.069140625 0.05625
0 0.2609375 0.637890625 0.062890625 0.064453125
0 0.29296875 0.690234375 0.0671875 0.069140625
0 0.25859375 0.7171875 0.06015625 0.059375
0 0.4640625 0.87265625 0.0765625 0.06171875
0 0.530859375 0.875 0.065234375 0.050390625
0 0.0484375 0.883984375 0.06640625 0.05625