0 0.033203125 0.083203125 0.06640625 0.06953125
0 0.0109375 0.176953125 0.021875 0.07890625
0 0.225390625 0.15703125 0.055078125 0.075
0 0.215234375 0.1125 0.068359375 0.055078125
0 0.212109375 0.080078125 0.084765625 0.05390625
0 0.273828125 0.10078125 0.05703125 0.05859375
0 0.295703125 0.08046875 0.062109375 0.058203125
0 0.26640625 0.15703125 0.050390625 0.0734375
0 0.28671875 0.228125 0.066015625 0.07421875
0 0.30703125 0.18671875 0.072265625 0.075390625
0 0.3421875 0.183203125 0.0828125 0.073046875
0 0.299609375 0.128515625 0.043359375 0.060546875
0 0.335546875 0.120703125 0.055078125 0.0859375
0 0.376953125 0.10625 0.048828125 0.0828125
0 0.353515625 0.06875 0.067578125 0.057421875
0 0.416796875 0.073046875 0.078125 0.073046875
0 0.48046875 0.089453125 0.047265625 0.077734375
0 0.442578125 0.12890625 0.084765625 0.0640625
0 0.5234375 0.083984375 0.075390625 0.075390625
0 0.5984375 0.1125 0.058203125 0.08828125
0 0.627734375 0.141015625 0.07890625 0.05390625
0 0.60546875 0.1859375 0.05859375 0.0921875
0 0.707421875 0.2375 0.075390625 0.06328125
0 0.649609375 0.26640625 0.067578125 0.0734375
0 0.586328125 0.2546875 0.094140625 0.05625
0 0.6828125 0.13515625 0.060546875 0.0765625
0 0.684375 0.080078125 0.05625 0.06484375
0 0.122265625 0.536328125 0.072265625 0.068359375
0 0.03125 0.7390625 0.0625 0.071875
0 0.081640625 0.742578125 0.062109375 0.058984375
0 0.523828125 0.873046875 0.065234375 0.06484375
0 0.455078125 0.8640625 0.065625 0.0796875
0 0.39296875 0.874609375 0.06171875 0.079296875
0 0.35078125 0.90546875 0.047265625 0.05234375
0 0.335546875 0.850390625 0.071875 0.06796875
0 0.318359375 0.89765625 0.048046875 0.062109375
0 0.28203125 0.909765625 0.062109375 0.0609375
0 0.294921875 0.848828125 0.05703125 0.07578125
0 0.280078125 0.798828125 0.05078125 0.071875
0 0.2484375 0.8375 0.073046875 0.06484375
0 0.150390625 0.7796875 0.06015625 0.06640625
0 0.169921875 0.81875 0.076171875 0.051953125
0 0.0953125 0.7703125 0.08203125 0.048828125
0 0.108984375 0.8125 0.078125 0.057421875
0 0.062890625 0.812109375 0.0515625 0.059765625
0 0.231640625 0.887890625 0.051171875 0.06875
0 0.18828125 0.91328125 0.069921875 0.046875
0 0.191015625 0.8609375 0.05859375 0.06640625
0 0.156640625 0.858203125 0.071875 0.055078125
0 0.116796875 0.86484375 0.047265625 0.06796875
0 0.07265625 0.85234375 0.073046875 0.066015625
0 0.03125 0.864453125 0.058203125 0.062890625
0 0.02890625 0.9171875 0.0578125 0.0640625
0 0.014453125 0.848828125 0.02890625 0.04609375
0 0.06484375 0.904296875 0.055078125 0.058984375
0 0.101953125 0.9125 0.068359375 0.0640625
0 0.15078125 0.906640625 0.0609375 0.0515625
0 0.98125 0.16484375 0.037109375 0.06796875
0 0.968359375 0.303515625 0.062890625 0.087109375
0 0.8765625 0.1921875 0.09609375 0.06171875
0 0.9484375 0.15234375 0.071875 0.0671875
0 0.93984375 0.12109375 0.086328125 0.06015625
0 0.9375 0.070703125 0.066015625 0.060546875
0 0.893359375 0.08671875 0.06484375 0.065625
0 0.85078125 0.115625 0.05390625 0.0921875
0 0.830078125 0.0671875 0.0671875 0.053515625
0 0.787890625 0.073046875 0.078125 0.06796875
0 0.73671875 0.0765625 0.06171875 0.063671875
0 0.734765625 0.1265625 0.05546875 0.08125
0 0.763671875 0.148046875 0.056640625 0.073828125
0 0.8171875 0.150390625 0.04921875 0.095703125
0 0.794140625 0.106640625 0.071484375 0.0484375