0 0.881640625 0.0578125 0.076953125 0.0671875
0 0.908984375 0.10625 0.104296875 0.058203125
0 0.95859375 0.14765625 0.0828125 0.0890625
0 0.891796875 0.16015625 0.068359375 0.078515625
0 0.77109375 0.094921875 0.075 0.09296875
0 0.672265625 0.0703125 0.073828125 0.054296875
0 0.68125 0.110546875 0.090234375 0.05078125
0 0.681640625 0.15390625 0.06796875 0.073828125
0 0.68125 0.433984375 0.076953125 0.07890625
0 0.89140625 0.369140625 0.077734375 0.10546875
0 0.963671875 0.34453125 0.072265625 0.117578125
0 0.976171875 0.26328125 0.047265625 0.0890625
0 0.886328125 0.77421875 0.07890625 0.086328125
0 0.9734375 0.85703125 0.053125 0.071875
0 0.94921875 0.883203125 0.059375 0.0734375
0 0.881640625 0.8265625 0.1015625 0.056640625
0 0.9109375 0.8859375 0.05703125 0.074609375
0 0.869921875 0.873828125 0.066015625 0.05859375
0 0.8390625 0.886328125 0.082421875 0.065234375
0 0.770703125 0.869921875 0.091015625 0.071875
0 0.71875 0.83828125 0.101171875 0.076171875
0 0.65546875 0.83125 0.059765625 0.084375
0 0.6125 0.77578125 0.084765625 0.069140625
0 0.571484375 0.814453125 0.070703125 0.045703125
0 0.60390625 0.844140625 0.058984375 0.076953125
0 0.53359375 0.786328125 0.084765625 0.0546875
0 0.50078125 0.823046875 0.049609375 0.088671875
0 0.55546875 0.84375 0.060546875 0.063671875
0 0.546875 0.899609375 0.07734375 0.065625
0 0.469140625 0.878515625 0.059375 0.076171875
0 0.455078125 0.61796875 0.0828125 0.066796875
0 0.509765625 0.71796875 0.090625 0.07734375
0 0.428515625 0.76796875 0.102734375 0.06328125
0 0.37109375 0.8203125 0.064453125 0.08671875
0 0.409375 0.8859375 0.080078125 0.059375
0 0.215625 0.6046875 0.068359375 0.078515625
0 0.0609375 0.861328125 0.0703125 0.05234375
0 0.05546875 0.79609375 0.101953125 0.072265625
0 0.188671875 0.7046875 0.0765625 0.074609375
0 0.241796875 0.715234375 0.0703125 0.069140625
0 0.240625 0.778515625 0.074609375 0.065625
0 0.1734375 0.787890625 0.076171875 0.063671875
0 0.137890625 0.555859375 0.07265625 0.0703125
0 0.662890625 0.531640625 0.071484375 0.091796875
0 0.33359375 0.13203125 0.0625 0.1015625
0 0.190625 0.27734375 0.078515625 0.09609375
0 0.068359375 0.194921875 0.08828125 0.078125
0 0.045703125 0.06875 0.09140625 0.0734375
0 0.13203125 0.101171875 0.08671875 0.0734375
0 0.151953125 0.13671875 0.080859375 0.07421875
0 0.163671875 0.2 0.06875 0.0796875
0 0.403125 0.0890625 0.05390625 0.109375
0 0.449609375 0.08359375 0.059765625 0.0875
0 0.48125 0.1203125 0.074609375 0.0921875
0 0.512890625 0.301953125 0.08984375 0.08671875