0 0.95546875 0.126171875 0.076953125 0.0625
0 0.948828125 0.190234375 0.06328125 0.06875
0 0.608203125 0.243359375 0.06015625 0.06484375
0 0.765234375 0.514453125 0.05859375 0.084765625
0 0.19375 0.389453125 0.07109375 0.05625
0 0.45 0.40859375 0.046875 0.072265625
0 0.585546875 0.565625 0.06328125 0.072265625
0 0.012890625 0.537890625 0.02578125 0.070703125
0 0.34609375 0.60078125 0.085546875 0.063671875
0 0.23984375 0.64140625 0.0640625 0.06953125
0 0.094140625 0.676953125 0.056640625 0.076171875
0 0.009765625 0.73359375 0.01953125 0.059375
0 0.031640625 0.86953125 0.05390625 0.0734375
0 0.08125 0.865625 0.06640625 0.068359375
0 0.162109375 0.8546875 0.059375 0.07421875
0 0.246875 0.884765625 0.103515625 0.05703125
0 0.415625 0.78125 0.070703125 0.0625
0 0.495703125 0.815234375 0.05546875 0.0828125
0 0.59765625 0.796875 0.049609375 0.07734375
0 0.655859375 0.796484375 0.096875 0.054296875
0 0.642578125 0.84296875 0.094140625 0.055078125
0 0.890625 0.707421875 0.085546875 0.0578125