0 0.015234375 0.152734375 0.03046875 0.05078125
0 0.03125 0.11796875 0.0625 0.0953125
0 0.11015625 0.121484375 0.0703125 0.096484375
0 0.1765625 0.1625 0.094921875 0.066796875
0 0.163671875 0.232421875 0.080078125 0.071484375
0 0.283984375 0.133203125 0.06640625 0.09765625
0 0.30703125 0.283203125 0.08515625 0.061328125
0 0.375 0.08828125 0.052734375 0.10234375
0 0.419921875 0.090625 0.05390625 0.0734375
0 0.448046875 0.20546875 0.06484375 0.07890625
0 0.480859375 0.101953125 0.051953125 0.089453125
0 0.540625 0.1359375 0.061328125 0.0921875
0 0.562109375 0.0890625 0.0828125 0.046875
0 0.582421875 0.1234375 0.06328125 0.0703125
0 0.626171875 0.13515625 0.05859375 0.09375
0 0.665234375 0.153515625 0.09140625 0.067578125
0 0.64609375 0.056640625 0.05859375 0.09609375
0 0.68671875 0.098828125 0.071484375 0.066796875
0 0.754296875 0.095703125 0.052734375 0.081640625
0 0.760546875 0.155859375 0.05625 0.0625
0 0.769140625 0.204296875 0.093359375 0.08359375
0 0.8140625 0.155078125 0.076171875 0.0515625
0 0.796875 0.100390625 0.05625 0.075390625
0 0.798046875 0.066796875 0.07265625 0.058203125
0 0.834765625 0.0703125 0.055078125 0.0765625
0 0.84765625 0.11015625 0.059375 0.064453125
0 0.8765625 0.137890625 0.030078125 0.06328125
0 0.89765625 0.134765625 0.034375 0.0875
0 0.884375 0.06875 0.051171875 0.06015625
0 0.91875 0.089453125 0.05078125 0.07734375
0 0.955859375 0.077734375 0.071875 0.080859375
0 0.977734375 0.090625 0.04453125 0.074609375
0 0.976171875 0.159375 0.047265625 0.06953125
0 0.95234375 0.200390625 0.067578125 0.075390625
0 0.98984375 0.28515625 0.0203125 0.04375
0 0.808984375 0.25078125 0.084765625 0.08359375
0 0.6921875 0.271875 0.08203125 0.07890625
0 0.755078125 0.398046875 0.083984375 0.074609375
0 0.957421875 0.429296875 0.08515625 0.06328125
0 0.85234375 0.638671875 0.09921875 0.063671875
0 0.704296875 0.6078125 0.086328125 0.06328125
0 0.73046875 0.70390625 0.103515625 0.071484375
0 0.84609375 0.819921875 0.09921875 0.06796875
0 0.83046875 0.881640625 0.0734375 0.0515625
0 0.557421875 0.831640625 0.084765625 0.058984375
0 0.572265625 0.893359375 0.08046875 0.07109375
0 0.4859375 0.868359375 0.059375 0.087890625
0 0.49296875 0.740234375 0.087890625 0.064453125
0 0.280078125 0.62890625 0.085546875 0.073828125
0 0.018359375 0.775 0.03671875 0.0609375
0 0.215234375 0.73125 0.083984375 0.06171875
0 0.382421875 0.823046875 0.051953125 0.0875
0 0.37421875 0.90546875 0.076171875 0.065234375
0 0.337109375 0.838671875 0.06328125 0.06015625
0 0.26796875 0.8375 0.051171875 0.09296875
0 0.32109375 0.90078125 0.051953125 0.073046875
0 0.2453125 0.8875 0.052734375 0.0625
0 0.266015625 0.907421875 0.061328125 0.055859375
0 0.21640625 0.89921875 0.04765625 0.067578125
0 0.2171875 0.83046875 0.06484375 0.065234375
0 0.14921875 0.775390625 0.083984375 0.04609375
0 0.0140625 0.846484375 0.027734375 0.067578125
0 0.05234375 0.808203125 0.087890625 0.06171875
0 0.10234375 0.8203125 0.08203125 0.064453125
0 0.091015625 0.85 0.071875 0.049609375
0 0.049609375 0.8609375 0.04765625 0.067578125
0 0.0234375 0.895703125 0.046875 0.055859375
0 0.069921875 0.9 0.051171875 0.071484375
0 0.1078125 0.88515625 0.0484375 0.073046875
0 0.15 0.8734375 0.05078125 0.073828125
0 0.183984375 0.901171875 0.054296875 0.0921875
0 0.1171875 0.928125 0.071875 0.058203125
0 0.19765625 0.81640625 0.08125 0.073828125
0 0.1734375 0.427734375 0.08359375 0.063671875
0 0.16640625 0.49921875 0.097265625 0.069140625
0 0.421875 0.4109375 0.098828125 0.070703125
0 0.4296875 0.483984375 0.075390625 0.08828125