0 0.084765625 0.87265625 0.06015625 0.02578125
0 0.21875 0.86796875 0.05859375 0.045703125
0 0.03203125 0.81328125 0.0640625 0.0625
0 0.02890625 0.72265625 0.0578125 0.0578125
0 0.113671875 0.75078125 0.08125 0.05703125
0 0.181640625 0.7390625 0.07578125 0.061328125
0 0.095703125 0.706640625 0.068359375 0.082421875
0 0.084375 0.63671875 0.073046875 0.07265625
0 0.250390625 0.666015625 0.08828125 0.05546875
0 0.21796875 0.609375 0.059375 0.075
0 0.312109375 0.836328125 0.0859375 0.06875
0 0.3203125 0.77578125 0.077734375 0.05859375
0 0.3796875 0.69375 0.05546875 0.08125
0 0.3453125 0.58828125 0.0796875 0.052734375
0 0.117578125 0.48203125 0.083203125 0.046484375
0 0.02734375 0.397265625 0.0546875 0.07421875
0 0.076953125 0.32578125 0.0625 0.077734375
0 0.217578125 0.37734375 0.08359375 0.048046875
0 0.26640625 0.46171875 0.052734375 0.0828125
0 0.38359375 0.525390625 0.067578125 0.078515625
0 0.359375 0.47421875 0.079296875 0.05625
0 0.350390625 0.400390625 0.084375 0.049609375
0 0.451171875 0.3171875 0.084765625 0.044921875
0 0.54609375 0.305078125 0.04921875 0.081640625
0 0.56171875 0.0703125 0.06953125 0.060546875
0 0.970703125 0.06484375 0.058203125 0.075390625
0 0.91640625 0.20546875 0.095703125 0.06953125
0 0.8515625 0.169921875 0.0671875 0.058984375
0 0.80625 0.1875 0.053125 0.059765625
0 0.84296875 0.12578125 0.05859375 0.05625
0 0.79453125 0.080859375 0.06640625 0.068359375
0 0.77109375 0.15 0.078125 0.06796875
0 0.69453125 0.204296875 0.05859375 0.09453125
0 0.631640625 0.121484375 0.0609375 0.076953125
0 0.956640625 0.32421875 0.08671875 0.073046875
0 0.9296875 0.399609375 0.079296875 0.05390625
0 0.9765625 0.501953125 0.046484375 0.0515625
0 0.980859375 0.552734375 0.03828125 0.055859375
0 0.914453125 0.496484375 0.082421875 0.058203125
0 0.800390625 0.353125 0.0578125 0.083984375
0 0.729296875 0.346484375 0.05546875 0.07578125
0 0.665234375 0.50078125 0.06015625 0.080078125
0 0.76953125 0.5296875 0.062890625 0.071875
0 0.964453125 0.615625 0.07109375 0.0625
0 0.869921875 0.59765625 0.08671875 0.059375
0 0.54765625 0.533203125 0.079296875 0.069140625
0 0.578515625 0.68984375 0.0796875 0.07421875
0 0.512890625 0.73046875 0.0734375 0.059765625
0 0.58671875 0.84765625 0.07421875 0.061328125
0 0.60625 0.901953125 0.078515625 0.06875
0 0.66484375 0.8140625 0.08828125 0.059375
0 0.750390625 0.8296875 0.051171875 0.082421875
0 0.773046875 0.723828125 0.082421875 0.05625
0 0.828515625 0.665234375 0.07578125 0.050390625
0 0.97578125 0.7109375 0.0484375 0.06171875
0 0.967578125 0.76171875 0.06484375 0.0578125
0 0.973828125 0.89375 0.05234375 0.06015625
0 0.8890625 0.87890625 0.0375 0.03203125
0 0.809765625 0.87734375 0.050390625 0.033203125
0 0.950390625 0.83203125 0.081640625 0.061328125
0 0.871875 0.84140625 0.071484375 0.062890625
0 0.8375 0.810546875 0.090625 0.0578125