0 0.984765625 0.09140625 0.03046875 0.075390625
0 0.960546875 0.1171875 0.065234375 0.1
0 0.918359375 0.089453125 0.057421875 0.0828125
0 0.875390625 0.06796875 0.053125 0.055078125
0 0.81484375 0.137890625 0.052734375 0.0890625
0 0.867578125 0.173046875 0.08046875 0.073828125
0 0.898828125 0.249609375 0.10234375 0.06796875
0 0.61171875 0.116796875 0.06015625 0.085546875
0 0.6671875 0.123046875 0.0625 0.0921875
0 0.703125 0.091015625 0.05390625 0.092578125
0 0.855859375 0.133203125 0.058984375 0.0828125
0 0.816015625 0.08046875 0.067578125 0.0546875
0 0.75078125 0.08125 0.055078125 0.076171875
0 0.783203125 0.1234375 0.047265625 0.067578125
0 0.55234375 0.0671875 0.058984375 0.062890625
0 0.5140625 0.10625 0.05234375 0.08671875
0 0.496875 0.06640625 0.044921875 0.04609375
0 0.4515625 0.066796875 0.04296875 0.05859375
0 0.413671875 0.075 0.050390625 0.053125
0 0.405859375 0.13125 0.045703125 0.093359375
0 0.44375 0.13359375 0.04296875 0.08984375
0 0.478515625 0.123828125 0.043359375 0.0875
0 0.513671875 0.11484375 0.059765625 0.0703125
0 0.37578125 0.14453125 0.053515625 0.087109375
0 0.31015625 0.1859375 0.0703125 0.087890625
0 0.35078125 0.069921875 0.074609375 0.0625
0 0.322265625 0.09296875 0.0859375 0.0609375
0 0.241015625 0.20390625 0.069921875 0.074609375
0 0.3484375 0.3 0.082421875 0.070703125
0 0.431640625 0.269921875 0.0921875 0.07109375
0 0.062890625 0.094921875 0.07421875 0.086328125
0 0.030078125 0.156640625 0.06015625 0.09453125
0 0.144140625 0.09609375 0.058984375 0.098828125
0 0.22421875 0.11875 0.06484375 0.077734375
0 0.185546875 0.090234375 0.052734375 0.084375
0 0.55859375 0.13359375 0.05390625 0.103125
0 0.4671875 0.468359375 0.0640625 0.077734375
0 0.307421875 0.7546875 0.063671875 0.098828125
0 0.23125 0.7859375 0.08359375 0.06484375
0 0.47109375 0.754296875 0.065234375 0.076171875
0 0.61796875 0.810546875 0.074609375 0.07578125
0 0.5546875 0.897265625 0.05234375 0.077734375
0 0.511328125 0.89375 0.0453125 0.08515625
0 0.45859375 0.851171875 0.046484375 0.07890625
0 0.472265625 0.900390625 0.059765625 0.071484375
0 0.437109375 0.891015625 0.043359375 0.083984375
0 0.403515625 0.898046875 0.054296875 0.083984375
0 0.384765625 0.84921875 0.068359375 0.07734375
0 0.301953125 0.83671875 0.05546875 0.081640625
0 0.2734375 0.903515625 0.05625 0.07890625
0 0.184375 0.89765625 0.088671875 0.063671875
0 0.32109375 0.909375 0.066796875 0.058203125
0 0.366796875 0.89921875 0.05546875 0.069140625
0 0.331640625 0.876171875 0.048828125 0.083203125
0 0.10390625 0.83203125 0.073046875 0.0734375
0 0.0265625 0.898828125 0.053125 0.06796875
0 0.06328125 0.3546875 0.0765625 0.071875
0 0.065625 0.441015625 0.084765625 0.075
0 0.802734375 0.709375 0.0859375 0.071875
0 0.705078125 0.806640625 0.07265625 0.073828125
0 0.79140625 0.546875 0.07734375 0.065234375
0 0.834375 0.498828125 0.10234375 0.064453125