0 0.066796875 0.08828125 0.06484375 0.091015625
0 0.030078125 0.09609375 0.06015625 0.0875
0 0.026953125 0.251953125 0.05390625 0.06796875
0 0.290625 0.096484375 0.057421875 0.0734375
0 0.3828125 0.163671875 0.06640625 0.057421875
0 0.278515625 0.154296875 0.07890625 0.06171875
0 0.33203125 0.153125 0.04296875 0.077734375
0 0.3828125 0.11640625 0.07421875 0.044921875
0 0.33984375 0.0921875 0.048046875 0.0375
0 0.110546875 0.738671875 0.063671875 0.08046875
0 0.578515625 0.773828125 0.0671875 0.078515625
0 0.534765625 0.880859375 0.08046875 0.0609375
0 0.947265625 0.316796875 0.075 0.0671875
0 0.8140625 0.175 0.07734375 0.0625
0 0.81796875 0.1171875 0.0578125 0.077734375
0 0.6875 0.094921875 0.0671875 0.093359375
0 0.761328125 0.0953125 0.060546875 0.074609375
0 0.718359375 0.0765625 0.038671875 0.0921875
0 0.65546875 0.091015625 0.053515625 0.07890625