0 0.79921875 0.059765625 0.070703125 0.06796875
0 0.826171875 0.087109375 0.074609375 0.049609375
0 0.86328125 0.16875 0.0734375 0.056640625
0 0.863671875 0.122265625 0.062109375 0.0609375
0 0.823828125 0.119921875 0.058203125 0.05859375
0 0.8078125 0.181640625 0.06953125 0.06015625
0 0.799609375 0.157421875 0.06015625 0.030859375
0 0.771875 0.12890625 0.078125 0.05859375
0 0.7390625 0.099609375 0.090625 0.080859375
0 0.562890625 0.39375 0.066796875 0.070703125
0 0.66796875 0.07734375 0.051953125 0.09296875
0 0.628125 0.080078125 0.047265625 0.091015625
0 0.586328125 0.0640625 0.079296875 0.0703125
0 0.01328125 0.083203125 0.0265625 0.05546875
0 0.055078125 0.07421875 0.076171875 0.06796875
0 0.173046875 0.056640625 0.075 0.0609375
0 0.30390625 0.06171875 0.0734375 0.06328125
0 0.38125 0.084765625 0.0734375 0.066796875
0 0.446484375 0.09140625 0.066796875 0.0765625
0 0.3890625 0.18828125 0.07734375 0.053515625
0 0.346875 0.113671875 0.050390625 0.083203125
0 0.3796875 0.141015625 0.058984375 0.056640625
0 0.4140625 0.155859375 0.062890625 0.0484375
0 0.279296875 0.0890625 0.06875 0.07578125
0 0.226171875 0.065625 0.054296875 0.049609375
0 0.0515625 0.184375 0.0609375 0.074609375
0 0.18828125 0.193359375 0.070703125 0.075390625
0 0.245703125 0.1546875 0.062109375 0.056640625
0 0.27890625 0.1375 0.063671875 0.0796875
0 0.245703125 0.107421875 0.059375 0.06171875
0 0.10546875 0.064453125 0.075390625 0.05703125
0 0.18984375 0.1421875 0.071875 0.06796875
0 0.11171875 0.09921875 0.07890625 0.049609375
0 0.177734375 0.098046875 0.07734375 0.03125
0 0.122265625 0.14375 0.08203125 0.069921875
0 0.04765625 0.109375 0.059765625 0.0765625
0 0.014453125 0.1421875 0.028515625 0.0609375
0 0.321875 0.178125 0.0578125 0.065234375
0 0.3171875 0.233984375 0.0890625 0.07890625
0 0.7546875 0.785546875 0.07109375 0.0875
0 0.540625 0.82421875 0.062890625 0.079296875
0 0.5890625 0.879296875 0.079296875 0.0703125
0 0.453515625 0.871484375 0.090625 0.07421875