0 0.87890625 0.875390625 0.08671875 0.076171875
0 0.6375 0.740234375 0.0734375 0.048828125
0 0.803125 0.371875 0.06171875 0.07421875
0 0.66640625 0.308203125 0.080078125 0.046875
0 0.664453125 0.36328125 0.074609375 0.060546875
0 0.575 0.403125 0.05703125 0.07421875
0 0.524609375 0.532421875 0.065234375 0.07265625
0 0.477734375 0.5078125 0.0546875 0.07578125
0 0.228125 0.6546875 0.06171875 0.080078125
0 0.243359375 0.771875 0.094140625 0.06171875
0 0.12421875 0.680859375 0.08671875 0.055859375
0 0.1453125 0.7203125 0.069921875 0.04765625