0 0.68984375 0.751171875 0.0484375 0.09296875
0 0.7484375 0.82421875 0.08125 0.053125
0 0.856640625 0.841015625 0.05390625 0.06484375
0 0.896484375 0.89453125 0.06484375 0.0578125
0 0.9453125 0.88203125 0.0671875 0.0640625
0 0.9 0.67890625 0.0765625 0.0625
0 0.967578125 0.597265625 0.05859375 0.04609375
0 0.841015625 0.569140625 0.08203125 0.05859375
0 0.374609375 0.63515625 0.08515625 0.075
0 0.296875 0.715625 0.0890625 0.0640625
0 0.61953125 0.373828125 0.06875 0.07421875
0 0.59921875 0.3109375 0.0671875 0.0765625
0 0.6453125 0.2390625 0.0734375 0.0640625
0 0.741015625 0.363671875 0.09140625 0.06796875
0 0.472265625 0.371875 0.07890625 0.0484375
0 0.460546875 0.416015625 0.08203125 0.05546875
0 0.47421875 0.201171875 0.0765625 0.06484375
0 0.528125 0.130078125 0.053125 0.07890625
0 0.708203125 0.151953125 0.08515625 0.06328125
0 0.720703125 0.212890625 0.06953125 0.06015625
0 0.716796875 0.25703125 0.06171875 0.0640625
0 0.77109375 0.318359375 0.0828125 0.06640625
0 0.78671875 0.205859375 0.0796875 0.08203125
0 0.82578125 0.297265625 0.0640625 0.07109375
0 0.826171875 0.144140625 0.07890625 0.04921875
0 0.849609375 0.186328125 0.07109375 0.05390625
0 0.859765625 0.226953125 0.07578125 0.05703125
0 0.437890625 0.053515625 0.07734375 0.08359375
0 0.4890625 0.09921875 0.0640625 0.0703125
0 0.369140625 0.897265625 0.11015625 0.04453125
0 0.27890625 0.89140625 0.084375 0.0546875
0 0.20625 0.8875 0.0734375 0.046875
0 0.230078125 0.83125 0.08515625 0.0609375
0 0.2109375 0.783984375 0.0765625 0.05078125
0 0.236328125 0.65234375 0.07109375 0.06875
0 0.22890625 0.58671875 0.065625 0.0609375
0 0.16796875 0.530859375 0.071875 0.06484375
0 0.171484375 0.3453125 0.07109375 0.0671875
0 0.21015625 0.43046875 0.0640625 0.0625
0 0.4390625 0.265625 0.0984375 0.0484375
0 0.39765625 0.2921875 0.1015625 0.0609375
0 0.39609375 0.35546875 0.0703125 0.0546875
0 0.302734375 0.269140625 0.09140625 0.08671875
0 0.261328125 0.294921875 0.06484375 0.05859375
0 0.3234375 0.605078125 0.075 0.04296875
0 0.22109375 0.17734375 0.078125 0.0609375
0 0.25625 0.20625 0.096875 0.0515625
0 0.322265625 0.1796875 0.06171875 0.0640625
0 0.377734375 0.2015625 0.05078125 0.0703125
0 0.421484375 0.183203125 0.05390625 0.09140625
0 0.352734375 0.123046875 0.05859375 0.06953125
0 0.403125 0.087109375 0.05625 0.06953125
0 0.331640625 0.075390625 0.06171875 0.07265625
0 0.2953125 0.081640625 0.0609375 0.06796875
0 0.274609375 0.116015625 0.04921875 0.06640625
0 0.095703125 0.33046875 0.06796875 0.06875
0 0.098828125 0.383984375 0.04765625 0.03828125
0 0.09453125 0.41640625 0.0640625 0.0375
0 0.134375 0.437109375 0.0515625 0.04765625
0 0.09375 0.521484375 0.0734375 0.05546875
0 0.10390625 0.573828125 0.078125 0.04765625
0 0.107421875 0.255859375 0.06328125 0.05390625
0 0.147265625 0.2078125 0.06953125 0.053125
0 0.149609375 0.16875 0.08046875 0.0484375
0 0.15546875 0.127734375 0.0640625 0.04921875
0 0.199609375 0.1 0.05703125 0.0828125
0 0.23359375 0.11640625 0.053125 0.071875
0 0.168359375 0.659375 0.06328125 0.0703125
0 0.1265625 0.63671875 0.0640625 0.046875
0 0.1375 0.7078125 0.05625 0.0640625
0 0.178125 0.739453125 0.0609375 0.06640625
0 0.14375 0.781640625 0.05625 0.05859375
0 0.16328125 0.85859375 0.044921875 0.064453125
0 0.147265625 0.83828125 0.02890625 0.0375
0 0.12109375 0.849609375 0.059375 0.06015625
0 0.178125 0.4765625 0.059375 0.0609375
0 0.233203125 0.49765625 0.05390625 0.0484375
0 0.255859375 0.533203125 0.08359375 0.05546875
0 0.2640625 0.380859375 0.05625 0.07265625
0 0.30625 0.378515625 0.05 0.07109375
0 0.35546875 0.37890625 0.059375 0.06875
0 0.36796875 0.422265625 0.053125 0.06796875
0 0.3921875 0.473046875 0.078125 0.05390625
0 0.39921875 0.534765625 0.0734375 0.06953125
0 0.345703125 0.577734375 0.08359375 0.04921875
0 0.312890625 0.521484375 0.06015625 0.07734375
0 0.977734375 0.903125 0.04453125 0.046875
0 0.5265625 0.06015625 0.064453125 0.0515625
0 0.57578125 0.10234375 0.04375 0.05859375
0 0.5921875 0.058984375 0.06171875 0.03828125
0 0.6390625 0.062109375 0.03046875 0.059375
0 0.659765625 0.059375 0.03828125 0.068359375
0 0.6921875 0.05703125 0.0390625 0.08671875
0 0.732421875 0.058203125 0.05078125 0.07109375
0 0.76875 0.0703125 0.0390625 0.064453125
0 0.754296875 0.115234375 0.07109375 0.046875
0 0.6640625 0.117578125 0.064453125 0.04609375
0 0.61796875 0.1171875 0.04296875 0.0625
0 0.099609375 0.18359375 0.0625 0.041015625
0 0.0984375 0.151953125 0.048828125 0.028125
0 0.101171875 0.1234375 0.0515625 0.034375
0 0.09921875 0.08828125 0.03984375 0.0359375
0 0.13125 0.08203125 0.034375 0.0390625
0 0.8046875 0.087890625 0.04296875 0.068359375
0 0.84375 0.09921875 0.037109375 0.04765625
0 0.83828125 0.062890625 0.059375 0.04375
0 0.8859375 0.141015625 0.046875 0.06171875
0 0.87734375 0.103515625 0.0421875 0.052734375
0 0.891015625 0.053125 0.03984375 0.04765625
0 0.933203125 0.10625 0.05390625 0.0390625
0 0.937109375 0.0671875 0.0578125 0.048828125
0 0.922265625 0.218359375 0.0421875 0.065625
0 0.961328125 0.22421875 0.0421875 0.059375
0 0.987109375 0.23828125 0.02578125 0.0625
0 0.962890625 0.1640625 0.044921875 0.060546875
0 0.92578125 0.14375 0.04296875 0.046875
0 0.980859375 0.11171875 0.03828125 0.046875
0 0.96015625 0.04921875 0.03515625 0.0578125
0 0.985546875 0.065625 0.02890625 0.0578125
0 0.983203125 0.31796875 0.03359375 0.084375
0 0.283203125 0.476171875 0.046875 0.04375
0 0.31015625 0.4375 0.05390625 0.033203125
0 0.331640625 0.472265625 0.0578125 0.03828125
0 0.31171875 0.437890625 0.044921875 0.04609375
0 0.25078125 0.461328125 0.04296875 0.034375
0 0.2640625 0.43125 0.0515625 0.028125
0 0.990234375 0.171484375 0.01953125 0.05546875
0 0.162109375 0.08046875 0.02734375 0.04765625
0 0.09921875 0.792578125 0.03203125 0.03828125
0 0.101171875 0.75 0.059375 0.044921875
0 0.0828125 0.71796875 0.048828125 0.0546875
0 0.07109375 0.73671875 0.001953125 0.00078125
0 0.084375 0.68671875 0.03203125 0.0390625
0 0.078125 0.648046875 0.0390625 0.04375
0 0.073828125 0.609765625 0.05 0.028125