0 0.296875 0.090234375 0.091796875 0.072265625
0 0.13125 0.163671875 0.080078125 0.06640625
0 0.085546875 0.465234375 0.060546875 0.0765625
0 0.034375 0.613671875 0.06875 0.06953125
0 0.021875 0.65 0.043359375 0.0578125
0 0.726953125 0.817578125 0.068359375 0.08359375
0 0.687890625 0.6 0.076171875 0.06015625
0 0.63828125 0.455859375 0.0640625 0.084765625
0 0.469921875 0.409765625 0.08125 0.0484375
0 0.501171875 0.366796875 0.051953125 0.07109375
0 0.487890625 0.458984375 0.085546875 0.050390625
0 0.971484375 0.527734375 0.05703125 0.08046875
0 0.9515625 0.325 0.06328125 0.098828125
0 0.840234375 0.278125 0.092578125 0.057421875
0 0.69453125 0.25 0.064453125 0.07421875
0 0.654296875 0.130859375 0.094140625 0.066796875
0 0.8953125 0.11328125 0.07421875 0.0953125
0 0.965234375 0.153125 0.06953125 0.0734375
0 0.987890625 0.63984375 0.02421875 0.0765625