0 0.961328125 0.078515625 0.076953125 0.069140625
0 0.767578125 0.10703125 0.066796875 0.083984375
0 0.7 0.096484375 0.07890625 0.086328125
0 0.633203125 0.112890625 0.0609375 0.087890625
0 0.576171875 0.128125 0.074609375 0.066796875
0 0.009765625 0.1 0.01953125 0.109375
0 0.021484375 0.1234375 0.042578125 0.08046875
0 0.05 0.108984375 0.076171875 0.096484375
0 0.059765625 0.078515625 0.06484375 0.07578125
0 0.105859375 0.08984375 0.059375 0.0984375
0 0.166796875 0.09296875 0.078515625 0.08203125
0 0.09453125 0.191796875 0.0734375 0.070703125
0 0.38359375 0.38203125 0.073046875 0.08359375
0 0.1625 0.43515625 0.08125 0.060546875
0 0.084375 0.57421875 0.112890625 0.066015625
0 0.334375 0.638671875 0.084765625 0.064453125
0 0.271875 0.7078125 0.08984375 0.065625
0 0.18359375 0.765234375 0.0625 0.1
0 0.11171875 0.737890625 0.091015625 0.07265625
0 0.066015625 0.8671875 0.046875 0.035546875
0 0.33203125 0.87421875 0.103125 0.05234375
0 0.337109375 0.81875 0.084375 0.06171875
0 0.3953125 0.90625 0.087109375 0.057421875
0 0.42421875 0.858203125 0.09609375 0.076171875
0 0.686328125 0.50546875 0.091796875 0.0578125
0 0.697265625 0.437109375 0.084375 0.06953125
0 0.956640625 0.651171875 0.08671875 0.06796875
0 0.9390625 0.882421875 0.070703125 0.08203125
0 0.896875 0.88359375 0.069921875 0.075
0 0.84140625 0.881640625 0.0578125 0.083984375
0 0.78203125 0.8875 0.069921875 0.070703125
0 0.757421875 0.827734375 0.05234375 0.07578125
0 0.715625 0.863671875 0.05703125 0.10546875
0 0.650390625 0.8578125 0.0671875 0.075390625
0 0.560546875 0.895703125 0.081640625 0.057421875