0 0.840625 0.158203125 0.078515625 0.06015625
0 0.93203125 0.301953125 0.0859375 0.06953125
0 0.80625 0.24140625 0.056640625 0.076953125
0 0.62265625 0.256640625 0.076953125 0.069921875
0 0.5078125 0.2828125 0.05625 0.0875
0 0.408984375 0.255859375 0.077734375 0.06484375
0 0.240625 0.187890625 0.08125 0.0671875
0 0.2234375 0.221875 0.059375 0.066015625
0 0.052734375 0.189453125 0.08359375 0.060546875
0 0.134765625 0.1984375 0.073828125 0.059765625
0 0.180859375 0.2390625 0.059765625 0.071875
0 0.195703125 0.2765625 0.05859375 0.062890625
0 0.23046875 0.3 0.055078125 0.073046875
0 0.275 0.301953125 0.05625 0.06953125
0 0.543359375 0.41484375 0.052734375 0.0609375
0 0.537109375 0.45859375 0.071875 0.045703125
0 0.94453125 0.868359375 0.0671875 0.055078125
0 0.915625 0.8953125 0.058984375 0.05078125
0 0.87265625 0.892578125 0.049609375 0.0640625
0 0.890625 0.855859375 0.04765625 0.071875
0 0.87734375 0.811328125 0.04296875 0.072265625
0 0.84296875 0.80859375 0.066015625 0.090234375
0 0.819921875 0.823828125 0.055859375 0.063671875
0 0.84453125 0.86640625 0.05390625 0.058984375
0 0.8375 0.900390625 0.06015625 0.0453125
0 0.79375 0.89921875 0.05234375 0.03671875
0 0.800390625 0.855078125 0.073828125 0.055078125
0 0.78828125 0.79921875 0.06015625 0.074609375
0 0.76484375 0.871484375 0.04609375 0.076953125
0 0.73125 0.88515625 0.055859375 0.072265625
0 0.693359375 0.88046875 0.04296875 0.083984375
0 0.653125 0.894921875 0.070703125 0.053125
0 0.497265625 0.884375 0.07265625 0.0625
0 0.290625 0.894921875 0.03828125 0.088671875
0 0.3234375 0.88125 0.0515625 0.085546875
0 0.360546875 0.84296875 0.0578125 0.081640625
0 0.47734375 0.84609375 0.076953125 0.046484375
0 0.48359375 0.80546875 0.068359375 0.051171875