0 0.02265625 0.088671875 0.0453125 0.07109375
0 0.0609375 0.077734375 0.08203125 0.07578125
0 0.1 0.14453125 0.065625 0.0890625
0 0.03828125 0.13984375 0.0703125 0.071484375
0 0.19296875 0.11328125 0.075390625 0.0703125
0 0.2609375 0.10078125 0.0734375 0.071484375
0 0.19765625 0.178125 0.06875 0.07734375
0 0.190625 0.24140625 0.059375 0.0875
0 0.145703125 0.180859375 0.06171875 0.080078125
0 0.11328125 0.305859375 0.076171875 0.06640625
0 0.10625 0.45078125 0.078515625 0.080078125
0 0.3578125 0.3484375 0.0609375 0.080859375
0 0.408984375 0.30546875 0.05703125 0.086328125
0 0.450390625 0.246484375 0.07109375 0.071875
0 0.37578125 0.482421875 0.070703125 0.07890625
0 0.4359375 0.41796875 0.0828125 0.06015625
0 0.1609375 0.612109375 0.073046875 0.083203125
0 0.076953125 0.604296875 0.06953125 0.078515625
0 0.058984375 0.690625 0.09140625 0.06796875
0 0.35390625 0.877734375 0.0703125 0.06640625
0 0.36328125 0.7953125 0.06875 0.0703125
0 0.412890625 0.780078125 0.07109375 0.087890625
0 0.424609375 0.87890625 0.080078125 0.069140625
0 0.5015625 0.804296875 0.058984375 0.08203125
0 0.561328125 0.81484375 0.05546875 0.08984375
0 0.617578125 0.8296875 0.07265625 0.054296875
0 0.56796875 0.893359375 0.0921875 0.0625
0 0.68671875 0.85703125 0.0640625 0.09140625
0 0.613671875 0.877734375 0.082421875 0.05546875
0 0.597265625 0.655078125 0.071875 0.066015625
0 0.457421875 0.68203125 0.094921875 0.06640625
0 0.5265625 0.532421875 0.073046875 0.068359375
0 0.45625 0.553515625 0.078125 0.05703125
0 0.55 0.406640625 0.087890625 0.062890625
0 0.353515625 0.547265625 0.07421875 0.050390625
0 0.696875 0.507421875 0.088671875 0.05546875
0 0.733203125 0.39921875 0.08359375 0.06328125
0 0.698828125 0.33203125 0.0546875 0.072265625
0 0.6953125 0.241796875 0.090234375 0.066796875
0 0.75 0.272265625 0.062890625 0.079296875
0 0.8921875 0.278125 0.07265625 0.06484375
0 0.573046875 0.095703125 0.0625 0.080078125
0 0.4875 0.1 0.05703125 0.0828125
0 0.513671875 0.168359375 0.076171875 0.068359375
0 0.837109375 0.084375 0.088671875 0.06875
0 0.6703125 0.10390625 0.085546875 0.0796875
0 0.88125 0.125 0.073046875 0.06484375
0 0.929296875 0.51171875 0.09609375 0.057421875
0 0.8671875 0.6984375 0.078515625 0.055078125
0 0.955078125 0.68671875 0.08984375 0.0578125
0 0.97265625 0.864453125 0.0546875 0.07109375
0 0.94609375 0.882421875 0.094140625 0.074609375
0 0.869140625 0.830859375 0.06640625 0.08359375
0 0.805859375 0.838671875 0.087109375 0.0578125
0 0.73984375 0.88828125 0.06015625 0.084765625
0 0.01328125 0.36875 0.0265625 0.065625