0 0.91796875 0.855078125 0.069140625 0.075
0 0.689453125 0.8875 0.066015625 0.066015625
0 0.565234375 0.792578125 0.07734375 0.0609375
0 0.447265625 0.74296875 0.070703125 0.062109375
0 0.396875 0.826171875 0.06328125 0.07265625
0 0.46953125 0.82265625 0.059765625 0.065625
0 0.48828125 0.7890625 0.06015625 0.0546875
0 0.53515625 0.890234375 0.06640625 0.059375
0 0.488671875 0.887890625 0.06015625 0.058984375
0 0.43984375 0.883203125 0.069140625 0.054296875
0 0.678515625 0.45078125 0.07734375 0.057421875
0 0.466796875 0.526953125 0.06875 0.059375
0 0.39375 0.608984375 0.068359375 0.06875