0 0.04296875 0.151171875 0.0859375 0.096875
0 0.1703125 0.1546875 0.0671875 0.085546875
0 0.11875 0.125390625 0.088671875 0.0609375
0 0.09453125 0.076953125 0.090234375 0.051171875
0 0.05234375 0.0921875 0.078125 0.048046875
0 0.4 0.35546875 0.0578125 0.083984375
0 0.200390625 0.54375 0.092578125 0.06796875
0 0.159375 0.61875 0.091015625 0.080078125
0 0.29375 0.736328125 0.078125 0.066796875
0 0.56875 0.780078125 0.07421875 0.058984375
0 0.54453125 0.8265625 0.074609375 0.050390625
0 0.559375 0.88125 0.05546875 0.0828125
0 0.676171875 0.8328125 0.071484375 0.088671875
0 0.578515625 0.90703125 0.071484375 0.05546875
0 0.61640625 0.909375 0.048828125 0.055859375
0 0.6203125 0.871484375 0.083203125 0.04375
0 0.623046875 0.8296875 0.08359375 0.070703125
0 0.700390625 0.89921875 0.07421875 0.065234375