0 0.955859375 0.897265625 0.07734375 0.066015625
0 0.80234375 0.86640625 0.064453125 0.071484375
0 0.699609375 0.875390625 0.0640625 0.06953125
0 0.630078125 0.8890625 0.076953125 0.076171875
0 0.620703125 0.767578125 0.084765625 0.0640625
0 0.70703125 0.622265625 0.058984375 0.09296875
0 0.812890625 0.709375 0.09140625 0.0640625
0 0.84375 0.5953125 0.06328125 0.0734375
0 0.96015625 0.567578125 0.06796875 0.05234375
0 0.983203125 0.596875 0.03359375 0.05546875
0 0.964453125 0.726171875 0.065234375 0.085546875
0 0.784765625 0.441796875 0.066796875 0.070703125
0 0.955859375 0.45234375 0.08828125 0.0609375
0 0.83203125 0.34765625 0.091796875 0.06171875
0 0.976171875 0.394140625 0.04765625 0.0625
0 0.979296875 0.16875 0.04140625 0.0734375
0 0.850390625 0.205078125 0.085546875 0.074609375
0 0.423046875 0.11015625 0.09375 0.065234375
0 0.105078125 0.08828125 0.061328125 0.066796875
0 0.075 0.18046875 0.0953125 0.060546875
0 0.3625 0.214453125 0.058203125 0.0921875
0 0.423828125 0.270703125 0.077734375 0.056640625
0 0.270703125 0.281640625 0.06484375 0.072265625
0 0.056640625 0.22265625 0.098828125 0.065234375
0 0.1921875 0.45234375 0.08046875 0.066015625
0 0.01171875 0.60625 0.0234375 0.053125
0 0.0984375 0.706640625 0.078125 0.0703125
0 0.4296875 0.609765625 0.061328125 0.07734375
0 0.3609375 0.7296875 0.05 0.07421875
0 0.316015625 0.69296875 0.081640625 0.078125
0 0.584375 0.458984375 0.06171875 0.08203125