0 0.023046875 0.9296875 0.04609375 0.08125
0 0.09765625 0.875390625 0.105859375 0.065234375
0 0.05703125 0.826171875 0.10078125 0.06484375
0 0.340234375 0.7375 0.066796875 0.071875
0 0.3546875 0.66953125 0.083203125 0.05625
0 0.90390625 0.84453125 0.080078125 0.04921875
0 0.92734375 0.916796875 0.099609375 0.10390625
0 0.64375 0.234765625 0.07265625 0.08828125
0 0.70859375 0.180078125 0.0734375 0.05859375
0 0.570703125 0.109765625 0.050390625 0.073828125
0 0.4453125 0.156640625 0.072265625 0.052734375
0 0.512109375 0.1875 0.05625 0.075390625
0 0.308984375 0.11015625 0.084375 0.0625
0 0.162890625 0.24765625 0.087109375 0.071484375
0 0.3828125 0.312109375 0.055859375 0.085546875
0 0.07109375 0.13046875 0.0828125 0.081640625
0 0.030078125 0.21875 0.06015625 0.087109375