0 0.92890625 0.83828125 0.086328125 0.076171875
0 0.969140625 0.87109375 0.06171875 0.0765625
0 0.798046875 0.855078125 0.0640625 0.092578125
0 0.733984375 0.846484375 0.069921875 0.078125
0 0.683984375 0.875390625 0.06171875 0.08203125
0 0.736328125 0.884375 0.07265625 0.07109375
0 0.85078125 0.88671875 0.0640625 0.090234375
0 0.40703125 0.737890625 0.099609375 0.075
0 0.49609375 0.866796875 0.06171875 0.079296875
0 0.461328125 0.873828125 0.046875 0.08828125
0 0.42421875 0.853125 0.051953125 0.084375
0 0.27578125 0.8515625 0.0515625 0.066796875
0 0.04609375 0.847265625 0.0765625 0.0640625
0 0.069140625 0.871875 0.071484375 0.02421875
0 0.278515625 0.68046875 0.070703125 0.087890625
0 0.0390625 0.734375 0.06484375 0.086328125
0 0.19609375 0.702734375 0.094140625 0.06015625
0 0.0125 0.559375 0.025 0.053125
0 0.494921875 0.5078125 0.07578125 0.0671875
0 0.257421875 0.31875 0.075390625 0.075390625
0 0.327734375 0.303515625 0.061328125 0.098828125
0 0.032421875 0.180078125 0.06484375 0.06796875
0 0.0296875 0.113671875 0.059375 0.069140625
0 0.0140625 0.0625 0.028125 0.0453125
0 0.30546875 0.16171875 0.069921875 0.070703125
0 0.17734375 0.184375 0.06640625 0.09375
0 0.266796875 0.11640625 0.08125 0.075390625
0 0.205078125 0.07265625 0.07421875 0.066015625
0 0.153125 0.05703125 0.055078125 0.08125
0 0.19609375 0.128125 0.059765625 0.078125
0 0.11640625 0.07421875 0.0671875 0.06484375
0 0.13515625 0.111328125 0.08125 0.057421875
0 0.113671875 0.154296875 0.09921875 0.061328125
0 0.101171875 0.1859375 0.064453125 0.08671875
0 0.684765625 0.41953125 0.08203125 0.062109375
0 0.6640625 0.5140625 0.062890625 0.085546875
0 0.969140625 0.24453125 0.06171875 0.065625
0 0.534375 0.144140625 0.08125 0.090625
0 0.61796875 0.13046875 0.058984375 0.087109375
0 0.8265625 0.075 0.088671875 0.06875
0 0.96796875 0.072265625 0.063671875 0.08125
0 0.769140625 0.100390625 0.0546875 0.09375
0 0.666796875 0.10625 0.065625 0.06953125
0 0.723828125 0.096875 0.058203125 0.08203125
0 0.88671875 0.160546875 0.08203125 0.079296875
0 0.924609375 0.20234375 0.095703125 0.071875
0 0.302734375 0.88046875 0.051171875 0.055078125
0 0.412890625 0.887109375 0.075 0.061328125
0 0.35234375 0.883984375 0.066796875 0.059375
0 0.306640625 0.215234375 0.07734375 0.060546875