0 0.990625 0.108203125 0.01875 0.04765625
0 0.96953125 0.16328125 0.05859375 0.0796875
0 0.985546875 0.22421875 0.028515625 0.04140625
0 0.981640625 0.27265625 0.03671875 0.0625
0 0.9546875 0.2484375 0.0640625 0.076171875
0 0.898828125 0.107421875 0.059765625 0.06953125
0 0.865234375 0.127734375 0.051171875 0.088671875
0 0.83515625 0.13515625 0.0734375 0.04140625
0 0.9109375 0.183984375 0.048828125 0.07890625
0 0.861328125 0.203125 0.066796875 0.062109375
0 0.826953125 0.18671875 0.0484375 0.070703125
0 0.780078125 0.179296875 0.06171875 0.065625
0 0.768359375 0.23359375 0.06328125 0.067578125
0 0.808203125 0.23515625 0.05234375 0.0609375
0 0.89609375 0.275 0.055078125 0.073828125
0 0.8421875 0.2734375 0.075 0.052734375
0 0.826171875 0.319921875 0.044140625 0.060546875
0 0.95390625 0.315625 0.075390625 0.05
0 0.972265625 0.366015625 0.05546875 0.06484375
0 0.930859375 0.36015625 0.04375 0.064453125
0 0.89609375 0.3296875 0.076953125 0.049609375
0 0.884765625 0.365234375 0.075390625 0.049609375
0 0.971875 0.51484375 0.05625 0.088671875
0 0.980859375 0.474609375 0.03828125 0.061328125
0 0.980078125 0.402734375 0.03984375 0.05078125
0 0.896484375 0.40859375 0.068359375 0.05703125
0 0.81171875 0.359765625 0.05859375 0.053515625
0 0.83125 0.3890625 0.06171875 0.05
0 0.839453125 0.43671875 0.074609375 0.054296875
0 0.822265625 0.444140625 0.059765625 0.056640625
0 0.78515625 0.48203125 0.06796875 0.044921875
0 0.83125 0.483984375 0.05625 0.059765625
0 0.87265625 0.496875 0.0453125 0.076171875
0 0.891015625 0.452734375 0.06171875 0.046484375
0 0.940234375 0.46640625 0.051953125 0.082421875
0 0.908203125 0.487109375 0.0546875 0.048828125
0 0.9015625 0.5390625 0.048828125 0.065625
0 0.937890625 0.53203125 0.0484375 0.0640625
0 0.98359375 0.5546875 0.0328125 0.060546875
0 0.876953125 0.59921875 0.059765625 0.0609375
0 0.951953125 0.613671875 0.07109375 0.0484375
0 0.91328125 0.628125 0.05625 0.0546875
0 0.915625 0.6875 0.07578125 0.0546875
0 0.974609375 0.773046875 0.05078125 0.05390625
0 0.850390625 0.716796875 0.0640625 0.05859375
0 0.897265625 0.748046875 0.087109375 0.055859375
0 0.940234375 0.801953125 0.052734375 0.076953125
0 0.981640625 0.822265625 0.03671875 0.05390625
0 0.952734375 0.83359375 0.04765625 0.065234375
0 0.9875 0.871875 0.025 0.065625
0 0.959765625 0.880859375 0.048046875 0.06953125
0 0.9265625 0.8625 0.050390625 0.069140625
0 0.902734375 0.81328125 0.065234375 0.056640625
0 0.874609375 0.845703125 0.053125 0.08984375
0 0.898828125 0.8828125 0.053125 0.0703125
0 0.84375 0.827734375 0.06953125 0.05
0 0.851171875 0.864453125 0.06328125 0.05
0 0.831640625 0.88203125 0.068359375 0.055859375
0 0.816015625 0.7640625 0.067578125 0.0515625
0 0.78125 0.727734375 0.059375 0.06015625
0 0.75078125 0.702734375 0.055078125 0.06796875
0 0.733984375 0.670703125 0.0625 0.061328125
0 0.651953125 0.798828125 0.066015625 0.064453125
0 0.7 0.812890625 0.07734375 0.05078125
0 0.741796875 0.85625 0.05234375 0.07421875
0 0.772265625 0.8328125 0.07109375 0.05859375
0 0.796875 0.808984375 0.07734375 0.0515625
0 0.624609375 0.876171875 0.077734375 0.0671875
0 0.65234375 0.93828125 0.048046875 0.05859375
0 0.722265625 0.940625 0.056640625 0.064453125
0 0.706640625 0.98046875 0.053515625 0.0390625
0 0.537890625 0.923046875 0.0625 0.06328125
0 0.475 0.937109375 0.06015625 0.05625
0 0.588671875 0.78046875 0.052734375 0.07109375
0 0.57578125 0.726171875 0.066796875 0.054296875
0 0.62890625 0.705078125 0.05859375 0.0609375
0 0.678515625 0.709765625 0.05390625 0.0828125
0 0.700390625 0.653515625 0.046484375 0.063671875
0 0.6578125 0.63125 0.065625 0.05390625
0 0.649609375 0.668359375 0.069921875 0.047265625
0 0.605859375 0.655859375 0.0453125 0.073828125
0 0.53671875 0.641796875 0.049609375 0.07578125
0 0.8078125 0.53828125 0.051171875 0.070703125
0 0.815625 0.591015625 0.0515625 0.063671875
0 0.7453125 0.61015625 0.067578125 0.045703125
0 0.763671875 0.5390625 0.05625 0.053515625
0 0.771484375 0.57890625 0.058203125 0.0546875
0 0.73203125 0.580859375 0.0421875 0.0578125
0 0.7203125 0.524609375 0.057421875 0.046484375
0 0.691796875 0.55703125 0.06875 0.043359375
0 0.675 0.601171875 0.057421875 0.06328125
0 0.64453125 0.572265625 0.050390625 0.057421875
0 0.65625 0.53515625 0.06328125 0.045703125
0 0.6703125 0.499609375 0.06015625 0.052734375
0 0.6375 0.476171875 0.0703125 0.064453125
0 0.60625 0.52421875 0.05625 0.051953125
0 0.601171875 0.562890625 0.060546875 0.04296875
0 0.60234375 0.6046875 0.061328125 0.055078125
0 0.5546875 0.59375 0.058984375 0.055859375
0 0.53203125 0.562109375 0.051171875 0.067578125
0 0.564453125 0.544921875 0.065234375 0.05390625
0 0.584765625 0.475390625 0.057421875 0.058984375
0 0.53984375 0.505078125 0.08046875 0.048828125
0 0.51484375 0.52890625 0.048046875 0.06328125
0 0.48359375 0.555859375 0.059765625 0.051171875
0 0.48203125 0.516015625 0.041796875 0.06015625
0 0.53046875 0.463671875 0.0703125 0.051171875
0 0.58828125 0.441015625 0.079296875 0.044140625
0 0.61796875 0.415625 0.044921875 0.073046875
0 0.727734375 0.428515625 0.0578125 0.068359375
0 0.769140625 0.356640625 0.048828125 0.076171875
0 0.73984375 0.37265625 0.04609375 0.069921875
0 0.766796875 0.290625 0.0625 0.057421875
0 0.7171875 0.298046875 0.044921875 0.067578125
0 0.74921875 0.32109375 0.063671875 0.062890625
0 0.670703125 0.31640625 0.0453125 0.05390625
0 0.680078125 0.362109375 0.05703125 0.06640625
0 0.641015625 0.3859375 0.0625 0.055078125
0 0.621875 0.35234375 0.069140625 0.046875
0 0.627734375 0.3125 0.064453125 0.066015625
0 0.64609375 0.2578125 0.051171875 0.063671875
0 0.6734375 0.23671875 0.066796875 0.053125
0 0.700390625 0.190234375 0.075 0.057421875
0 0.612109375 0.25234375 0.061328125 0.0703125
0 0.580078125 0.2703125 0.064453125 0.063671875
0 0.575390625 0.323046875 0.066796875 0.050390625
0 0.5375 0.35078125 0.048046875 0.062109375
0 0.579296875 0.37109375 0.076171875 0.04140625
0 0.58203125 0.40234375 0.068359375 0.04375
0 0.531640625 0.4078125 0.05234375 0.069140625
0 0.50390625 0.37109375 0.065234375 0.0875
0 0.465625 0.431640625 0.058984375 0.052734375
0 0.47109375 0.473828125 0.06171875 0.0484375
0 0.44921875 0.525390625 0.04609375 0.066796875
0 0.455078125 0.58515625 0.0515625 0.065625
0 0.4359375 0.4234375 0.05859375 0.07109375
0 0.430078125 0.4859375 0.061328125 0.051953125
0 0.39765625 0.438671875 0.048828125 0.0609375
0 0.387109375 0.43984375 0.0546875 0.058984375
0 0.383203125 0.482421875 0.06875 0.0453125
0 0.334375 0.453125 0.06875 0.049609375
0 0.40078125 0.532421875 0.062890625 0.06171875
0 0.408984375 0.59921875 0.07109375 0.04921875
0 0.430078125 0.579296875 0.05078125 0.050390625
0 0.400390625 0.63828125 0.051171875 0.06953125
0 0.42890625 0.660546875 0.0578125 0.071875
0 0.49375 0.64765625 0.0515625 0.049609375
0 0.468359375 0.692578125 0.07109375 0.05234375
0 0.4515625 0.719921875 0.072265625 0.05078125
0 0.4171875 0.746875 0.04609375 0.07109375
0 0.3921875 0.79140625 0.05390625 0.06796875
0 0.378125 0.744140625 0.048828125 0.05703125
0 0.356640625 0.781640625 0.0546875 0.07265625
0 0.318359375 0.803125 0.072265625 0.05390625
0 0.314453125 0.756640625 0.066796875 0.069140625
0 0.345703125 0.716015625 0.064453125 0.063671875
0 0.369921875 0.692578125 0.08828125 0.055078125
0 0.3578125 0.654296875 0.076171875 0.046484375
0 0.334375 0.514453125 0.076953125 0.05390625
0 0.325 0.5625 0.06640625 0.062109375
0 0.383984375 0.565234375 0.069921875 0.0515625
0 0.370703125 0.611328125 0.06875 0.055078125
0 0.32578125 0.6171875 0.062890625 0.04296875
0 0.29375 0.61171875 0.050390625 0.055078125
0 0.269921875 0.653515625 0.095703125 0.05078125
0 0.28515625 0.654296875 0.06640625 0.044140625
0 0.283984375 0.7265625 0.096484375 0.088671875
0 0.230078125 0.7046875 0.069921875 0.068359375
0 0.226171875 0.6703125 0.066015625 0.05859375
0 0.223046875 0.6171875 0.10546875 0.054296875
0 0.2046875 0.57421875 0.0921875 0.062109375
0 0.259765625 0.577734375 0.0640625 0.0640625
0 0.297265625 0.47265625 0.078515625 0.048828125
0 0.272265625 0.51640625 0.062109375 0.058203125
0 0.232421875 0.5171875 0.055859375 0.067578125
0 0.194921875 0.52421875 0.053125 0.05703125
0 0.15390625 0.545703125 0.067578125 0.060546875
0 0.144140625 0.50546875 0.072265625 0.04765625
0 0.168359375 0.485546875 0.086328125 0.042578125
0 0.2234375 0.48046875 0.0578125 0.0546875
0 0.230078125 0.4453125 0.0828125 0.049609375
0 0.178125 0.451171875 0.08046875 0.05
0 0.14609375 0.45859375 0.045703125 0.053515625
0 0.150390625 0.421875 0.057421875 0.055859375
0 0.233984375 0.39609375 0.0796875 0.053125
0 0.18515625 0.398046875 0.08828125 0.04453125
0 0.140234375 0.389453125 0.05703125 0.055859375
0 0.301171875 0.41953125 0.059765625 0.0484375
0 0.379296875 0.39296875 0.0734375 0.053125
0 0.3328125 0.375390625 0.0578125 0.07109375
0 0.3015625 0.33671875 0.0671875 0.048046875
0 0.294140625 0.375 0.05625 0.0640625
0 0.21875 0.341796875 0.094921875 0.056640625
0 0.3546875 0.34375 0.069140625 0.055078125
0 0.414453125 0.36015625 0.063671875 0.0609375
0 0.455859375 0.329296875 0.066796875 0.057421875
0 0.42421875 0.2921875 0.051953125 0.073828125
0 0.388671875 0.2859375 0.0484375 0.0703125
0 0.33203125 0.296875 0.07421875 0.05234375
0 0.14296875 0.3515625 0.057421875 0.044921875
0 0.14765625 0.308984375 0.04375 0.05390625
0 0.180859375 0.33984375 0.05 0.073046875
0 0.21484375 0.3046875 0.090625 0.048046875
0 0.209375 0.236328125 0.05625 0.0609375
0 0.243359375 0.258203125 0.080078125 0.0703125
0 0.176171875 0.249609375 0.072265625 0.051953125
0 0.209765625 0.2828125 0.100390625 0.059375
0 0.15703125 0.208203125 0.069921875 0.053515625
0 0.173046875 0.180078125 0.0765625 0.05625
0 0.165234375 0.141796875 0.066015625 0.0671875
0 0.230078125 0.10703125 0.0546875 0.066015625
0 0.266796875 0.121875 0.05390625 0.07578125
0 0.234765625 0.160546875 0.062109375 0.060546875
0 0.30078125 0.107421875 0.0515625 0.05546875
0 0.3234375 0.151171875 0.069140625 0.040625
0 0.304296875 0.184765625 0.072265625 0.04609375
0 0.322265625 0.224609375 0.066015625 0.0703125
0 0.2859375 0.237109375 0.08515625 0.06015625
0 0.266796875 0.192578125 0.075 0.05390625
0 0.340234375 0.105078125 0.0546875 0.059765625
0 0.390625 0.10390625 0.063671875 0.061328125
0 0.406640625 0.173828125 0.064453125 0.092578125
0 0.37578125 0.16484375 0.060546875 0.058203125
0 0.371484375 0.20078125 0.05625 0.069140625
0 0.417578125 0.227734375 0.069140625 0.07734375
0 0.37890625 0.257421875 0.062890625 0.046484375
0 0.455859375 0.183984375 0.058203125 0.08203125
0 0.4171875 0.125390625 0.070703125 0.05859375
0 0.440625 0.13359375 0.0578125 0.09375
0 0.48046875 0.11796875 0.07734375 0.08359375
0 0.541796875 0.101171875 0.072265625 0.060546875
0 0.51484375 0.14140625 0.056640625 0.075
0 0.606640625 0.103515625 0.07265625 0.05625
0 0.654296875 0.109375 0.0609375 0.07734375
0 0.64296875 0.145703125 0.08203125 0.053125
0 0.5953125 0.169921875 0.078515625 0.04921875
0 0.558203125 0.148828125 0.06328125 0.05234375
0 0.51875 0.191796875 0.06796875 0.05390625
0 0.5921875 0.211328125 0.078515625 0.052734375
0 0.523828125 0.23359375 0.0765625 0.055078125
0 0.50703125 0.282421875 0.053515625 0.053515625
0 0.53828125 0.287890625 0.048828125 0.07109375
0 0.15703125 0.62265625 0.078125 0.045703125
0 0.16328125 0.658203125 0.09765625 0.04921875
0 0.165234375 0.705078125 0.087109375 0.049609375
0 0.1578125 0.734765625 0.05703125 0.05390625
0 0.216015625 0.758203125 0.075390625 0.059375
0 0.162890625 0.793359375 0.052734375 0.05859375
0 0.1734375 0.83671875 0.055078125 0.07734375
0 0.173828125 0.873046875 0.0609375 0.0484375
0 0.207421875 0.803125 0.070703125 0.0515625
0 0.219140625 0.83671875 0.0609375 0.059375
0 0.23671875 0.86015625 0.047265625 0.080859375
0 0.263671875 0.844921875 0.052734375 0.080859375
0 0.201171875 0.8625 0.05390625 0.053125
0 0.289453125 0.86875 0.0625 0.058984375
0 0.333203125 0.8671875 0.06171875 0.071484375
0 0.38046875 0.8515625 0.071875 0.06796875
0 0.43828125 0.856640625 0.056640625 0.09375
0 0.43046875 0.7875 0.06171875 0.08828125
0 0.478515625 0.78203125 0.094921875 0.0453125
0 0.534765625 0.843359375 0.0765625 0.065234375
0 0.49296875 0.84296875 0.05703125 0.08046875
0 0.27421875 0.922265625 0.0515625 0.04453125