0 0.03046875 0.848828125 0.0609375 0.07109375
0 0.175390625 0.851171875 0.076953125 0.0625
0 0.201171875 0.80546875 0.0828125 0.087890625
0 0.1546875 0.744140625 0.096875 0.077734375
0 0.04140625 0.76484375 0.08125 0.07890625
0 0.14375 0.68515625 0.10234375 0.06015625
0 0.091796875 0.627734375 0.07421875 0.0796875
0 0.22578125 0.578515625 0.07734375 0.080859375
0 0.024609375 0.548046875 0.04921875 0.09765625
0 0.16796875 0.39140625 0.071484375 0.069140625
0 0.21015625 0.444921875 0.08515625 0.0671875
0 0.015625 0.369140625 0.03125 0.06015625
0 0.098046875 0.25625 0.066796875 0.091015625
0 0.179296875 0.269921875 0.070703125 0.0796875
0 0.25078125 0.348046875 0.05390625 0.08515625
0 0.323828125 0.433984375 0.064453125 0.088671875
0 0.048046875 0.184375 0.06796875 0.057421875
0 0.07734375 0.1375 0.098828125 0.05859375
0 0.015625 0.12109375 0.03125 0.0578125
0 0.009765625 0.069921875 0.01953125 0.055078125
0 0.051171875 0.065234375 0.07890625 0.051953125
0 0.066015625 0.0984375 0.069140625 0.0625
0 0.11640625 0.070703125 0.059765625 0.0796875
0 0.1640625 0.188671875 0.074609375 0.06171875
0 0.251171875 0.183203125 0.06640625 0.07109375
0 0.32265625 0.234375 0.075390625 0.071875
0 0.314453125 0.14609375 0.05390625 0.08046875
0 0.16875 0.08046875 0.06640625 0.098046875
0 0.2 0.065625 0.061328125 0.0515625
0 0.204296875 0.125 0.047265625 0.077734375
0 0.24296875 0.104296875 0.05546875 0.086328125
0 0.2671875 0.131640625 0.061328125 0.06796875
0 0.3 0.09296875 0.059765625 0.0546875
0 0.358984375 0.13984375 0.05625 0.075390625
0 0.337109375 0.090625 0.072265625 0.047265625
0 0.246484375 0.0609375 0.06640625 0.060546875
0 0.2953125 0.0578125 0.07109375 0.050390625
0 0.355859375 0.05703125 0.08046875 0.051171875
0 0.39296875 0.096484375 0.05390625 0.087109375
0 0.433203125 0.07109375 0.06875 0.06171875
0 0.545703125 0.195703125 0.075390625 0.06953125
0 0.508203125 0.152734375 0.067578125 0.06875
0 0.4625 0.08671875 0.066796875 0.05234375
0 0.488671875 0.13046875 0.088671875 0.0765625
0 0.494921875 0.0703125 0.055078125 0.046875
0 0.539453125 0.068359375 0.05390625 0.07265625
0 0.565625 0.122265625 0.05859375 0.07421875
0 0.59609375 0.097265625 0.04453125 0.071875
0 0.583984375 0.0546875 0.061328125 0.06484375
0 0.62421875 0.221875 0.0546875 0.08203125
0 0.651953125 0.119921875 0.08359375 0.10390625
0 0.620703125 0.06171875 0.065234375 0.053515625
0 0.6765625 0.064453125 0.060546875 0.0734375
0 0.73359375 0.0890625 0.08203125 0.0671875
0 0.7453125 0.16328125 0.0609375 0.089453125
0 0.778125 0.225 0.055078125 0.08203125
0 0.898046875 0.186328125 0.084765625 0.05625
0 0.859765625 0.112109375 0.09140625 0.066796875
0 0.81875 0.066796875 0.06875 0.053125
0 0.873828125 0.067578125 0.08515625 0.054296875
0 0.930078125 0.08046875 0.06796875 0.087890625
0 0.9765625 0.12578125 0.046875 0.091015625
0 0.962109375 0.0875 0.05703125 0.06875
0 0.970703125 0.058984375 0.05859375 0.06328125
0 0.40859375 0.450390625 0.066015625 0.0796875
0 0.433984375 0.530859375 0.05234375 0.0875
0 0.722265625 0.612109375 0.0765625 0.066015625
0 0.837109375 0.65859375 0.09375 0.0609375
0 0.9796875 0.79765625 0.040234375 0.08203125
0 0.974609375 0.86328125 0.05078125 0.066015625
0 0.94453125 0.812109375 0.071875 0.06640625
0 0.922265625 0.859765625 0.073828125 0.062890625
0 0.9765625 0.896484375 0.046875 0.05078125
0 0.933203125 0.890625 0.06015625 0.059375
0 0.876171875 0.823046875 0.061328125 0.076171875
0 0.8328125 0.802734375 0.061328125 0.0828125
0 0.824609375 0.846875 0.072265625 0.064453125
0 0.876953125 0.88671875 0.07109375 0.0578125
0 0.832421875 0.89453125 0.054296875 0.05390625
0 0.784375 0.884765625 0.0609375 0.064453125
0 0.7609375 0.860546875 0.051171875 0.0796875
0 0.750390625 0.80625 0.080859375 0.053125
0 0.738671875 0.7484375 0.071875 0.066796875
0 0.72578125 0.851171875 0.053515625 0.05625
0 0.727734375 0.890234375 0.0640625 0.053125
0 0.68671875 0.88828125 0.03671875 0.050390625
0 0.674609375 0.851953125 0.05703125 0.044921875
0 0.6640625 0.8046875 0.062890625 0.05390625
0 0.6640625 0.744140625 0.056640625 0.0703125
0 0.691015625 0.778125 0.05 0.0765625
0 0.626953125 0.83046875 0.040625 0.058203125
0 0.658984375 0.890234375 0.0453125 0.06171875
0 0.615234375 0.89375 0.046875 0.054296875
0 0.58828125 0.8546875 0.071875 0.047265625
0 0.59296875 0.80703125 0.066796875 0.062109375
0 0.57734375 0.88828125 0.0515625 0.0546875
0 0.536328125 0.894921875 0.06484375 0.063671875
0 0.5359375 0.83515625 0.06953125 0.078515625
0 0.528125 0.7828125 0.071875 0.075390625
0 0.496875 0.84453125 0.058984375 0.0625
0 0.451953125 0.813671875 0.0515625 0.076953125
0 0.39375 0.815625 0.07109375 0.07578125
0 0.484375 0.89296875 0.055859375 0.054296875
0 0.431640625 0.88046875 0.0734375 0.075
0 0.363671875 0.8953125 0.07890625 0.08125