0 0.482421875 0.626953125 0.072265625 0.06875
0 0.572265625 0.505078125 0.09296875 0.054296875
0 0.708984375 0.6171875 0.108203125 0.059375
0 0.44765625 0.780859375 0.053125 0.0859375
0 0.428125 0.891015625 0.0515625 0.08125
0 0.47734375 0.89921875 0.068359375 0.071875
0 0.54609375 0.911328125 0.07734375 0.051953125
0 0.5640625 0.86484375 0.083203125 0.055078125
0 0.579296875 0.8296875 0.082421875 0.058203125
0 0.5046875 0.8625 0.053125 0.06953125
0 0.08828125 0.31484375 0.066015625 0.09375
0 0.1484375 0.328125 0.062109375 0.095703125
0 0.020703125 0.2484375 0.04140625 0.059375
0 0.073828125 0.228125 0.085546875 0.065625
0 0.178125 0.2546875 0.090234375 0.062890625
0 0.137890625 0.196875 0.056640625 0.09921875
0 0.09140625 0.153125 0.050390625 0.0875
0 0.05078125 0.163671875 0.050390625 0.086328125
0 0.020703125 0.1828125 0.04140625 0.0734375
0 0.015625 0.140234375 0.03125 0.03671875
0 0.01875 0.097265625 0.0375 0.05546875
0 0.033203125 0.06875 0.06640625 0.0515625
0 0.04609375 0.115625 0.066796875 0.061328125
0 0.0765625 0.079296875 0.05546875 0.06953125
0 0.121484375 0.088671875 0.06015625 0.09453125
0 0.1515625 0.108984375 0.05390625 0.08125
0 0.171875 0.076953125 0.06640625 0.053515625
0 0.187109375 0.13046875 0.056640625 0.073828125
0 0.194140625 0.173046875 0.07421875 0.05625
0 0.2515625 0.18515625 0.064453125 0.078125
0 0.281640625 0.22109375 0.067578125 0.0734375
0 0.275390625 0.140234375 0.055859375 0.065625
0 0.318359375 0.154296875 0.06171875 0.06328125
0 0.3484375 0.172265625 0.062890625 0.0796875
0 0.223046875 0.1328125 0.049609375 0.0625
0 0.216015625 0.078125 0.049609375 0.0625
0 0.25234375 0.08984375 0.046875 0.074609375
0 0.290234375 0.074609375 0.056640625 0.06015625
0 0.302734375 0.10625 0.07421875 0.0359375
0 0.355859375 0.10625 0.050390625 0.05703125
0 0.333984375 0.0796875 0.075 0.05234375
0 0.384375 0.08203125 0.049609375 0.079296875
0 0.428125 0.07734375 0.055859375 0.07109375
0 0.41953125 0.12578125 0.0875 0.04609375
0 0.400390625 0.23515625 0.08671875 0.060546875
0 0.37265625 0.28515625 0.081640625 0.0640625
0 0.487890625 0.321484375 0.059375 0.071875
0 0.4015625 0.173828125 0.055859375 0.078125
0 0.453125 0.17265625 0.0625 0.069140625
0 0.46953125 0.137890625 0.046875 0.056640625
0 0.468359375 0.1046875 0.051171875 0.059765625
0 0.48671875 0.0765625 0.08125 0.0546875
0 0.571484375 0.077734375 0.08046875 0.05859375
0 0.5296875 0.080859375 0.04375 0.060546875
0 0.560546875 0.1234375 0.051171875 0.08828125
0 0.601171875 0.120703125 0.04296875 0.07265625
0 0.644921875 0.105078125 0.073828125 0.07109375
0 0.690625 0.096875 0.05234375 0.07578125
0 0.718359375 0.080859375 0.05859375 0.063671875
0 0.594921875 0.20703125 0.069140625 0.059375
0 0.52734375 0.171875 0.07109375 0.06015625
0 0.5125 0.130078125 0.060546875 0.054296875
0 0.51328125 0.21015625 0.081640625 0.057421875
0 0.585546875 0.2421875 0.07421875 0.06171875
0 0.649609375 0.233203125 0.073046875 0.0703125
0 0.6828125 0.219921875 0.06015625 0.075
0 0.7203125 0.2125 0.055859375 0.07578125
0 0.780078125 0.224609375 0.081640625 0.07109375
0 0.6625 0.135546875 0.075 0.053125
0 0.642578125 0.176953125 0.053515625 0.053515625
0 0.7 0.16640625 0.047265625 0.062890625
0 0.708203125 0.14921875 0.045703125 0.05859375
0 0.880859375 0.23515625 0.08515625 0.087890625
0 0.7671875 0.171875 0.062109375 0.06953125
0 0.74375 0.1375 0.05390625 0.08203125
0 0.763671875 0.081640625 0.05390625 0.051171875
0 0.81796875 0.07265625 0.06640625 0.040234375
0 0.780859375 0.109765625 0.04296875 0.06640625
0 0.834375 0.10625 0.0734375 0.045703125
0 0.815234375 0.133984375 0.059375 0.06953125
0 0.821484375 0.18203125 0.075 0.070703125
0 0.8625 0.15546875 0.051171875 0.0734375
0 0.901953125 0.156640625 0.06171875 0.06875
0 0.9484375 0.15078125 0.055859375 0.089453125
0 0.977734375 0.153515625 0.04453125 0.080078125
0 0.966015625 0.09609375 0.06796875 0.046875
0 0.9765625 0.0734375 0.046875 0.05
0 0.925390625 0.069921875 0.0765625 0.044140625
0 0.86640625 0.071875 0.0703125 0.043359375
0 0.88203125 0.107421875 0.05625 0.052734375
0 0.91796875 0.10546875 0.04375 0.045703125