0 0.745703125 0.72890625 0.07265625 0.069921875
0 0.581640625 0.825 0.0671875 0.084765625
0 0.569140625 0.86640625 0.078125 0.062109375
0 0.551953125 0.897265625 0.075390625 0.0671875
0 0.620703125 0.88671875 0.0484375 0.089453125
0 0.65234375 0.8875 0.04921875 0.091796875
0 0.686328125 0.8671875 0.05625 0.090625
0 0.792578125 0.7703125 0.095703125 0.059765625
0 0.978125 0.840234375 0.04375 0.0625
0 0.893359375 0.809375 0.091796875 0.071484375
0 0.928515625 0.860546875 0.082421875 0.05390625
0 0.8734375 0.85703125 0.04609375 0.04921875
0 0.82890625 0.823046875 0.05546875 0.08046875
0 0.79453125 0.844140625 0.06328125 0.08984375
0 0.84375 0.874609375 0.05546875 0.06328125
0 0.914453125 0.908984375 0.04375 0.0609375
0 0.949609375 0.896875 0.05078125 0.065625
0 0.7140625 0.890234375 0.0546875 0.09296875
0 0.754296875 0.896875 0.044921875 0.081640625
0 0.7765625 0.87265625 0.071484375 0.0578125
0 0.818359375 0.912109375 0.07421875 0.04609375
0 0.05546875 0.57890625 0.1109375 0.06328125
0 0.21796875 0.591015625 0.0625 0.08671875
0 0.3859375 0.639453125 0.096875 0.05625
0 0.092578125 0.6578125 0.075 0.074609375
0 0.597265625 0.49375 0.05546875 0.087109375
0 0.3203125 0.271484375 0.08671875 0.069140625
0 0.748046875 0.10390625 0.066796875 0.086328125
0 0.62109375 0.08046875 0.07734375 0.076171875
0 0.686328125 0.11640625 0.0828125 0.059375
0 0.6890625 0.06640625 0.07265625 0.05546875
0 0.069140625 0.223046875 0.078515625 0.07890625
0 0.144140625 0.180859375 0.0640625 0.084375
0 0.249609375 0.173828125 0.06640625 0.073828125
0 0.198046875 0.20234375 0.073828125 0.062109375
0 0.380078125 0.084765625 0.05546875 0.0921875
0 0.4296875 0.071875 0.0640625 0.068359375
0 0.312109375 0.087109375 0.052734375 0.07890625
0 0.291796875 0.15 0.071875 0.06015625
0 0.34140625 0.11796875 0.0875 0.06640625
0 0.183984375 0.132421875 0.09375 0.060546875
0 0.208984375 0.08203125 0.055078125 0.066015625
0 0.25625 0.076953125 0.06640625 0.051953125
0 0.251171875 0.1171875 0.056640625 0.046875
0 0.08359375 0.158984375 0.0671875 0.091015625
0 0.02890625 0.133203125 0.0578125 0.06796875
0 0.09921875 0.1078125 0.049609375 0.0890625
0 0.1453125 0.10546875 0.06171875 0.084765625
0 0.06015625 0.065625 0.073046875 0.09140625
0 0.112890625 0.06640625 0.05625 0.050390625
0 0.01484375 0.080078125 0.0296875 0.044921875
0 0.463671875 0.11171875 0.07421875 0.0671875
0 0.51875 0.087109375 0.088671875 0.06640625