0 0.972265625 0.067578125 0.05546875 0.044140625
0 0.99140625 0.151171875 0.016796875 0.046875
0 0.973828125 0.126171875 0.05234375 0.0859375
0 0.941015625 0.08828125 0.053125 0.078515625
0 0.906640625 0.099609375 0.059765625 0.07734375
0 0.85703125 0.080859375 0.063671875 0.06328125
0 0.8296875 0.113671875 0.09140625 0.062890625
0 0.84296875 0.158203125 0.06796875 0.051953125
0 0.773828125 0.15 0.0796875 0.06953125
0 0.77265625 0.077734375 0.050390625 0.082421875
0 0.73515625 0.093359375 0.048046875 0.08984375
0 0.698828125 0.0859375 0.049609375 0.087890625
0 0.655859375 0.08359375 0.050390625 0.069140625
0 0.63359375 0.123828125 0.063671875 0.076171875
0 0.619921875 0.092578125 0.04609375 0.065625
0 0.6765625 0.151953125 0.072265625 0.066015625
0 0.690234375 0.18984375 0.066015625 0.07578125
0 0.71015625 0.22578125 0.0609375 0.081640625
0 0.58125 0.08203125 0.0515625 0.08515625
0 0.57265625 0.153125 0.046875 0.07578125
0 0.602734375 0.191015625 0.071875 0.069140625
0 0.54453125 0.13046875 0.044140625 0.0609375
0 0.541015625 0.074609375 0.0515625 0.06171875
0 0.5125 0.09296875 0.0515625 0.07890625
0 0.51875 0.165234375 0.0765625 0.051953125
0 0.465625 0.0828125 0.05 0.09921875
0 0.41875 0.07734375 0.057421875 0.070703125
0 0.415234375 0.105859375 0.053515625 0.07890625
0 0.37890625 0.081640625 0.046875 0.066796875
0 0.4015625 0.1390625 0.06171875 0.047265625
0 0.40234375 0.183203125 0.05859375 0.050390625
0 0.35859375 0.171875 0.0578125 0.051171875
0 0.3421875 0.0734375 0.059765625 0.0484375
0 0.3625 0.11796875 0.058984375 0.069921875
0 0.32734375 0.114453125 0.051171875 0.06640625
0 0.315234375 0.158984375 0.050390625 0.076953125
0 0.283203125 0.184765625 0.05390625 0.074609375
0 0.31875 0.21875 0.08359375 0.065625
0 0.3828125 0.213671875 0.078515625 0.046875
0 0.2984375 0.07734375 0.04453125 0.05625
0 0.280859375 0.116796875 0.05078125 0.07265625
0 0.264453125 0.071875 0.051953125 0.059375
0 0.240625 0.09921875 0.0453125 0.06796875
0 0.237890625 0.1515625 0.0515625 0.090234375
0 0.202734375 0.07890625 0.0453125 0.072265625
0 0.197265625 0.13984375 0.0515625 0.079296875
0 0.15 0.14765625 0.06953125 0.093359375
0 0.1640625 0.0828125 0.052734375 0.065625
0 0.109765625 0.116796875 0.056640625 0.06328125
0 0.120703125 0.080859375 0.05390625 0.06171875
0 0.08515625 0.087109375 0.048828125 0.066796875
0 0.06484375 0.146484375 0.059375 0.071484375
0 0.048828125 0.08125 0.0453125 0.07109375
0 0.022265625 0.08671875 0.04453125 0.064453125
0 0.03046875 0.112890625 0.042578125 0.048828125
0 0.008203125 0.149609375 0.016015625 0.0546875
0 0.02578125 0.173828125 0.0515625 0.07265625
0 0.0203125 0.222265625 0.040234375 0.04609375
0 0.024609375 0.2765625 0.04921875 0.075390625
0 0.06796875 0.2390625 0.0625 0.10625
0 0.1078125 0.198046875 0.090625 0.062109375
0 0.107421875 0.2453125 0.076953125 0.07421875
0 0.1046875 0.308203125 0.069921875 0.0609375
0 0.15859375 0.29921875 0.06015625 0.09140625
0 0.2125 0.226171875 0.080078125 0.06484375
0 0.277734375 0.274609375 0.07890625 0.06484375
0 0.3953125 0.260546875 0.077734375 0.0671875
0 0.43125 0.26484375 0.053125 0.088671875
0 0.476953125 0.269140625 0.062109375 0.076953125
0 0.45234375 0.183984375 0.055859375 0.087109375
0 0.487890625 0.212109375 0.079296875 0.054296875
0 0.78515625 0.223046875 0.08828125 0.065625
0 0.5859375 0.302734375 0.061328125 0.103515625
0 0.673828125 0.344140625 0.052734375 0.102734375
0 0.071484375 0.38828125 0.064453125 0.087109375
0 0.398828125 0.365625 0.0765625 0.057421875
0 0.1796875 0.53046875 0.09140625 0.0609375
0 0.04140625 0.79375 0.080859375 0.096875
0 0.083203125 0.901171875 0.080859375 0.07890625
0 0.1875 0.789453125 0.066015625 0.073828125
0 0.392578125 0.59375 0.070703125 0.083984375
0 0.37421875 0.68125 0.057421875 0.082421875
0 0.515234375 0.633984375 0.0890625 0.110546875
0 0.620703125 0.702734375 0.05703125 0.098046875
0 0.97421875 0.86171875 0.0515625 0.064453125
0 0.51640625 0.8328125 0.08359375 0.074609375
0 0.379296875 0.8921875 0.076171875 0.071875
0 0.303125 0.884765625 0.091796875 0.070703125
0 0.200390625 0.90078125 0.08125 0.094140625