0 0.725 0.627734375 0.072265625 0.068359375
0 0.531640625 0.671484375 0.066796875 0.047265625
0 0.428515625 0.804296875 0.073828125 0.0671875
0 0.5125 0.90078125 0.07734375 0.068359375
0 0.6125 0.89296875 0.084375 0.059375
0 0.582421875 0.85625 0.07578125 0.05859375
0 0.676171875 0.803125 0.05546875 0.07890625
0 0.204296875 0.562109375 0.0640625 0.076953125
0 0.901953125 0.544921875 0.06640625 0.08203125
0 0.98515625 0.58359375 0.0296875 0.051171875
0 0.948828125 0.4640625 0.064453125 0.078125
0 0.68515625 0.478515625 0.065625 0.07265625
0 0.97109375 0.40625 0.0578125 0.05625
0 0.483203125 0.312109375 0.0734375 0.06328125
0 0.40703125 0.289453125 0.06796875 0.058984375
0 0.173046875 0.416796875 0.067578125 0.066015625
0 0.139453125 0.3734375 0.059765625 0.075390625
0 0.29375 0.0875 0.052734375 0.08828125
0 0.41015625 0.081640625 0.084375 0.06015625
0 0.686328125 0.120703125 0.082421875 0.07578125
0 0.0109375 0.148828125 0.021875 0.06015625
0 0.01171875 0.354296875 0.0234375 0.059765625