0 0.017578125 0.2375 0.03515625 0.071875
0 0.28046875 0.351171875 0.078125 0.070703125
0 0.033984375 0.371875 0.06796875 0.0765625
0 0.027734375 0.071484375 0.05546875 0.051953125
0 0.032421875 0.1171875 0.06484375 0.0640625
0 0.05078125 0.069140625 0.0515625 0.062109375
0 0.10859375 0.06484375 0.06875 0.05703125
0 0.16875 0.06875 0.052734375 0.0671875
0 0.210546875 0.07890625 0.0578125 0.08125
0 0.0875 0.10625 0.0671875 0.061328125
0 0.06171875 0.153125 0.052734375 0.083203125
0 0.087109375 0.194921875 0.0671875 0.08046875
0 0.1546875 0.19453125 0.064453125 0.076171875
0 0.201953125 0.137890625 0.058203125 0.07421875
0 0.1203125 0.0859375 0.055859375 0.058203125
0 0.1640625 0.10234375 0.0421875 0.070703125
0 0.15078125 0.131640625 0.076171875 0.0734375
0 0.103125 0.155859375 0.055078125 0.062109375
0 0.25390625 0.079296875 0.05390625 0.091796875
0 0.29609375 0.109765625 0.06328125 0.072265625
0 0.32421875 0.090234375 0.0796875 0.064453125
0 0.30625 0.06171875 0.094140625 0.046875
0 0.359765625 0.14453125 0.084375 0.061328125
0 0.375 0.104296875 0.062890625 0.060546875
0 0.398828125 0.08046875 0.06640625 0.08046875
0 0.44921875 0.0875 0.053125 0.088671875
0 0.480859375 0.090234375 0.061328125 0.062109375
0 0.523828125 0.07890625 0.063671875 0.0625
0 0.476953125 0.141796875 0.058203125 0.0890625
0 0.526171875 0.141015625 0.078125 0.0671875
0 0.56640625 0.183203125 0.08515625 0.0828125
0 0.609765625 0.230078125 0.061328125 0.08046875
0 0.580859375 0.065625 0.063671875 0.070703125
0 0.570703125 0.1109375 0.065234375 0.0671875
0 0.625390625 0.168359375 0.073046875 0.076953125
0 0.663671875 0.23125 0.058203125 0.072265625
0 0.69609375 0.169140625 0.08125 0.05703125
0 0.75234375 0.1671875 0.077734375 0.056640625
0 0.79140625 0.183984375 0.07578125 0.069921875
0 0.823828125 0.22421875 0.091796875 0.065234375
0 0.85546875 0.184765625 0.065625 0.073046875
0 0.97421875 0.1734375 0.0515625 0.09296875
0 0.97578125 0.052734375 0.046875 0.06328125
0 0.96484375 0.146875 0.0703125 0.0578125
0 0.98125 0.0984375 0.0375 0.046875
0 0.93359375 0.1109375 0.06875 0.05546875
0 0.941015625 0.059375 0.0578125 0.075
0 0.901171875 0.068359375 0.061328125 0.06796875
0 0.913671875 0.154296875 0.053515625 0.08515625
0 0.8796875 0.13046875 0.0515625 0.054296875
0 0.83125 0.124609375 0.045703125 0.085546875
0 0.865625 0.090625 0.053125 0.0734375
0 0.84609375 0.06640625 0.043359375 0.059375
0 0.808203125 0.067578125 0.050390625 0.0625
0 0.793359375 0.119921875 0.044140625 0.06875
0 0.757421875 0.112890625 0.053125 0.0640625
0 0.70625 0.120703125 0.0609375 0.05859375
0 0.66328125 0.13359375 0.060546875 0.078125
0 0.62421875 0.097265625 0.05546875 0.085546875
0 0.76484375 0.063671875 0.05625 0.075
0 0.727734375 0.080078125 0.0578125 0.0734375
0 0.69375 0.0765625 0.057421875 0.07578125
0 0.65390625 0.064453125 0.05234375 0.073046875
0 0.912109375 0.41796875 0.08125 0.081640625
0 0.987890625 0.41328125 0.02421875 0.068359375
0 0.873828125 0.579296875 0.0734375 0.098828125
0 0.69609375 0.56953125 0.072265625 0.090234375
0 0.456640625 0.86015625 0.0609375 0.08125
0 0.69140625 0.796484375 0.073828125 0.062109375
0 0.8359375 0.825 0.069921875 0.082421875
0 0.925390625 0.863671875 0.071484375 0.05859375
0 0.11796875 0.606640625 0.071875 0.062890625
0 0.212890625 0.6265625 0.071484375 0.068359375
0 0.345703125 0.619921875 0.058984375 0.08125