0 0.751171875 0.609765625 0.06953125 0.060546875
0 0.610546875 0.687109375 0.071484375 0.058984375
0 0.188671875 0.862109375 0.078515625 0.052734375
0 0.397265625 0.8546875 0.062109375 0.048046875
0 0.463671875 0.87265625 0.073046875 0.046484375
0 0.590625 0.879296875 0.06484375 0.055078125
0 0.779296875 0.88515625 0.057421875 0.048046875
0 0.784375 0.830078125 0.05625 0.076953125
0 0.846875 0.812109375 0.05546875 0.08359375
0 0.85625 0.865234375 0.085546875 0.05625
0 0.917578125 0.825390625 0.07734375 0.059375
0 0.895703125 0.8953125 0.067578125 0.052734375
0 0.94765625 0.890234375 0.05625 0.080859375
0 0.980078125 0.865234375 0.039453125 0.065234375