0 0.163671875 0.083984375 0.096484375 0.085546875
0 0.023828125 0.2859375 0.04765625 0.07890625
0 0.24453125 0.123046875 0.09375 0.0609375
0 0.2171875 0.162890625 0.066796875 0.0765625
0 0.268359375 0.1859375 0.071875 0.0765625
0 0.52734375 0.12890625 0.05 0.087890625
0 0.423046875 0.151953125 0.078515625 0.0546875
0 0.769140625 0.126171875 0.0640625 0.080078125
0 0.81484375 0.12734375 0.060546875 0.077734375
0 0.8734375 0.13203125 0.071875 0.055859375
0 0.924609375 0.1234375 0.06171875 0.085546875
0 0.969921875 0.104296875 0.059765625 0.05703125
0 0.96171875 0.155859375 0.056640625 0.067578125
0 0.992578125 0.357421875 0.01484375 0.069921875
0 0.94765625 0.27578125 0.076953125 0.0609375
0 0.953515625 0.352734375 0.073046875 0.07109375
0 0.748046875 0.226171875 0.073046875 0.051953125
0 0.29296875 0.2828125 0.06171875 0.077734375
0 0.71015625 0.3765625 0.06171875 0.080078125
0 0.85546875 0.4484375 0.0640625 0.07265625
0 0.31015625 0.399609375 0.060546875 0.067578125
0 0.391796875 0.42109375 0.056640625 0.073828125
0 0.21015625 0.56484375 0.08359375 0.048046875
0 0.021875 0.754296875 0.04375 0.069921875
0 0.18046875 0.69140625 0.0578125 0.069921875
0 0.5234375 0.630859375 0.0578125 0.069921875
0 0.58515625 0.671875 0.065625 0.07265625
0 0.46875 0.85625 0.06953125 0.063671875
0 0.5375 0.878125 0.06796875 0.0609375
0 0.66328125 0.80234375 0.060546875 0.066015625
0 0.737890625 0.79921875 0.08359375 0.0546875
0 0.970703125 0.8484375 0.05859375 0.066015625
0 0.990625 0.904296875 0.01875 0.049609375
0 0.93359375 0.871875 0.0796875 0.05859375
0 0.887890625 0.858984375 0.055078125 0.083984375
0 0.841796875 0.87734375 0.073046875 0.05703125
0 0.77890625 0.85390625 0.065625 0.073828125
0 0.68125 0.855078125 0.06796875 0.073828125