0 0.051171875 0.874609375 0.0578125 0.058203125
0 0.145703125 0.88359375 0.06484375 0.04765625
0 0.25546875 0.87734375 0.047265625 0.060546875
0 0.47265625 0.89296875 0.072265625 0.058203125
0 0.511328125 0.821875 0.051953125 0.086328125
0 0.542578125 0.89296875 0.074609375 0.056640625
0 0.60703125 0.87578125 0.075390625 0.078125
0 0.030859375 0.09296875 0.06171875 0.058984375
0 0.08828125 0.081640625 0.069140625 0.057421875
0 0.073046875 0.13359375 0.09140625 0.078125
0 0.986328125 0.857421875 0.026953125 0.088671875