0 0.013671875 0.16171875 0.02578125 0.0703125
0 0.044921875 0.16484375 0.06796875 0.0625
0 0.125390625 0.119921875 0.05703125 0.08515625
0 0.250390625 0.134375 0.06015625 0.0765625
0 0.194921875 0.158984375 0.08515625 0.05390625
0 0.08984375 0.227734375 0.1 0.06953125
0 0.13359375 0.19921875 0.065625 0.046875
0 0.250390625 0.215234375 0.10546875 0.06796875
0 0.03359375 0.26015625 0.065625 0.075
0 0.00546875 0.315234375 0.009375 0.03515625
0 0.2125 0.29375 0.0796875 0.05625
0 0.087109375 0.3828125 0.06171875 0.0890625
0 0.04375 0.394140625 0.046875 0.07421875
0 0.196484375 0.368359375 0.04765625 0.07109375
0 0.248046875 0.376953125 0.05859375 0.07265625
0 0.310546875 0.328125 0.05234375 0.078125
0 0.37421875 0.34609375 0.0578125 0.075
0 0.3734375 0.291015625 0.0484375 0.07578125
0 0.41484375 0.301953125 0.05 0.06015625
0 0.4515625 0.1109375 0.0484375 0.0890625
0 0.520703125 0.098046875 0.07421875 0.05078125
0 0.5203125 0.23203125 0.0828125 0.0640625
0 0.571875 0.173828125 0.0484375 0.08984375
0 0.6 0.118359375 0.059375 0.09296875
0 0.6609375 0.158984375 0.0703125 0.06015625
0 0.709765625 0.149609375 0.05546875 0.07421875
0 0.720703125 0.258203125 0.08359375 0.05390625
0 0.777734375 0.276953125 0.05234375 0.08046875
0 0.601953125 0.48515625 0.05234375 0.075
0 0.80078125 0.290234375 0.053125 0.09609375
0 0.85078125 0.253515625 0.096875 0.07265625
0 0.7796875 0.176953125 0.10625 0.07421875
0 0.828125 0.097265625 0.071875 0.08671875
0 0.869921875 0.11328125 0.05859375 0.0890625
0 0.97890625 0.11171875 0.040625 0.0796875
0 0.087109375 0.484765625 0.08515625 0.05234375
0 0.0546875 0.523828125 0.071875 0.05078125
0 0.0171875 0.512109375 0.0328125 0.05078125
0 0.00703125 0.454296875 0.0125 0.04296875
0 0.20234375 0.7578125 0.0734375 0.0421875
0 0.1875 0.80078125 0.05625 0.0640625
0 0.21640625 0.84296875 0.0546875 0.071875
0 0.115234375 0.802734375 0.08828125 0.05234375
0 0.11796875 0.840625 0.09375 0.053125
0 0.159765625 0.8828125 0.07421875 0.0609375
0 0.06484375 0.84609375 0.05625 0.071875
0 0.013671875 0.84765625 0.02578125 0.06875