0 0.90078125 0.573046875 0.065234375 0.065234375
0 0.831640625 0.6578125 0.07109375 0.09140625
0 0.908984375 0.67890625 0.067578125 0.062109375
0 0.837890625 0.775390625 0.080859375 0.080859375
0 0.9265625 0.7765625 0.090234375 0.071484375
0 0.71171875 0.6796875 0.062890625 0.076171875
0 0.7765625 0.719140625 0.080078125 0.058984375
0 0.61015625 0.69609375 0.06484375 0.073046875
0 0.72109375 0.733984375 0.0703125 0.056640625
0 0.641015625 0.747265625 0.079296875 0.068359375
0 0.728125 0.772265625 0.0890625 0.046875
0 0.652734375 0.812890625 0.073046875 0.076953125
0 0.697265625 0.845703125 0.053515625 0.0734375
0 0.746484375 0.86640625 0.062890625 0.0765625
0 0.7546875 0.803125 0.0609375 0.077734375
0 0.79296875 0.855078125 0.0640625 0.072265625
0 0.65 0.86796875 0.080859375 0.058203125
0 0.50390625 0.8109375 0.070703125 0.0640625
0 0.58203125 0.866796875 0.0421875 0.07421875
0 0.56328125 0.843359375 0.03671875 0.0578125
0 0.4125 0.814453125 0.07109375 0.058984375
0 0.39296875 0.86015625 0.052734375 0.05703125
0 0.45625 0.85078125 0.048828125 0.075390625
0 0.483203125 0.871484375 0.05234375 0.0765625
0 0.54453125 0.864453125 0.042578125 0.065234375
0 0.51640625 0.867578125 0.026171875 0.068359375
0 0.412109375 0.87421875 0.06328125 0.069921875
0 0.062109375 0.767578125 0.076171875 0.090234375
0 0.19375 0.6671875 0.065625 0.098828125
0 0.3453125 0.53515625 0.065625 0.052734375
0 0.3515625 0.5921875 0.0703125 0.0640625
0 0.493359375 0.410546875 0.09140625 0.055859375
0 0.493359375 0.118359375 0.06484375 0.075390625
0 0.381640625 0.234765625 0.077734375 0.058984375
0 0.27578125 0.241015625 0.07890625 0.06796875
0 0.023828125 0.108984375 0.04765625 0.06015625
0 0.123046875 0.15390625 0.0765625 0.08515625
0 0.018359375 0.28125 0.03671875 0.05625
0 0.085546875 0.2953125 0.072265625 0.059765625
0 0.68125 0.382421875 0.058203125 0.08046875
0 0.653125 0.23671875 0.06328125 0.085546875
0 0.88125 0.169921875 0.063671875 0.08359375
0 0.809765625 0.1171875 0.0859375 0.058203125
0 0.67890625 0.165234375 0.0890625 0.053125
0 0.7671875 0.171875 0.083203125 0.054296875
0 0.792578125 0.2125 0.094140625 0.0546875
0 0.7625 0.29296875 0.102734375 0.06328125