0 0.6890625 0.1890625 0.071484375 0.05625
0 0.61484375 0.1453125 0.051953125 0.073046875
0 0.405078125 0.230859375 0.040625 0.0734375
0 0.322265625 0.203515625 0.05546875 0.077734375
0 0.252734375 0.27265625 0.05859375 0.07421875
0 0.085546875 0.23984375 0.090234375 0.04921875
0 0.03515625 0.334375 0.069921875 0.047265625
0 0.019921875 0.551171875 0.03984375 0.07578125
0 0.058984375 0.566015625 0.0640625 0.078515625
0 0.173046875 0.5453125 0.074609375 0.04765625
0 0.118359375 0.595703125 0.055078125 0.07421875
0 0.053125 0.64453125 0.0703125 0.071875
0 0.261328125 0.60390625 0.07890625 0.051171875
0 0.5640625 0.862890625 0.076171875 0.0578125
0 0.384765625 0.7796875 0.058203125 0.0703125
0 0.3203125 0.7734375 0.069921875 0.054296875
0 0.359375 0.85625 0.06796875 0.06640625
0 0.4265625 0.848828125 0.053515625 0.06484375
0 0.476171875 0.8546875 0.05703125 0.054296875