0 0.10703125 0.095703125 0.04765625 0.04609375
0 0.125 0.116015625 0.058203125 0.058203125
0 0.147265625 0.084375 0.03828125 0.04921875
0 0.099609375 0.139453125 0.0546875 0.039453125
0 0.102734375 0.174609375 0.058984375 0.041015625
0 0.08984375 0.20703125 0.04375 0.065234375
0 0.17578125 0.191015625 0.074609375 0.055859375
0 0.103125 0.26640625 0.041796875 0.071875
0 0.215625 0.240625 0.063671875 0.062109375
0 0.169921875 0.25859375 0.062109375 0.0484375
0 0.205078125 0.294140625 0.078125 0.06796875
0 0.150390625 0.287109375 0.058203125 0.048828125
0 0.173828125 0.328515625 0.047265625 0.0609375
0 0.20078125 0.343359375 0.0578125 0.058984375
0 0.14375 0.371484375 0.08046875 0.0515625
0 0.12578125 0.33515625 0.06640625 0.065234375
0 0.089453125 0.369140625 0.062109375 0.0515625
0 0.115625 0.429296875 0.0796875 0.046484375
0 0.08515625 0.4203125 0.04375 0.06640625
0 0.092578125 0.4703125 0.06171875 0.0453125
0 0.088671875 0.504296875 0.059375 0.053125
0 0.0859375 0.540234375 0.078125 0.04453125
0 0.098828125 0.57890625 0.064453125 0.044140625
0 0.10859375 0.639453125 0.075390625 0.038671875
0 0.0953125 0.618359375 0.05078125 0.046875
0 0.101953125 0.66796875 0.093359375 0.04453125
0 0.091796875 0.70234375 0.07578125 0.036328125
0 0.102734375 0.729296875 0.0671875 0.03671875
0 0.16875 0.720703125 0.060546875 0.05
0 0.13515625 0.756640625 0.041796875 0.0609375
0 0.09765625 0.7546875 0.05546875 0.032421875
0 0.106640625 0.78828125 0.053515625 0.044921875
0 0.1703125 0.815625 0.069921875 0.059765625
0 0.122265625 0.80546875 0.048046875 0.030078125
0 0.098828125 0.828125 0.035546875 0.05234375
0 0.127734375 0.833203125 0.059765625 0.037109375
0 0.171875 0.862109375 0.072265625 0.036328125
0 0.143359375 0.867578125 0.049609375 0.067578125
0 0.1359375 0.88984375 0.048046875 0.03203125
0 0.116015625 0.869140625 0.03515625 0.0640625
0 0.179296875 0.894921875 0.0453125 0.037890625
0 0.23046875 0.89375 0.075390625 0.053125
0 0.294140625 0.86640625 0.0546875 0.078125
0 0.21640625 0.7734375 0.071484375 0.059375
0 0.168359375 0.766796875 0.053125 0.055078125
0 0.1765625 0.588671875 0.055078125 0.080078125
0 0.216796875 0.614453125 0.06953125 0.057421875
0 0.24921875 0.601953125 0.06015625 0.06875
0 0.218359375 0.545703125 0.071875 0.043359375
0 0.196875 0.5265625 0.070703125 0.038671875
0 0.2765625 0.5546875 0.05859375 0.0640625
0 0.219921875 0.461328125 0.0640625 0.058984375
0 0.271484375 0.484375 0.082421875 0.073828125
0 0.284765625 0.507421875 0.08046875 0.05
0 0.321875 0.53125 0.0484375 0.055859375
0 0.360546875 0.526953125 0.075390625 0.0734375
0 0.407421875 0.551953125 0.074609375 0.047265625
0 0.420703125 0.510546875 0.08046875 0.043359375
0 0.384765625 0.4328125 0.0625 0.080859375
0 0.265625 0.4328125 0.100390625 0.05625
0 0.305859375 0.408203125 0.075 0.062890625
0 0.2625 0.366015625 0.075390625 0.075390625
0 0.312109375 0.351171875 0.080078125 0.049609375
0 0.268359375 0.3109375 0.06484375 0.059765625
0 0.2671875 0.265625 0.059765625 0.0578125
0 0.299609375 0.296484375 0.07421875 0.0578125
0 0.356640625 0.30703125 0.07421875 0.067578125
0 0.38359375 0.35859375 0.071875 0.081640625
0 0.331640625 0.25078125 0.083984375 0.069921875
0 0.289453125 0.189453125 0.090234375 0.06640625
0 0.314453125 0.154296875 0.055859375 0.061328125
0 0.369921875 0.179296875 0.056640625 0.068359375
0 0.381640625 0.21796875 0.0703125 0.057421875
0 0.430078125 0.208203125 0.0609375 0.089453125
0 0.458203125 0.233984375 0.057421875 0.066796875
0 0.430859375 0.373828125 0.071875 0.073046875
0 0.43828125 0.426953125 0.086328125 0.07421875
0 0.52265625 0.408203125 0.059375 0.065234375
0 0.488671875 0.323828125 0.091796875 0.0546875
0 0.494921875 0.275 0.069140625 0.058984375
0 0.38828125 0.14296875 0.0734375 0.049609375
0 0.400390625 0.10234375 0.07578125 0.051953125
0 0.32890625 0.109765625 0.06015625 0.05234375
0 0.27734375 0.112109375 0.06796875 0.05234375
0 0.2484375 0.1109375 0.057421875 0.054296875
0 0.263671875 0.071484375 0.062890625 0.03984375
0 0.2953125 0.06328125 0.0671875 0.049609375
0 0.344921875 0.072265625 0.070703125 0.0546875
0 0.204296875 0.0765625 0.062890625 0.058203125
0 0.183984375 0.119140625 0.075 0.040625
0 0.170703125 0.077734375 0.03515625 0.044140625
0 0.432421875 0.06484375 0.07578125 0.0515625
0 0.501953125 0.06328125 0.05703125 0.05078125
0 0.4953125 0.110546875 0.07265625 0.05
0 0.473828125 0.16015625 0.063671875 0.071875
0 0.3765625 0.750390625 0.120703125 0.067578125
0 0.33125 0.73046875 0.075390625 0.0515625
0 0.328515625 0.6796875 0.06796875 0.0578125
0 0.40234375 0.701171875 0.0828125 0.049609375
0 0.409375 0.65703125 0.069140625 0.049609375
0 0.38828125 0.633984375 0.065234375 0.0734375
0 0.53203125 0.730078125 0.051171875 0.075
0 0.453125 0.786328125 0.096484375 0.0578125
0 0.41796875 0.8609375 0.054296875 0.08125
0 0.393359375 0.90078125 0.0671875 0.047265625
0 0.46875 0.9 0.07734375 0.04765625
0 0.630859375 0.896484375 0.084765625 0.05546875
0 0.695703125 0.923046875 0.059375 0.058984375
0 0.601953125 0.8265625 0.0515625 0.058984375
0 0.6859375 0.778515625 0.07578125 0.055078125
0 0.770703125 0.861328125 0.067578125 0.04453125
0 0.7921875 0.90703125 0.075390625 0.0671875
0 0.85234375 0.893359375 0.05546875 0.065625
0 0.884765625 0.9 0.03984375 0.0875
0 0.91171875 0.890234375 0.050390625 0.075390625
0 0.958203125 0.91328125 0.05703125 0.047265625
0 0.95 0.856640625 0.06796875 0.06640625
0 0.935546875 0.873046875 0.058203125 0.050390625
0 0.9890625 0.890625 0.021875 0.0921875
0 0.9515625 0.80078125 0.083203125 0.0515625
0 0.883984375 0.6796875 0.060546875 0.058203125
0 0.94765625 0.590234375 0.062109375 0.066796875
0 0.727734375 0.594140625 0.05625 0.0609375
0 0.881640625 0.4984375 0.065234375 0.0796875
0 0.9765625 0.510546875 0.046875 0.056640625
0 0.865625 0.3765625 0.077734375 0.058203125
0 0.807421875 0.4234375 0.07734375 0.051171875
0 0.783984375 0.4734375 0.0796875 0.05
0 0.7390625 0.4828125 0.070703125 0.05546875
0 0.724609375 0.419140625 0.050390625 0.08828125
0 0.687109375 0.43828125 0.0546875 0.065234375
0 0.775390625 0.37265625 0.0703125 0.047265625
0 0.60546875 0.4546875 0.07265625 0.057421875
0 0.65703125 0.395703125 0.051953125 0.0515625
0 0.694921875 0.366015625 0.07734375 0.05625
0 0.62890625 0.356640625 0.053515625 0.06875
0 0.587109375 0.3796875 0.048046875 0.059765625
0 0.537109375 0.37421875 0.073046875 0.056640625
0 0.53359375 0.33046875 0.07421875 0.05390625
0 0.536328125 0.28671875 0.0515625 0.052734375
0 0.559765625 0.26953125 0.086328125 0.047265625
0 0.592578125 0.317578125 0.066015625 0.077734375
0 0.640234375 0.31640625 0.071875 0.059375
0 0.688671875 0.31875 0.0671875 0.048828125
0 0.741015625 0.306640625 0.077734375 0.0859375
0 0.709765625 0.265234375 0.0765625 0.058984375
0 0.6703125 0.26875 0.04453125 0.05703125
0 0.63046875 0.273046875 0.042578125 0.05859375
0 0.653125 0.225390625 0.0609375 0.06015625
0 0.60703125 0.191796875 0.07421875 0.047265625
0 0.575390625 0.23984375 0.055078125 0.05078125
0 0.52578125 0.22109375 0.0796875 0.066796875
0 0.76328125 0.201953125 0.088671875 0.05234375
0 0.55625 0.17578125 0.07578125 0.062890625
0 0.544140625 0.139453125 0.075 0.066796875
0 0.542578125 0.0734375 0.05078125 0.073046875
0 0.57890625 0.071484375 0.044921875 0.076953125
0 0.617578125 0.07109375 0.03828125 0.058203125
0 0.637890625 0.100390625 0.0421875 0.065234375
0 0.653515625 0.055859375 0.059765625 0.03984375
0 0.683203125 0.08359375 0.054296875 0.0875
0 0.7171875 0.073828125 0.04765625 0.07265625
0 0.73359375 0.0984375 0.041796875 0.076953125
0 0.773828125 0.10234375 0.053125 0.084375
0 0.824609375 0.128515625 0.058984375 0.069140625
0 0.82578125 0.07265625 0.04375 0.071875
0 0.8234375 0.0578125 0.069921875 0.05234375
0 0.862109375 0.166796875 0.051953125 0.079296875
0 0.9015625 0.158984375 0.0484375 0.0828125
0 0.93671875 0.208984375 0.05859375 0.078125
0 0.870703125 0.08203125 0.055859375 0.06953125
0 0.916015625 0.089453125 0.05234375 0.07421875
0 0.9 0.0578125 0.084765625 0.0359375
0 0.97109375 0.06328125 0.057421875 0.051953125
0 0.9875 0.106640625 0.025 0.03203125
0 0.9921875 0.047265625 0.015234375 0.07734375
0 0.687890625 0.982421875 0.029296875 0.03515625