0 0.012109375 0.15703125 0.02421875 0.0546875
0 0.021875 0.212109375 0.04375 0.07734375
0 0.09453125 0.272265625 0.075390625 0.053515625
0 0.028125 0.11328125 0.055859375 0.053515625
0 0.0578125 0.137109375 0.0546875 0.076953125
0 0.101953125 0.147265625 0.07265625 0.05546875
0 0.0828125 0.090234375 0.089453125 0.06171875
0 0.132421875 0.094140625 0.058984375 0.06015625
0 0.139453125 0.137890625 0.05078125 0.091015625
0 0.175 0.15 0.034375 0.073828125
0 0.18984375 0.10390625 0.058984375 0.068359375
0 0.2234375 0.100390625 0.03828125 0.062890625
0 0.255078125 0.094140625 0.0453125 0.06171875
0 0.298046875 0.09296875 0.06640625 0.04921875
0 0.358984375 0.09375 0.053125 0.059375
0 0.392578125 0.10703125 0.053125 0.071875
0 0.42734375 0.113671875 0.04375 0.072265625
0 0.499609375 0.096484375 0.070703125 0.05703125
0 0.355859375 0.133203125 0.068359375 0.07265625
0 0.31953125 0.12421875 0.0359375 0.08203125
0 0.288671875 0.146875 0.03828125 0.0796875
0 0.2515625 0.1453125 0.03671875 0.071484375
0 0.205859375 0.16328125 0.05625 0.062890625
0 0.039453125 0.468359375 0.078515625 0.051171875
0 0.197265625 0.39375 0.061328125 0.073828125
0 0.019140625 0.608203125 0.03828125 0.077734375
0 0.344140625 0.4734375 0.080859375 0.04921875
0 0.458203125 0.300390625 0.06328125 0.071875
0 0.3984375 0.545703125 0.0578125 0.077734375
0 0.235546875 0.5765625 0.079296875 0.04765625
0 0.0796875 0.762890625 0.067578125 0.073828125
0 0.14453125 0.849609375 0.07109375 0.06953125
0 0.2640625 0.859375 0.080078125 0.06171875
0 0.2265625 0.710546875 0.065234375 0.062109375
0 0.278515625 0.713671875 0.055078125 0.089453125
0 0.48203125 0.678125 0.07890625 0.058203125
0 0.364453125 0.619921875 0.08125 0.059375
0 0.98359375 0.766796875 0.0328125 0.0515625
0 0.9 0.771875 0.07734375 0.05859375
0 0.961328125 0.670703125 0.07734375 0.05859375
0 0.884765625 0.715234375 0.081640625 0.0625
0 0.81484375 0.662109375 0.0515625 0.084765625
0 0.862890625 0.6328125 0.091015625 0.04609375
0 0.9 0.605078125 0.084765625 0.0484375
0 0.849609375 0.59140625 0.08359375 0.059375
0 0.72421875 0.7734375 0.05625 0.077734375
0 0.738671875 0.8703125 0.081640625 0.0609375
0 0.70234375 0.8171875 0.0609375 0.065625
0 0.626953125 0.73984375 0.0765625 0.061328125
0 0.426953125 0.733203125 0.051953125 0.07265625
0 0.39296875 0.733984375 0.03828125 0.062890625
0 0.35234375 0.737109375 0.06640625 0.04453125
0 0.351171875 0.78125 0.0859375 0.054296875
0 0.663671875 0.878125 0.069921875 0.04140625
0 0.64453125 0.845703125 0.06640625 0.053515625
0 0.609765625 0.873828125 0.048046875 0.05859375
0 0.62578125 0.789453125 0.04765625 0.0546875
0 0.581640625 0.799609375 0.05703125 0.063671875
0 0.544140625 0.776953125 0.0421875 0.062109375
0 0.527734375 0.80078125 0.049609375 0.048828125
0 0.567578125 0.835546875 0.059765625 0.052734375
0 0.571875 0.879296875 0.0515625 0.06484375
0 0.4765625 0.790625 0.04765625 0.080859375
0 0.5296875 0.8453125 0.04296875 0.05546875
0 0.534765625 0.8859375 0.033984375 0.040234375
0 0.507421875 0.882421875 0.04921875 0.0453125
0 0.50390625 0.844140625 0.030078125 0.04140625
0 0.46328125 0.884765625 0.0546875 0.0375
0 0.46015625 0.851953125 0.04453125 0.06171875
0 0.4234375 0.86640625 0.0375 0.064453125
0 0.387109375 0.8671875 0.060546875 0.071875
0 0.347265625 0.87265625 0.055078125 0.079296875
0 0.383984375 0.816796875 0.06484375 0.053515625
0 0.418359375 0.78984375 0.079296875 0.058203125
0 0.9859375 0.092578125 0.027734375 0.056640625
0 0.97421875 0.1875 0.0515625 0.05625
0 0.927734375 0.1984375 0.047265625 0.077734375
0 0.86328125 0.2484375 0.0921875 0.05390625
0 0.85390625 0.337890625 0.051953125 0.073046875
0 0.809375 0.292578125 0.06328125 0.057421875
0 0.56640625 0.264453125 0.05390625 0.0875
0 0.6875 0.21796875 0.07578125 0.058203125
0 0.605078125 0.174609375 0.062890625 0.06171875
0 0.53515625 0.117578125 0.04453125 0.08671875
0 0.570703125 0.115234375 0.047265625 0.087109375
0 0.604296875 0.094140625 0.05625 0.061328125
0 0.971875 0.14765625 0.05625 0.053125
0 0.964453125 0.090625 0.04375 0.057421875
0 0.925 0.084765625 0.03984375 0.04453125
0 0.957421875 0.127734375 0.0453125 0.060546875
0 0.922265625 0.1296875 0.0546875 0.090234375
0 0.885546875 0.092578125 0.063671875 0.0453125
0 0.8796875 0.125 0.0484375 0.05859375
0 0.851171875 0.1515625 0.053125 0.07109375
0 0.837109375 0.1078125 0.058203125 0.077734375
0 0.813671875 0.100390625 0.05078125 0.07109375
0 0.783984375 0.093359375 0.05 0.089453125
0 0.755859375 0.10859375 0.03828125 0.07734375
0 0.72421875 0.0984375 0.0375 0.059375
0 0.790625 0.1671875 0.05390625 0.077734375
0 0.744140625 0.151953125 0.046875 0.071875
0 0.709765625 0.176953125 0.05546875 0.055859375
0 0.684375 0.150390625 0.06171875 0.048046875
0 0.65 0.138671875 0.0578125 0.0796875
0 0.64609375 0.091796875 0.055078125 0.058984375
0 0.701171875 0.11953125 0.046484375 0.053125
0 0.683984375 0.087890625 0.067578125 0.0515625