0 0.937890625 0.0828125 0.083203125 0.087109375
0 0.97421875 0.135546875 0.0515625 0.059375
0 0.859765625 0.24921875 0.076171875 0.087109375
0 0.8015625 0.088671875 0.078125 0.062890625
0 0.750390625 0.08984375 0.05546875 0.070703125
0 0.71015625 0.105078125 0.052734375 0.078515625
0 0.753515625 0.141015625 0.073828125 0.06015625
0 0.676171875 0.148046875 0.068359375 0.086328125
0 0.506640625 0.095703125 0.074609375 0.078515625
0 0.5359375 0.1640625 0.05625 0.08359375
0 0.59296875 0.178125 0.066796875 0.078515625
0 0.48984375 0.22265625 0.07734375 0.062109375
0 0.3796875 0.144921875 0.065234375 0.078515625
0 0.2796875 0.080859375 0.073828125 0.069921875
0 0.2328125 0.08515625 0.07734375 0.064453125
0 0.1875 0.147265625 0.066015625 0.077734375
0 0.074609375 0.175390625 0.0796875 0.0734375
0 0.20078125 0.219140625 0.073828125 0.07421875
0 0.023828125 0.3046875 0.04765625 0.071484375
0 0.130078125 0.3671875 0.08515625 0.055859375
0 0.226953125 0.398046875 0.0546875 0.0828125
0 0.525390625 0.495703125 0.06328125 0.062890625
0 0.9734375 0.806640625 0.053125 0.07421875
0 0.619140625 0.611328125 0.07890625 0.05859375
0 0.270703125 0.53359375 0.05546875 0.08359375
0 0.33671875 0.532421875 0.058984375 0.07421875
0 0.496875 0.60703125 0.0546875 0.072265625
0 0.54375 0.655859375 0.066796875 0.062109375
0 0.334375 0.628125 0.065234375 0.069140625
0 0.083984375 0.609765625 0.088671875 0.062109375
0 0.777734375 0.88515625 0.06171875 0.064453125
0 0.7109375 0.858984375 0.065234375 0.069921875
0 0.01484375 0.87421875 0.0296875 0.0703125
0 0.055859375 0.809765625 0.09453125 0.061328125
0 0.11796875 0.77421875 0.058984375 0.095703125
0 0.148046875 0.84296875 0.075390625 0.096875
0 0.16484375 0.913671875 0.076171875 0.085546875
0 0.066796875 0.865625 0.078125 0.05859375
0 0.108984375 0.8953125 0.058203125 0.0828125
0 0.051953125 0.908984375 0.083203125 0.046484375
0 0.224609375 0.87265625 0.0484375 0.084765625
0 0.33515625 0.76875 0.06171875 0.075
0 0.287109375 0.7765625 0.08671875 0.06640625
0 0.253515625 0.803125 0.067578125 0.048046875
0 0.3234375 0.815625 0.078125 0.045703125
0 0.34296875 0.841796875 0.051171875 0.06796875
0 0.45234375 0.81171875 0.06171875 0.0828125
0 0.416015625 0.826953125 0.058203125 0.06640625
0 0.48359375 0.83828125 0.065234375 0.064453125
0 0.522265625 0.86015625 0.046875 0.078515625
0 0.390234375 0.85390625 0.060546875 0.059375
0 0.2578125 0.84453125 0.05546875 0.064453125
0 0.257421875 0.89140625 0.051171875 0.059375
0 0.28828125 0.903515625 0.04609375 0.064453125
0 0.302734375 0.864453125 0.043359375 0.075
0 0.32578125 0.903125 0.04765625 0.069140625
0 0.36328125 0.9015625 0.044140625 0.0734375
0 0.39921875 0.91171875 0.043359375 0.072265625
0 0.428125 0.89453125 0.0375 0.076953125
0 0.46484375 0.878515625 0.060546875 0.046484375
0 0.456640625 0.90859375 0.042578125 0.0421875
0 0.501953125 0.90625 0.051171875 0.0515625
0 0.540234375 0.9015625 0.04765625 0.071484375
0 0.59609375 0.886328125 0.081640625 0.056640625