0 0.8828125 0.389453125 0.05859375 0.083984375
0 0.783203125 0.5765625 0.059765625 0.075
0 0.666796875 0.7796875 0.07421875 0.065234375
0 0.571484375 0.61796875 0.06796875 0.081640625
0 0.505859375 0.671484375 0.058203125 0.08046875
0 0.310546875 0.70390625 0.06484375 0.072265625
0 0.180859375 0.84375 0.087109375 0.06171875
0 0.329296875 0.78125 0.065625 0.087890625
0 0.311328125 0.828515625 0.05859375 0.075
0 0.531640625 0.7828125 0.07890625 0.0640625
0 0.3875 0.88359375 0.086328125 0.06640625
0 0.509375 0.876171875 0.079296875 0.055078125
0 0.43515625 0.890234375 0.053125 0.077734375
0 0.4734375 0.901953125 0.06796875 0.06171875
0 0.016015625 0.633203125 0.031640625 0.06484375
0 0.141015625 0.580859375 0.06640625 0.09140625
0 0.081640625 0.6640625 0.0734375 0.0796875
0 0.530859375 0.4375 0.05390625 0.08125
0 0.408203125 0.45 0.053125 0.08984375
0 0.02421875 0.32109375 0.0484375 0.071484375
0 0.053125 0.2453125 0.101953125 0.062890625