0 0.068359375 0.105078125 0.05859375 0.057421875
0 0.12265625 0.0984375 0.079296875 0.055078125
0 0.135546875 0.176953125 0.0765625 0.053125
0 0.245703125 0.1578125 0.059375 0.07578125
0 0.19765625 0.125 0.046875 0.07734375
0 0.212890625 0.14296875 0.0515625 0.069140625
0 0.153125 0.13046875 0.055859375 0.06328125
0 0.082421875 0.146875 0.061328125 0.06484375
0 0.108984375 0.319921875 0.05859375 0.0671875
0 0.090625 0.376953125 0.066015625 0.054296875
0 0.026953125 0.876953125 0.05390625 0.06796875
0 0.7296875 0.83671875 0.048828125 0.07109375
0 0.70390625 0.888671875 0.0640625 0.0671875
0 0.486328125 0.769140625 0.06640625 0.066796875
0 0.69140625 0.66171875 0.05078125 0.068359375
0 0.655859375 0.887890625 0.06171875 0.071875
0 0.325390625 0.880859375 0.06328125 0.058203125
0 0.385546875 0.89453125 0.06875 0.046875
0 0.3734375 0.854296875 0.05546875 0.062890625
0 0.40546875 0.8625 0.0515625 0.0671875
0 0.478515625 0.836328125 0.037890625 0.078125
0 0.448046875 0.84609375 0.04765625 0.05703125
0 0.50078125 0.858203125 0.04296875 0.074609375
0 0.546875 0.851171875 0.05390625 0.073828125
0 0.575 0.866015625 0.046484375 0.066015625
0 0.60546875 0.883984375 0.057421875 0.083203125
0 0.562109375 0.894140625 0.049609375 0.058984375
0 0.47734375 0.9046875 0.05234375 0.073046875
0 0.51796875 0.897265625 0.042578125 0.075
0 0.989453125 0.11015625 0.02109375 0.046875
0 0.68515625 0.27421875 0.07421875 0.081640625
0 0.705078125 0.323046875 0.074609375 0.0796875