0 0.85703125 0.897265625 0.062890625 0.082421875
0 0.508984375 0.893359375 0.065625 0.04921875
0 0.4984375 0.85859375 0.06875 0.050390625
0 0.4609375 0.89140625 0.049609375 0.05703125
0 0.44375 0.85625 0.0703125 0.056640625
0 0.38046875 0.882421875 0.06328125 0.076953125
0 0.123828125 0.87890625 0.07578125 0.0265625
0 0.069140625 0.880078125 0.0375 0.02578125
0 0.071484375 0.803515625 0.0640625 0.091796875
0 0.0234375 0.709765625 0.046875 0.060546875
0 0.026171875 0.770703125 0.051953125 0.058984375
0 0.0109375 0.617578125 0.021875 0.05546875
0 0.0625 0.426953125 0.0953125 0.06796875
0 0.11015625 0.52109375 0.058984375 0.070703125
0 0.226171875 0.563671875 0.06015625 0.081640625
0 0.12890625 0.623828125 0.069140625 0.05234375
0 0.16796875 0.721484375 0.055078125 0.0703125
0 0.228515625 0.69296875 0.06640625 0.04765625
0 0.291796875 0.662890625 0.060546875 0.078125
0 0.326953125 0.62265625 0.057421875 0.06015625
0 0.40546875 0.6984375 0.04296875 0.070703125
0 0.519921875 0.710546875 0.063671875 0.055078125
0 0.583203125 0.4328125 0.047265625 0.073046875
0 0.553125 0.53984375 0.059765625 0.059375
0 0.8625 0.483203125 0.05 0.050390625
0 0.842578125 0.6171875 0.058203125 0.083984375
0 0.803515625 0.580078125 0.04609375 0.07734375
0 0.70078125 0.621484375 0.069140625 0.04765625
0 0.70625 0.568359375 0.071484375 0.050390625