0 0.81796875 0.866015625 0.078125 0.0734375
0 0.712890625 0.866015625 0.0828125 0.06796875
0 0.666015625 0.813671875 0.073828125 0.059375
0 0.64296875 0.872265625 0.055859375 0.08515625
0 0.5296875 0.75234375 0.112109375 0.06328125
0 0.658984375 0.73515625 0.07890625 0.069921875
0 0.72265625 0.7 0.079296875 0.07109375
0 0.747265625 0.6640625 0.065234375 0.067578125
0 0.82265625 0.665234375 0.069921875 0.0609375
0 0.803515625 0.69140625 0.071875 0.0625
0 0.783203125 0.725 0.0671875 0.0609375
0 0.8171875 0.76796875 0.0796875 0.053515625
0 0.784765625 0.79921875 0.07734375 0.0796875
0 0.951953125 0.701171875 0.064453125 0.07109375
0 0.91015625 0.734765625 0.0578125 0.07578125
0 0.953515625 0.7515625 0.074609375 0.05390625
0 0.88828125 0.817578125 0.058984375 0.079296875
0 0.939453125 0.828125 0.0859375 0.067578125
0 0.9484375 0.79140625 0.05078125 0.046875
0 0.97265625 0.862890625 0.0546875 0.071875
0 0.985546875 0.79921875 0.028515625 0.054296875
0 0.02734375 0.8765625 0.0546875 0.0609375
0 0.02109375 0.8296875 0.0421875 0.0515625
0 0.179296875 0.84375 0.085546875 0.078515625
0 0.3140625 0.841015625 0.079296875 0.060546875
0 0.12265625 0.642578125 0.066015625 0.07890625
0 0.333984375 0.5140625 0.0765625 0.057421875
0 0.11015625 0.438671875 0.0703125 0.06953125
0 0.104296875 0.201953125 0.08125 0.061328125
0 0.33984375 0.323828125 0.07265625 0.079296875
0 0.108203125 0.273828125 0.07734375 0.064453125
0 0.030078125 0.340234375 0.06015625 0.0578125
0 0.076171875 0.357421875 0.0625 0.0875
0 0.977734375 0.29609375 0.04453125 0.05
0 0.944140625 0.371484375 0.096484375 0.058984375