0 0.398046875 0.6140625 0.075 0.08125
0 0.315625 0.640625 0.06328125 0.084375
0 0.345703125 0.729296875 0.110546875 0.066796875
0 0.351953125 0.684375 0.059765625 0.06640625
0 0.397265625 0.7046875 0.054296875 0.057421875
0 0.44375 0.726171875 0.06171875 0.065234375
0 0.42421875 0.902734375 0.07578125 0.0625
0 0.9390625 0.42265625 0.07421875 0.1
0 0.88203125 0.403515625 0.057421875 0.08125
0 0.959765625 0.490625 0.05625 0.071484375
0 0.976171875 0.585546875 0.04765625 0.0671875
0 0.9765625 0.534765625 0.046484375 0.06171875
0 0.911328125 0.55546875 0.06015625 0.064453125
0 0.929296875 0.5671875 0.044921875 0.0609375
0 0.898046875 0.506640625 0.061328125 0.066796875
0 0.8453125 0.50390625 0.08515625 0.0546875
0 0.84609375 0.456640625 0.094921875 0.058984375
0 0.71328125 0.522265625 0.062890625 0.0671875
0 0.7796875 0.541015625 0.07109375 0.08671875
0 0.759765625 0.582421875 0.069140625 0.056640625
0 0.626953125 0.623046875 0.0765625 0.051171875
0 0.7109375 0.636328125 0.089453125 0.058203125
0 0.69296875 0.60703125 0.0703125 0.055859375
0 0.707421875 0.698046875 0.065234375 0.068359375
0 0.77421875 0.73984375 0.0953125 0.078125
0 0.761328125 0.633984375 0.073828125 0.051171875
0 0.849609375 0.617578125 0.066796875 0.059765625
0 0.866796875 0.64921875 0.045703125 0.046484375
0 0.837109375 0.686328125 0.0609375 0.0453125
0 0.773046875 0.691796875 0.08515625 0.054296875
0 0.89765625 0.750390625 0.071875 0.053125
0 0.898046875 0.799609375 0.075390625 0.04453125
0 0.853125 0.818359375 0.075 0.044921875
0 0.92421875 0.703515625 0.063671875 0.0796875
0 0.98515625 0.702734375 0.0296875 0.07890625
0 0.940625 0.623046875 0.068359375 0.062109375
0 0.767578125 0.8859375 0.0609375 0.062109375
0 0.80625 0.849609375 0.04296875 0.05078125
0 0.774609375 0.8359375 0.044140625 0.062109375
0 0.17890625 0.88515625 0.057421875 0.05859375
0 0.1203125 0.84765625 0.043359375 0.06171875