0 0.019140625 0.103125 0.03828125 0.0546875
0 0.045703125 0.12734375 0.075 0.064453125
0 0.173828125 0.2265625 0.071484375 0.071484375
0 0.281640625 0.256640625 0.075 0.060546875
0 0.1765625 0.137109375 0.059375 0.072265625
0 0.054296875 0.40859375 0.066796875 0.0515625
0 0.04765625 0.448828125 0.087890625 0.04921875
0 0.4828125 0.3875 0.048828125 0.08671875
0 0.53359375 0.51640625 0.068359375 0.046484375
0 0.5640625 0.44921875 0.053125 0.07421875
0 0.44296875 0.1375 0.053125 0.0796875
0 0.56875 0.1234375 0.065625 0.053125
0 0.65390625 0.11875 0.044140625 0.06796875
0 0.741015625 0.157421875 0.047265625 0.076171875
0 0.6984375 0.138671875 0.04609375 0.058203125
0 0.712109375 0.109765625 0.066015625 0.05234375
0 0.05234375 0.555078125 0.06328125 0.075390625
0 0.028125 0.7421875 0.05625 0.0796875
0 0.0625 0.8828125 0.08359375 0.060546875
0 0.27578125 0.8125 0.0734375 0.05546875
0 0.244140625 0.575 0.062890625 0.063671875
0 0.362890625 0.724609375 0.0578125 0.049609375
0 0.374609375 0.866015625 0.053125 0.063671875
0 0.41796875 0.873046875 0.053515625 0.0875
0 0.5140625 0.809765625 0.080078125 0.05390625
0 0.579296875 0.844921875 0.067578125 0.066796875
0 0.5375 0.661328125 0.07265625 0.048046875
0 0.6765625 0.85078125 0.05 0.083984375
0 0.70234375 0.803515625 0.073046875 0.046484375
0 0.73203125 0.851953125 0.07578125 0.059375
0 0.796484375 0.86640625 0.060546875 0.06171875
0 0.8453125 0.8875 0.058984375 0.070703125
0 0.93125 0.844140625 0.08515625 0.071875
0 0.8546875 0.69765625 0.0546875 0.08203125