0 0.04921875 0.07734375 0.0984375 0.075
0 0.2 0.062109375 0.094921875 0.056640625
0 0.195703125 0.1078125 0.06875 0.071875
0 0.254296875 0.1109375 0.066796875 0.08828125
0 0.29140625 0.090234375 0.0640625 0.09375
0 0.305078125 0.196875 0.064453125 0.08203125
0 0.011328125 0.358984375 0.02265625 0.06484375
0 0.0734375 0.373828125 0.080859375 0.067578125
0 0.438671875 0.24140625 0.08984375 0.066796875
0 0.469921875 0.196875 0.08671875 0.0546875
0 0.466796875 0.151171875 0.07890625 0.071875
0 0.634765625 0.090234375 0.0609375 0.091015625
0 0.672265625 0.119140625 0.08359375 0.06640625
0 0.707421875 0.075390625 0.06875 0.086328125
0 0.766015625 0.095703125 0.059765625 0.085546875
0 0.823828125 0.090234375 0.0640625 0.0921875
0 0.87265625 0.09296875 0.072265625 0.074609375
0 0.98046875 0.202734375 0.0390625 0.05546875
0 0.77578125 0.442578125 0.0859375 0.06640625
0 0.59765625 0.58203125 0.060546875 0.0890625
0 0.280078125 0.557421875 0.080859375 0.0640625
0 0.465234375 0.54609375 0.07890625 0.067578125
0 0.911328125 0.63359375 0.07421875 0.078125
0 0.9703125 0.644140625 0.059375 0.08515625
0 0.9578125 0.7390625 0.065234375 0.0921875
0 0.583203125 0.709765625 0.0671875 0.074609375
0 0.87265625 0.7328125 0.08984375 0.0640625
0 0.904296875 0.782421875 0.075 0.0703125
0 0.99140625 0.8734375 0.0171875 0.075
0 0.908984375 0.875390625 0.0640625 0.08203125
0 0.916796875 0.826953125 0.06171875 0.063671875
0 0.952734375 0.844921875 0.05234375 0.07578125
0 0.956640625 0.892578125 0.07421875 0.05859375
0 0.88046875 0.8859375 0.055078125 0.073828125
0 0.832421875 0.87734375 0.0578125 0.075390625
0 0.81328125 0.786328125 0.06875 0.0890625
0 0.7546875 0.8046875 0.053515625 0.0984375
0 0.780078125 0.82890625 0.05234375 0.068359375
0 0.790234375 0.882421875 0.0609375 0.075390625
0 0.819921875 0.848828125 0.048046875 0.079296875
0 0.707421875 0.80390625 0.071484375 0.07109375
0 0.7328125 0.84921875 0.048046875 0.069140625
0 0.744921875 0.88828125 0.059765625 0.069140625
0 0.690625 0.8453125 0.0609375 0.065625
0 0.65078125 0.876171875 0.05546875 0.068359375
0 0.64296875 0.8109375 0.0609375 0.07109375
0 0.61015625 0.843359375 0.0734375 0.0703125
0 0.611328125 0.887109375 0.07421875 0.062109375
0 0.56640625 0.8859375 0.05078125 0.059375
0 0.545703125 0.84140625 0.058203125 0.063671875
0 0.523828125 0.892578125 0.070703125 0.05234375
0 0.459765625 0.894921875 0.059765625 0.045703125
0 0.489453125 0.86953125 0.058203125 0.06640625
0 0.509765625 0.840234375 0.048828125 0.067578125
0 0.493359375 0.761328125 0.066796875 0.065625
0 0.43046875 0.767578125 0.064453125 0.075390625
0 0.479296875 0.80078125 0.08359375 0.0609375
0 0.41484375 0.8140625 0.064453125 0.0375
0 0.372265625 0.851953125 0.058984375 0.06015625
0 0.366015625 0.8953125 0.07265625 0.04921875
0 0.41875 0.888671875 0.048828125 0.059375
0 0.421875 0.85078125 0.058203125 0.04375
0 0.45703125 0.853125 0.048828125 0.05234375