0 0.944140625 0.899609375 0.06015625 0.06484375
0 0.696484375 0.766796875 0.05234375 0.07265625
0 0.471484375 0.779296875 0.04453125 0.06328125
0 0.83984375 0.759375 0.0671875 0.046875
0 0.846484375 0.809375 0.05703125 0.0640625
0 0.034375 0.9015625 0.0671875 0.0484375
0 0.148046875 0.89765625 0.06640625 0.0453125
0 0.100390625 0.880859375 0.06796875 0.05546875
0 0.55546875 0.058984375 0.06875 0.05078125
0 0.66875 0.059765625 0.0640625 0.05703125
0 0.6296875 0.89296875 0.0640625 0.046875
0 0.590625 0.8828125 0.040625 0.0703125
0 0.561328125 0.89140625 0.04921875 0.05625
0 0.523046875 0.89140625 0.05078125 0.05625
0 0.504296875 0.86015625 0.05859375 0.0640625
0 0.405078125 0.829296875 0.05234375 0.07265625
0 0.366015625 0.8359375 0.04921875 0.0734375
0 0.214453125 0.862890625 0.04296875 0.05859375
0 0.24609375 0.880078125 0.04375 0.07265625
0 0.267578125 0.887890625 0.03828125 0.06796875
0 0.29453125 0.900390625 0.0390625 0.06328125
0 0.320703125 0.862109375 0.05078125 0.06484375
0 0.333203125 0.900390625 0.05234375 0.04609375
0 0.004296875 0.0890625 0.00703125 0.0484375
0 0.1453125 0.06171875 0.06875 0.05625
0 0.1640625 0.076171875 0.0421875 0.07421875
0 0.205859375 0.07734375 0.05703125 0.06875
0 0.2328125 0.076171875 0.078125 0.08671875
0 0.27734375 0.071484375 0.0734375 0.08046875
0 0.3234375 0.059765625 0.053125 0.05703125
0 0.362890625 0.088671875 0.05078125 0.06484375
0 0.783203125 0.091796875 0.04765625 0.05546875
0 0.751953125 0.046484375 0.06328125 0.03515625
0 0.73046875 0.0703125 0.0625 0.078125