0 0.987109375 0.879296875 0.025390625 0.057421875
0 0.984375 0.787109375 0.03125 0.06015625
0 0.96640625 0.83359375 0.063671875 0.055078125
0 0.9390625 0.799609375 0.080078125 0.058203125
0 0.863671875 0.7515625 0.071875 0.05390625
0 0.815234375 0.523046875 0.068359375 0.05078125
0 0.635546875 0.777734375 0.05625 0.06640625
0 0.1640625 0.83359375 0.059375 0.085546875
0 0.168359375 0.7296875 0.066796875 0.06953125
0 0.219921875 0.6984375 0.054296875 0.06484375
0 0.28359375 0.74609375 0.069140625 0.05234375
0 0.451953125 0.86796875 0.067578125 0.058203125
0 0.510546875 0.843359375 0.06015625 0.05078125