0 0.20859375 0.26640625 0.087109375 0.0703125
0 0.14609375 0.30390625 0.05703125 0.09296875
0 0.021875 0.288671875 0.04375 0.087109375
0 0.0328125 0.35859375 0.047265625 0.072265625
0 0.071875 0.3421875 0.009375 0.001953125
0 0.062109375 0.792578125 0.051171875 0.07890625
0 0.023828125 0.8703125 0.047265625 0.032421875
0 0.08515625 0.84375 0.0671875 0.08828125
0 0.1578125 0.767578125 0.067578125 0.077734375
0 0.240234375 0.7640625 0.070703125 0.080078125
0 0.23125 0.826953125 0.063671875 0.071875
0 0.318359375 0.846875 0.06796875 0.072265625
0 0.268359375 0.858984375 0.062890625 0.059375
0 0.496875 0.8125 0.054296875 0.07421875
0 0.541796875 0.678515625 0.075 0.072265625