0 0.015234375 0.103515625 0.03046875 0.05859375
0 0.119140625 0.137109375 0.071484375 0.090234375
0 0.026171875 0.533203125 0.05234375 0.051171875
0 0.145703125 0.519921875 0.092578125 0.07734375
0 0.3125 0.6109375 0.06328125 0.06953125
0 0.380859375 0.589453125 0.055078125 0.09140625
0 0.550390625 0.58359375 0.059765625 0.086328125
0 0.7 0.6140625 0.08984375 0.05234375
0 0.854296875 0.49296875 0.05546875 0.098828125
0 0.2 0.347265625 0.10390625 0.055859375
0 0.869140625 0.217578125 0.08671875 0.07265625
0 0.711328125 0.201171875 0.068359375 0.06953125
0 0.64921875 0.2109375 0.062890625 0.08125
0 0.478515625 0.125 0.08671875 0.072265625
0 0.278125 0.2203125 0.064453125 0.080859375
0 0.36953125 0.36171875 0.069140625 0.06484375
0 0.412890625 0.497265625 0.0859375 0.06171875
0 0.620703125 0.547265625 0.05390625 0.094921875
0 0.68125 0.5359375 0.0546875 0.091015625
0 0.605859375 0.45703125 0.065625 0.08125
0 0.1625 0.637890625 0.09609375 0.06484375
0 0.129296875 0.813671875 0.066015625 0.084765625
0 0.05234375 0.766015625 0.076171875 0.066796875
0 0.384765625 0.69609375 0.05546875 0.071484375
0 0.349609375 0.833984375 0.076171875 0.055859375
0 0.350390625 0.88515625 0.06328125 0.065625
0 0.437890625 0.86875 0.05390625 0.06875
0 0.4609375 0.83984375 0.072265625 0.075390625
0 0.446875 0.77265625 0.07265625 0.058203125
0 0.573828125 0.7640625 0.049609375 0.0921875
0 0.67421875 0.7859375 0.073828125 0.06171875
0 0.9828125 0.871875 0.034375 0.080859375
0 0.91640625 0.87890625 0.077734375 0.056640625
0 0.889453125 0.8203125 0.065625 0.078125
0 0.640234375 0.88984375 0.0859375 0.067578125
0 0.584765625 0.841796875 0.078125 0.063671875
0 0.51640625 0.8984375 0.060546875 0.075390625
0 0.59921875 0.878125 0.064453125 0.04140625
0 0.571484375 0.893359375 0.075390625 0.046875
0 0.815625 0.669921875 0.0875 0.06171875