0 0.325 0.869921875 0.080859375 0.07734375
0 0.964453125 0.084375 0.069140625 0.05859375
0 0.933984375 0.190625 0.071484375 0.083203125
0 0.95625 0.289453125 0.069921875 0.05859375
0 0.450390625 0.232421875 0.101953125 0.065234375
0 0.379296875 0.2640625 0.069921875 0.073828125
0 0.92265625 0.105078125 0.053125 0.090234375
0 0.882421875 0.102734375 0.0578125 0.085546875
0 0.772265625 0.07265625 0.073046875 0.052734375
0 0.716015625 0.08203125 0.07109375 0.054296875
0 0.667578125 0.08671875 0.048828125 0.069140625
0 0.634765625 0.0734375 0.059765625 0.0484375
0 0.588671875 0.08125 0.059375 0.064453125
0 0.531640625 0.071484375 0.071875 0.053515625
0 0.502734375 0.116796875 0.05 0.089453125
0 0.54609375 0.125390625 0.0546875 0.072265625
0 0.60390625 0.114453125 0.08046875 0.0546875
0 0.61171875 0.16015625 0.091015625 0.062109375
0 0.6515625 0.13359375 0.0625 0.075
0 0.70703125 0.136328125 0.067578125 0.07734375
0 0.7515625 0.124609375 0.071484375 0.06640625
0 0.792578125 0.10390625 0.048828125 0.0828125
0 0.0265625 0.068359375 0.052734375 0.06171875
0 0.037109375 0.1078125 0.06015625 0.074609375
0 0.017578125 0.126953125 0.03515625 0.07421875
0 0.0578125 0.16484375 0.078515625 0.0625
0 0.069921875 0.0890625 0.066015625 0.09375
0 0.112890625 0.083203125 0.0609375 0.083984375
0 0.15078125 0.08203125 0.0875 0.071484375
0 0.20859375 0.082421875 0.0625 0.067578125
0 0.260546875 0.0859375 0.0546875 0.087890625
0 0.27578125 0.108984375 0.056640625 0.073828125
0 0.351171875 0.108984375 0.086328125 0.05703125
0 0.311328125 0.07734375 0.060546875 0.06640625
0 0.31171875 0.143359375 0.083203125 0.05703125
0 0.172265625 0.159765625 0.080859375 0.091015625