0 0.944921875 0.96484375 0.03046875 0.05625
0 0.9 0.9625 0.0484375 0.075
0 0.86484375 0.9671875 0.0578125 0.065625
0 0.7640625 0.964453125 0.06875 0.06953125
0 0.988671875 0.876953125 0.02265625 0.03046875
0 0.96796875 0.8171875 0.059375 0.06875
0 0.911328125 0.617578125 0.05390625 0.07265625
0 0.79140625 0.512890625 0.0515625 0.05546875
0 0.6 0.719140625 0.040625 0.06953125
0 0.6421875 0.72109375 0.034375 0.0546875
0 0.679296875 0.884765625 0.06328125 0.03828125
0 0.646875 0.8109375 0.0484375 0.046875
0 0.556640625 0.866796875 0.04140625 0.06640625
0 0.5921875 0.86484375 0.040625 0.0625
0 0.6203125 0.846484375 0.046875 0.05703125
0 0.625 0.8875 0.05625 0.0375
0 0.332421875 0.87578125 0.04765625 0.0734375
0 0.319921875 0.9328125 0.03046875 0.0609375
0 0.10390625 0.86796875 0.0859375 0.053125
0 0.082421875 0.78125 0.04453125 0.0671875
0 0.16171875 0.637109375 0.0359375 0.08984375
0 0.294140625 0.584765625 0.04609375 0.06640625
0 0.23046875 0.536328125 0.046875 0.08203125
0 0.2734375 0.526171875 0.0421875 0.04453125
0 0.36484375 0.482421875 0.05625 0.06796875
0 0.56171875 0.489453125 0.071875 0.04609375
0 0.3203125 0.436328125 0.0421875 0.06171875
0 0.262109375 0.35546875 0.05859375 0.05
0 0.126953125 0.4203125 0.06796875 0.059375
0 0.06640625 0.469140625 0.0625 0.05234375
0 0.029296875 0.44140625 0.05234375 0.0453125
0 0.891796875 0.33828125 0.06484375 0.046875
0 0.973046875 0.2765625 0.04921875 0.0671875
0 0.908203125 0.256640625 0.06953125 0.05859375
0 0.862109375 0.240234375 0.03359375 0.06171875
0 0.96875 0.146484375 0.05 0.05703125
0 0.6921875 0.258203125 0.059375 0.05546875
0 0.7453125 0.2625 0.0375 0.0640625
0 0.79375 0.261328125 0.0515625 0.04140625
0 0.8265625 0.228515625 0.03125 0.06796875
0 0.715625 0.225390625 0.0484375 0.03984375
0 0.77890625 0.22890625 0.0515625 0.0453125
0 0.79140625 0.192578125 0.0453125 0.04296875
0 0.75546875 0.195703125 0.0421875 0.05546875
0 0.72421875 0.1671875 0.0375 0.075
0 0.676953125 0.19609375 0.06171875 0.0546875
0 0.876171875 0.180859375 0.04140625 0.04453125
0 0.87890625 0.212890625 0.0546875 0.04921875
0 0.92890625 0.18984375 0.0421875 0.0625
0 0.911328125 0.149609375 0.05078125 0.04765625
0 0.898828125 0.116796875 0.05546875 0.04921875
0 0.89140625 0.076953125 0.0375 0.03828125
0 0.929296875 0.08203125 0.03515625 0.04375
0 0.941015625 0.11640625 0.03984375 0.0390625
0 0.96953125 0.09765625 0.0421875 0.0546875
0 0.507421875 0.22890625 0.05703125 0.05625
0 0.472265625 0.205078125 0.06171875 0.05390625
0 0.450390625 0.176953125 0.03671875 0.04296875
0 0.54296875 0.196875 0.0546875 0.040625
0 0.587890625 0.1921875 0.04609375 0.046875
0 0.601171875 0.141796875 0.04140625 0.06171875
0 0.559375 0.150390625 0.0484375 0.05390625
0 0.55078125 0.112890625 0.028125 0.04453125
0 0.576171875 0.09296875 0.05390625 0.0375
0 0.61640625 0.108203125 0.04375 0.04140625
0 0.65234375 0.08984375 0.0453125 0.040625
0 0.67421875 0.108984375 0.0421875 0.05390625
0 0.640625 0.152734375 0.0375 0.05546875
0 0.671875 0.16171875 0.046875 0.05625
0 0.734375 0.087890625 0.04375 0.03984375
0 0.768359375 0.0859375 0.04609375 0.040625
0 0.69140625 0.090234375 0.040625 0.05390625
0 0.729296875 0.121484375 0.04765625 0.04765625
0 0.773828125 0.126171875 0.03515625 0.05078125
0 0.83828125 0.096484375 0.040625 0.05546875
0 0.79921875 0.084765625 0.0546875 0.04609375
0 0.79765625 0.12109375 0.05625 0.0359375
0 0.794921875 0.155859375 0.04609375 0.04609375
0 0.831640625 0.165625 0.03203125 0.053125
0 0.855859375 0.134765625 0.05390625 0.05078125
0 0.50078125 0.13125 0.04375 0.05
0 0.508203125 0.096484375 0.04765625 0.04453125
0 0.46796875 0.09375 0.046875 0.0453125
0 0.459375 0.1359375 0.0515625 0.0375
0 0.42421875 0.15 0.04375 0.0484375
0 0.420703125 0.097265625 0.04921875 0.05234375
0 0.3828125 0.0984375 0.05 0.0375
0 0.391796875 0.1390625 0.03671875 0.0484375
0 0.38046875 0.187890625 0.040625 0.07109375
0 0.3453125 0.1921875 0.0296875 0.06875
0 0.35078125 0.140234375 0.0515625 0.03984375
0 0.34453125 0.101171875 0.05625 0.04921875
0 0.29921875 0.098046875 0.0453125 0.03828125
0 0.300390625 0.14296875 0.04921875 0.0546875
0 0.28828125 0.1671875 0.0625 0.0515625
0 0.303125 0.209375 0.053125 0.0609375
0 0.316015625 0.268359375 0.07265625 0.04609375
0 0.215234375 0.253515625 0.06015625 0.04296875
0 0.23671875 0.091796875 0.04375 0.03203125
0 0.19296875 0.0953125 0.034375 0.0328125
0 0.226953125 0.1984375 0.04140625 0.0359375
0 0.262109375 0.219921875 0.04921875 0.04765625
0 0.215625 0.16328125 0.0625 0.0296875
0 0.225 0.134375 0.04375 0.034375
0 0.184375 0.128515625 0.040625 0.03828125
0 0.17421875 0.174609375 0.065625 0.04296875
0 0.155078125 0.20234375 0.06796875 0.0359375
0 0.154296875 0.23671875 0.05234375 0.025
0 0.142578125 0.2828125 0.04765625 0.05
0 0.087890625 0.31640625 0.06328125 0.0484375
0 0.0234375 0.373828125 0.0421875 0.04453125
0 0.009765625 0.3203125 0.01640625 0.05625
0 0.0328125 0.271484375 0.0390625 0.04140625
0 0.016015625 0.28671875 0.03046875 0.0421875
0 0.08203125 0.266015625 0.0625 0.04140625
0 0.112109375 0.251953125 0.04765625 0.06328125
0 0.0578125 0.215625 0.034375 0.0484375
0 0.01796875 0.209765625 0.0265625 0.04140625
0 0.0140625 0.221484375 0.0265625 0.03984375
0 0.0328125 0.15703125 0.05625 0.0453125
0 0.03046875 0.1203125 0.053125 0.03125
0 0.025390625 0.091015625 0.04921875 0.03359375
0 0.079296875 0.10703125 0.04765625 0.0546875
0 0.101953125 0.1734375 0.03203125 0.0625
0 0.11328125 0.135546875 0.0375 0.04609375
0 0.137890625 0.092578125 0.055859375 0.04140625