0 0.903125 0.1234375 0.055859375 0.083203125
0 0.84765625 0.13515625 0.07734375 0.066015625
0 0.976953125 0.69140625 0.04609375 0.075
0 0.966015625 0.775 0.061328125 0.081640625
0 0.923828125 0.828515625 0.089453125 0.06015625
0 0.89453125 0.859765625 0.066796875 0.066796875
0 0.578125 0.794140625 0.058203125 0.075390625
0 0.63125 0.814453125 0.073046875 0.060546875
0 0.63984375 0.86640625 0.07734375 0.055859375
0 0.5390625 0.513671875 0.055078125 0.091796875
0 0.587890625 0.572265625 0.06328125 0.07421875
0 0.501171875 0.67109375 0.079296875 0.0609375
0 0.06015625 0.39765625 0.066015625 0.075
0 0.151171875 0.678515625 0.069140625 0.076953125
0 0.266015625 0.754296875 0.059765625 0.084765625
0 0.109375 0.7875 0.0875 0.06171875
0 0.09296875 0.843359375 0.073828125 0.08359375
0 0.18203125 0.8390625 0.055078125 0.0765625
0 0.238671875 0.843359375 0.0609375 0.078515625