0 0.57734375 0.8234375 0.068359375 0.066015625
0 0.68515625 0.8953125 0.059375 0.0859375
0 0.75234375 0.882421875 0.084375 0.06640625
0 0.756640625 0.780078125 0.05859375 0.0859375
0 0.816796875 0.71328125 0.07890625 0.05625
0 0.835546875 0.658203125 0.0734375 0.053515625
0 0.8765625 0.7578125 0.065234375 0.055078125
0 0.9359375 0.841796875 0.089453125 0.064453125
0 0.98125 0.783203125 0.0375 0.05390625
0 0.9546875 0.8 0.055859375 0.065234375
0 0.93203125 0.577734375 0.066015625 0.065234375
0 0.867578125 0.546875 0.0671875 0.046875
0 0.762890625 0.50859375 0.060546875 0.06953125
0 0.850390625 0.46484375 0.084375 0.04765625
0 0.809375 0.382421875 0.08125 0.04609375
0 0.286328125 0.362890625 0.0609375 0.046875
0 0.508203125 0.11328125 0.08046875 0.05625
0 0.38984375 0.121875 0.080078125 0.058984375
0 0.25625 0.139453125 0.086328125 0.055859375
0 0.204296875 0.256640625 0.06484375 0.05234375
0 0.058984375 0.309375 0.07734375 0.0625
0 0.03515625 0.51640625 0.0703125 0.05078125
0 0.2109375 0.613671875 0.059375 0.066796875
0 0.05390625 0.767578125 0.094921875 0.069921875
0 0.02109375 0.826953125 0.0421875 0.0625
0 0.070703125 0.88828125 0.07265625 0.058984375
0 0.143359375 0.873828125 0.059765625 0.0546875
0 0.1921875 0.866796875 0.0546875 0.07109375