0 0.778515625 0.071875 0.083984375 0.064453125
0 0.776953125 0.121484375 0.087890625 0.073046875
0 0.84375 0.21953125 0.084375 0.054296875
0 0.59375 0.098828125 0.0546875 0.083203125
0 0.416015625 0.111328125 0.059765625 0.083984375
0 0.469140625 0.258984375 0.070703125 0.071875
0 0.714453125 0.296875 0.059765625 0.068359375
0 0.91953125 0.43203125 0.060546875 0.076171875
0 0.79765625 0.416015625 0.080859375 0.058203125
0 0.2953125 0.2078125 0.059375 0.0875
0 0.226171875 0.195703125 0.065625 0.083984375
0 0.202734375 0.225390625 0.058984375 0.069140625
0 0.0453125 0.249609375 0.066796875 0.06171875
0 0.010546875 0.287109375 0.020703125 0.0765625
0 0.0234375 0.352734375 0.046875 0.060546875
0 0.01875 0.407421875 0.0375 0.04921875
0 0.03828125 0.480859375 0.076171875 0.047265625
0 0.069140625 0.5421875 0.0796875 0.062890625
0 0.069921875 0.325 0.07265625 0.053125
0 0.14296875 0.322265625 0.075 0.051171875
0 0.141015625 0.363671875 0.07734375 0.05546875
0 0.2390625 0.422265625 0.075 0.049609375
0 0.23671875 0.5078125 0.05703125 0.091015625
0 0.50625 0.430078125 0.073828125 0.046484375
0 0.39296875 0.450390625 0.062109375 0.0578125
0 0.47734375 0.512109375 0.0453125 0.0734375
0 0.353125 0.5390625 0.062109375 0.04765625
0 0.555078125 0.5640625 0.07265625 0.059375
0 0.593359375 0.541796875 0.05546875 0.066796875
0 0.64765625 0.569921875 0.046484375 0.078515625
0 0.766796875 0.555859375 0.073046875 0.0515625
0 0.910546875 0.549609375 0.06640625 0.0671875
0 0.963671875 0.609375 0.07265625 0.038671875
0 0.932421875 0.662109375 0.065625 0.051953125
0 0.894140625 0.6828125 0.068359375 0.060546875
0 0.82578125 0.675 0.0625 0.07265625
0 0.76953125 0.628125 0.073046875 0.058984375
0 0.707421875 0.646875 0.06015625 0.051171875
0 0.776171875 0.672265625 0.039453125 0.0609375
0 0.703125 0.691015625 0.0578125 0.0390625
0 0.738671875 0.696484375 0.048046875 0.06484375
0 0.801953125 0.737109375 0.0734375 0.079296875
0 0.9609375 0.798046875 0.077734375 0.051953125
0 0.94296875 0.852734375 0.088671875 0.07265625
0 0.856640625 0.85859375 0.063671875 0.048046875
0 0.826953125 0.83671875 0.097265625 0.05078125
0 0.8234375 0.798046875 0.0765625 0.065625
0 0.742578125 0.76796875 0.066015625 0.0625
0 0.698046875 0.7828125 0.0828125 0.04921875
0 0.74609375 0.86640625 0.077734375 0.0546875
0 0.698828125 0.902734375 0.042578125 0.061328125
0 0.66640625 0.82109375 0.0796875 0.059765625
0 0.573828125 0.641015625 0.073828125 0.06796875
0 0.55390625 0.697265625 0.0734375 0.05546875
0 0.590625 0.788671875 0.07265625 0.055859375
0 0.575 0.8484375 0.07578125 0.060546875
0 0.49921875 0.87109375 0.082421875 0.05390625
0 0.525390625 0.9046875 0.094140625 0.05703125
0 0.405859375 0.622265625 0.048828125 0.06640625
0 0.339453125 0.650390625 0.078515625 0.0640625
0 0.389453125 0.686328125 0.06796875 0.057421875
0 0.276953125 0.736328125 0.065234375 0.07578125
0 0.203125 0.680078125 0.06796875 0.05859375
0 0.3859375 0.7390625 0.05546875 0.07265625
0 0.38828125 0.81953125 0.06171875 0.077734375
0 0.353125 0.89765625 0.067578125 0.07734375
0 0.202734375 0.84609375 0.05390625 0.0875
0 0.101953125 0.82421875 0.06328125 0.0609375
0 0.062109375 0.869921875 0.06484375 0.03984375
0 0.034765625 0.828125 0.060546875 0.09140625
0 0.011328125 0.695703125 0.02265625 0.053515625
0 0.020703125 0.783203125 0.04140625 0.07421875
0 0.080078125 0.76484375 0.06953125 0.065234375