0 0.0125 0.066796875 0.025 0.07578125
0 0.0125 0.135546875 0.025 0.08359375
0 0.013671875 0.096875 0.02734375 0.05703125
0 0.009375 0.203125 0.018359375 0.051171875
0 0.016015625 0.262890625 0.03203125 0.055078125
0 0.044921875 0.144140625 0.05859375 0.093359375
0 0.042578125 0.05390625 0.061328125 0.078515625
0 0.0703125 0.116015625 0.064453125 0.077734375
0 0.113671875 0.069140625 0.07109375 0.05625
0 0.25078125 0.07109375 0.05078125 0.09140625
0 0.190234375 0.083203125 0.056640625 0.078515625
0 0.1484375 0.08984375 0.04296875 0.066796875
0 0.1140625 0.1265625 0.0546875 0.05234375
0 0.12109375 0.170703125 0.068359375 0.06015625
0 0.166015625 0.188671875 0.08203125 0.05703125
0 0.086328125 0.20703125 0.0828125 0.06484375
0 0.142578125 0.25390625 0.0625 0.094140625
0 0.3546875 0.10625 0.065234375 0.0953125
0 0.28515625 0.140234375 0.0625 0.06015625
0 0.237109375 0.173046875 0.08203125 0.0609375
0 0.3078125 0.20703125 0.088671875 0.070703125
0 0.223046875 0.24375 0.061328125 0.066015625
0 0.194140625 0.3078125 0.07421875 0.074609375
0 0.0125 0.4078125 0.025 0.0515625
0 0.02421875 0.45546875 0.0484375 0.05625
0 0.105859375 0.443359375 0.065234375 0.053125
0 0.05703125 0.453125 0.07890625 0.0609375
0 0.074609375 0.490234375 0.0984375 0.051171875
0 0.0515625 0.72734375 0.078125 0.062890625
0 0.21875 0.491015625 0.064453125 0.084375
0 0.336328125 0.6921875 0.053515625 0.098046875
0 0.45 0.673828125 0.052734375 0.086328125
0 0.485546875 0.786328125 0.059375 0.08359375
0 0.97109375 0.66640625 0.0578125 0.0671875
0 0.975 0.5015625 0.05 0.0859375
0 0.79921875 0.444921875 0.056640625 0.085546875
0 0.8015625 0.194921875 0.069140625 0.093359375
0 0.902734375 0.284375 0.0859375 0.084375
0 0.9609375 0.213671875 0.077734375 0.05234375
0 0.977734375 0.07734375 0.04453125 0.082421875
0 0.923046875 0.062890625 0.0703125 0.053125
0 0.927734375 0.114453125 0.090625 0.066796875
0 0.86328125 0.07734375 0.096484375 0.078515625
0 0.57109375 0.063671875 0.0625 0.086328125
0 0.565234375 0.130859375 0.0703125 0.0765625
0 0.603125 0.091796875 0.056640625 0.094140625
0 0.64453125 0.09140625 0.049609375 0.101171875
0 0.68984375 0.085546875 0.064453125 0.097265625