0 0.621484375 0.5453125 0.059765625 0.06953125
0 0.32421875 0.56171875 0.083984375 0.050390625
0 0.600390625 0.391015625 0.074609375 0.062109375
0 0.215234375 0.3328125 0.060546875 0.08203125
0 0.24765625 0.4546875 0.0765625 0.07890625
0 0.14453125 0.424609375 0.0671875 0.06953125
0 0.51328125 0.575390625 0.0765625 0.059765625
0 0.26875 0.7640625 0.08515625 0.058203125
0 0.5171875 0.619921875 0.080078125 0.050390625
0 0.652734375 0.76640625 0.0671875 0.069921875
0 0.70234375 0.776171875 0.076171875 0.060546875
0 0.466015625 0.86640625 0.08515625 0.06796875
0 0.478125 0.903515625 0.073828125 0.04453125
0 0.915234375 0.63125 0.07265625 0.0578125
0 0.85234375 0.60625 0.072265625 0.055078125
0 0.186328125 0.11015625 0.05625 0.080859375
0 0.088671875 0.163671875 0.074609375 0.08125