0 0.0375 0.06796875 0.073828125 0.046875
0 0.094921875 0.083984375 0.077734375 0.062109375
0 0.103125 0.161328125 0.06484375 0.08125
0 0.02265625 0.121484375 0.0453125 0.08359375
0 0.06328125 0.1546875 0.064453125 0.065625
0 0.05390625 0.098828125 0.086328125 0.049609375
0 0.416796875 0.304296875 0.067578125 0.08984375
0 0.54765625 0.096484375 0.055078125 0.091796875
0 0.736328125 0.1765625 0.0671875 0.094921875
0 0.623828125 0.16328125 0.061328125 0.091796875
0 0.559765625 0.2203125 0.069921875 0.0875
0 0.615625 0.273046875 0.06484375 0.09921875
0 0.6953125 0.26171875 0.092578125 0.06875
0 0.64453125 0.4203125 0.094921875 0.0671875
0 0.81484375 0.4703125 0.087109375 0.06171875
0 0.871484375 0.508203125 0.058203125 0.090234375
0 0.799609375 0.5171875 0.08671875 0.064453125
0 0.837109375 0.784765625 0.08515625 0.064453125
0 0.982421875 0.83671875 0.03515625 0.06875
0 0.869140625 0.88515625 0.1 0.073828125
0 0.78046875 0.825390625 0.065625 0.06875
0 0.684375 0.83828125 0.05703125 0.09296875
0 0.551171875 0.80625 0.076171875 0.06328125
0 0.615234375 0.80703125 0.07421875 0.054296875
0 0.644921875 0.844140625 0.059765625 0.084765625
0 0.643359375 0.892578125 0.06015625 0.062890625
0 0.51640625 0.883203125 0.055859375 0.075
0 0.562890625 0.8921875 0.052734375 0.06875
0 0.601171875 0.88828125 0.044921875 0.071484375
0 0.25546875 0.7484375 0.079296875 0.090625