0 0.964453125 0.874609375 0.0625 0.068359375
0 0.9171875 0.89375 0.07265625 0.04921875
0 0.905078125 0.855078125 0.06875 0.075390625
0 0.853125 0.893359375 0.0671875 0.0515625
0 0.523828125 0.825390625 0.07890625 0.054296875
0 0.547265625 0.866015625 0.0515625 0.077734375
0 0.506640625 0.875 0.07421875 0.070703125
0 0.4546875 0.88203125 0.0609375 0.064453125
0 0.41953125 0.7453125 0.051171875 0.070703125
0 0.575390625 0.69453125 0.06796875 0.055859375
0 0.691015625 0.46328125 0.06875 0.061328125
0 0.769140625 0.465234375 0.08125 0.05
0 0.1109375 0.56484375 0.0640625 0.054296875
0 0.280859375 0.4828125 0.0734375 0.067578125
0 0.235546875 0.435546875 0.06484375 0.070703125
0 0.05234375 0.20390625 0.07734375 0.053515625
0 0.2921875 0.353125 0.06953125 0.062109375