0 0.740625 0.67890625 0.065234375 0.07578125
0 0.796875 0.687890625 0.05703125 0.096875
0 0.629296875 0.677734375 0.080078125 0.063671875
0 0.5734375 0.734765625 0.052734375 0.0765625
0 0.700390625 0.7171875 0.060546875 0.076953125
0 0.728125 0.5328125 0.055078125 0.084375
0 0.9703125 0.40625 0.059375 0.075
0 0.955078125 0.15625 0.083203125 0.078125
0 0.70859375 0.20390625 0.0765625 0.060546875
0 0.67109375 0.251953125 0.058203125 0.0796875
0 0.593359375 0.18828125 0.06171875 0.10234375
0 0.715234375 0.0625 0.08203125 0.06953125
0 0.7828125 0.06796875 0.073828125 0.072265625
0 0.79921875 0.099609375 0.08359375 0.070703125
0 0.6 0.104296875 0.075 0.060546875
0 0.605859375 0.055859375 0.0765625 0.059765625
0 0.506640625 0.159375 0.094140625 0.061328125
0 0.4953125 0.07421875 0.0796875 0.08984375
0 0.474609375 0.054296875 0.06953125 0.044921875
0 0.037109375 0.819921875 0.073828125 0.0921875
0 0.08671875 0.756640625 0.076953125 0.0609375
0 0.02109375 0.754296875 0.0421875 0.06171875
0 0.393359375 0.885546875 0.066796875 0.08359375
0 0.444921875 0.885546875 0.06875 0.058203125
0 0.494921875 0.880859375 0.059375 0.06640625
0 0.5671875 0.8625 0.03984375 0.0734375
0 0.54296875 0.88984375 0.04609375 0.076953125
0 0.59296875 0.884765625 0.046484375 0.0734375
0 0.6328125 0.873828125 0.037109375 0.079296875
0 0.663671875 0.8828125 0.0546875 0.076953125
0 0.7171875 0.88203125 0.066796875 0.06953125
0 0.430078125 0.8046875 0.05546875 0.075390625
0 0.490625 0.81484375 0.05078125 0.078125
0 0.590234375 0.804296875 0.062890625 0.06953125
0 0.5390625 0.78828125 0.082421875 0.06171875
0 0.339453125 0.540625 0.0640625 0.0875
0 0.278125 0.603125 0.058203125 0.08359375
0 0.3421875 0.6 0.06875 0.076953125
0 0.407421875 0.598046875 0.08046875 0.062890625
0 0.30546875 0.39375 0.08125 0.065625
0 0.4765625 0.494140625 0.0796875 0.055859375
0 0.521875 0.278125 0.073046875 0.065234375
0 0.510546875 0.328515625 0.091015625 0.053515625
0 0.48671875 0.393359375 0.083984375 0.055078125
0 0.321875 0.224609375 0.082421875 0.072265625
0 0.18515625 0.21484375 0.0765625 0.0921875
0 0.2375 0.110546875 0.0765625 0.075
0 0.2953125 0.11640625 0.065625 0.08984375
0 0.349609375 0.148046875 0.059765625 0.0984375
0 0.328125 0.0703125 0.064453125 0.071875
0 0.383203125 0.1078125 0.087890625 0.07109375
0 0.38515625 0.058984375 0.076953125 0.090234375
0 0.1015625 0.248046875 0.06953125 0.09140625
0 0.07734375 0.048046875 0.1 0.09609375
0 0.025390625 0.19453125 0.05078125 0.1125
0 0.791015625 0.886328125 0.05546875 0.101171875
0 0.832421875 0.86796875 0.085546875 0.064453125
0 0.849609375 0.913671875 0.047265625 0.041015625
0 0.855078125 0.858203125 0.07734375 0.102734375
0 0.909375 0.888671875 0.0484375 0.064453125
0 0.984765625 0.865234375 0.03046875 0.10390625
0 0.961328125 0.88828125 0.047265625 0.052734375
0 0.948046875 0.8296875 0.05078125 0.08671875
0 0.8890625 0.829296875 0.059375 0.06953125
0 0.245703125 0.060546875 0.06953125 0.056640625
0 0.07734375 0.479296875 0.080859375 0.070703125
0 0.0140625 0.06875 0.028125 0.0609375