0 0.096875 0.168359375 0.08828125 0.053125
0 0.0359375 0.21015625 0.071484375 0.063671875
0 0.04296875 0.26328125 0.0859375 0.0640625
0 0.091015625 0.31953125 0.067578125 0.08046875
0 0.06015625 0.3609375 0.081640625 0.06015625
0 0.1046875 0.129296875 0.077734375 0.05703125
0 0.066796875 0.11015625 0.055078125 0.069921875
0 0.039453125 0.119921875 0.058984375 0.0875
0 0.016796875 0.1234375 0.03359375 0.09375
0 0.920703125 0.219140625 0.089453125 0.064453125
0 0.929296875 0.561328125 0.06484375 0.065234375
0 0.6734375 0.60703125 0.072265625 0.07265625
0 0.62890625 0.3734375 0.05625 0.0734375
0 0.558203125 0.331640625 0.068359375 0.061328125
0 0.29296875 0.57734375 0.08671875 0.05859375
0 0.226171875 0.50859375 0.0875 0.06015625
0 0.27578125 0.271875 0.074609375 0.056640625
0 0.265625 0.180078125 0.050390625 0.07734375
0 0.312109375 0.1484375 0.0515625 0.086328125
0 0.33046875 0.21015625 0.051171875 0.072265625
0 0.3546875 0.173828125 0.0609375 0.091015625
0 0.403515625 0.202734375 0.05546875 0.08671875
0 0.46484375 0.21171875 0.04765625 0.065625
0 0.4515625 0.179296875 0.0671875 0.062890625
0 0.521875 0.170703125 0.056640625 0.080078125
0 0.524609375 0.11484375 0.06875 0.069921875
0 0.60546875 0.15625 0.101953125 0.082421875
0 0.648046875 0.1265625 0.051171875 0.077734375
0 0.73515625 0.66015625 0.076953125 0.05
0 0.352734375 0.732421875 0.08359375 0.060546875
0 0.36953125 0.766015625 0.0875 0.05078125
0 0.36328125 0.809375 0.082421875 0.05625
0 0.43671875 0.850390625 0.07265625 0.052734375
0 0.397265625 0.878125 0.053515625 0.070703125
0 0.334765625 0.881640625 0.08046875 0.0546875
0 0.27890625 0.873828125 0.052734375 0.06640625
0 0.300390625 0.787890625 0.062109375 0.08515625
0 0.259375 0.805859375 0.05078125 0.056640625
0 0.251171875 0.8453125 0.06015625 0.09375
0 0.28046875 0.730859375 0.05234375 0.073828125
0 0.23515625 0.7578125 0.059765625 0.075390625
0 0.174609375 0.752734375 0.063671875 0.0875
0 0.12578125 0.75859375 0.05546875 0.08984375
0 0.084375 0.725 0.070703125 0.05625
0 0.094140625 0.855859375 0.0625 0.087109375
0 0.023828125 0.79375 0.04765625 0.06484375
0 0.054296875 0.80703125 0.069921875 0.0640625
0 0.049609375 0.866015625 0.054296875 0.075390625
0 0.021875 0.8515625 0.043359375 0.07109375