0 0.9578125 0.1015625 0.084375 0.0921875
0 0.7078125 0.131640625 0.075390625 0.08203125
0 0.64296875 0.1265625 0.069921875 0.0578125
0 0.771875 0.197265625 0.075390625 0.062109375
0 0.66484375 0.26484375 0.060546875 0.08671875
0 0.726953125 0.317578125 0.07109375 0.06328125
0 0.819921875 0.299609375 0.076953125 0.06328125
0 0.916796875 0.301953125 0.06640625 0.073828125
0 0.550390625 0.24609375 0.068359375 0.08359375
0 0.587109375 0.34453125 0.08046875 0.057421875
0 0.644921875 0.3984375 0.052734375 0.0828125
0 0.5921875 0.39765625 0.052734375 0.084375
0 0.966796875 0.44609375 0.06640625 0.05625
0 0.82109375 0.5328125 0.08046875 0.061328125
0 0.67109375 0.64765625 0.078125 0.06484375
0 0.596484375 0.562109375 0.095703125 0.05859375
0 0.51171875 0.627734375 0.0671875 0.06796875
0 0.941796875 0.724609375 0.072265625 0.0828125
0 0.96953125 0.832421875 0.0609375 0.07265625
0 0.90859375 0.823046875 0.087109375 0.07734375
0 0.444921875 0.7921875 0.083984375 0.068359375
0 0.26484375 0.7046875 0.073046875 0.066015625
0 0.294921875 0.75390625 0.059765625 0.066015625
0 0.35234375 0.78984375 0.069140625 0.073046875
0 0.375 0.8609375 0.065234375 0.080078125
0 0.24765625 0.887109375 0.05625 0.078515625
0 0.109375 0.794921875 0.072265625 0.06875
0 0.084765625 0.903515625 0.0640625 0.0640625
0 0.136328125 0.9015625 0.048828125 0.08203125
0 0.1796875 0.903515625 0.052734375 0.060546875
0 0.20703125 0.910546875 0.056640625 0.075
0 0.01953125 0.905859375 0.038671875 0.058203125
0 0.063671875 0.523828125 0.063671875 0.073046875
0 0.02109375 0.48671875 0.041796875 0.06328125
0 0.19140625 0.408984375 0.062890625 0.07421875
0 0.2140625 0.475 0.082421875 0.050390625
0 0.36484375 0.35234375 0.071875 0.0578125
0 0.3609375 0.237890625 0.065625 0.0765625
0 0.07109375 0.09921875 0.07734375 0.07578125