0 0.09140625 0.80859375 0.104296875 0.125
0 0.498046875 0.71328125 0.08359375 0.05625
0 0.426171875 0.8140625 0.06171875 0.0671875
0 0.42578125 0.874609375 0.06953125 0.073046875
0 0.465234375 0.834765625 0.043359375 0.090625
0 0.479296875 0.880078125 0.059375 0.05234375
0 0.525390625 0.898046875 0.056640625 0.048046875
0 0.510546875 0.830859375 0.065234375 0.05234375
0 0.528515625 0.85859375 0.054296875 0.03984375
0 0.551171875 0.816796875 0.064453125 0.0546875
0 0.562109375 0.85703125 0.054296875 0.04140625
0 0.574609375 0.89765625 0.05078125 0.035546875
0 0.60625 0.8734375 0.05078125 0.07578125
0 0.59609375 0.803125 0.06953125 0.07734375
0 0.64296875 0.771875 0.055859375 0.074609375
0 0.648828125 0.827734375 0.055859375 0.06328125
0 0.6859375 0.778125 0.051953125 0.07578125
0 0.7171875 0.79296875 0.0578125 0.070703125
0 0.649609375 0.884375 0.0578125 0.062109375
0 0.667578125 0.84765625 0.041796875 0.05234375
0 0.69140625 0.890234375 0.04921875 0.05234375
0 0.708203125 0.858203125 0.04921875 0.0640625
0 0.7328125 0.82265625 0.046875 0.05625
0 0.73671875 0.891796875 0.04765625 0.05390625
0 0.788671875 0.8890625 0.06015625 0.060546875
0 0.773046875 0.84375 0.071875 0.04140625
0 0.77421875 0.801953125 0.0609375 0.06328125
0 0.81015625 0.76171875 0.054296875 0.0796875
0 0.80625 0.810546875 0.040234375 0.062109375
0 0.84453125 0.81015625 0.05078125 0.073046875
0 0.81640625 0.850390625 0.046875 0.048046875
0 0.833203125 0.888671875 0.053515625 0.053125
0 0.858203125 0.753515625 0.05 0.0796875
0 0.87890625 0.808203125 0.05859375 0.048828125
0 0.866796875 0.848828125 0.0578125 0.04296875
0 0.880859375 0.893359375 0.06171875 0.05234375
0 0.914453125 0.8921875 0.04765625 0.058203125
0 0.90703125 0.840234375 0.052734375 0.0546875
0 0.956640625 0.8640625 0.065234375 0.05546875
0 0.926953125 0.815625 0.052734375 0.045703125
0 0.9703125 0.819921875 0.058984375 0.047265625
0 0.984765625 0.859375 0.03046875 0.0484375
0 0.9828125 0.89453125 0.034375 0.0234375
0 0.892578125 0.768359375 0.046875 0.05625
0 0.949609375 0.76953125 0.064453125 0.06328125
0 0.98046875 0.76875 0.0390625 0.0640625
0 0.93046875 0.718359375 0.087890625 0.058203125
0 0.06484375 0.25546875 0.076953125 0.06953125
0 0.003125 0.1859375 0.005859375 0.03125
0 0.0359375 0.150390625 0.071484375 0.0703125
0 0.03125 0.10625 0.0625 0.05234375
0 0.0296875 0.0578125 0.059375 0.05703125
0 0.076171875 0.058984375 0.06640625 0.062109375
0 0.07421875 0.10078125 0.073046875 0.046484375
0 0.09609375 0.141015625 0.077734375 0.068359375
0 0.12578125 0.079296875 0.070703125 0.05625
0 0.160546875 0.0515625 0.084375 0.044140625
0 0.148828125 0.153125 0.092578125 0.06953125
0 0.15546875 0.106640625 0.08203125 0.046484375
0 0.205078125 0.087890625 0.072265625 0.04921875
0 0.228515625 0.051953125 0.057421875 0.044921875
0 0.1875 0.1625 0.099609375 0.066015625
0 0.186328125 0.20625 0.084375 0.0703125
0 0.25234375 0.172265625 0.075390625 0.080859375
0 0.25546875 0.0953125 0.06171875 0.066796875
0 0.291796875 0.059765625 0.069140625 0.0578125
0 0.316796875 0.078515625 0.0625 0.086328125
0 0.359765625 0.085546875 0.0625 0.088671875
0 0.294140625 0.1375 0.079296875 0.05703125
0 0.478125 0.05546875 0.0671875 0.066015625
0 0.4640625 0.1015625 0.06640625 0.083984375
0 0.516015625 0.11015625 0.059375 0.07734375
0 0.526171875 0.068359375 0.05859375 0.05390625
0 0.587109375 0.06953125 0.072265625 0.063671875
0 0.558984375 0.11171875 0.06484375 0.084765625
0 0.73359375 0.075 0.0671875 0.0703125
0 0.814453125 0.141796875 0.076171875 0.089453125
0 0.87421875 0.147265625 0.06640625 0.083203125
0 0.937109375 0.148046875 0.08671875 0.066796875
0 0.985546875 0.142578125 0.028515625 0.07109375
0 0.82421875 0.053515625 0.079296875 0.060546875
0 0.810546875 0.090234375 0.076171875 0.05546875
0 0.86484375 0.0953125 0.076171875 0.063671875
0 0.883203125 0.05234375 0.072265625 0.058984375
0 0.940234375 0.0546875 0.069921875 0.05390625
0 0.944921875 0.10625 0.076953125 0.05390625
0 0.969921875 0.064453125 0.06015625 0.066015625
0 0.98515625 0.14453125 0.029296875 0.0734375
0 0.990625 0.0609375 0.01875 0.05703125