0 0.01953125 0.4609375 0.0390625 0.06875
0 0.1046875 0.29921875 0.078125 0.0515625
0 0.24140625 0.15546875 0.0453125 0.1015625
0 0.278125 0.11640625 0.053125 0.0453125
0 0.3296875 0.1171875 0.05 0.059375
0 0.43515625 0.2296875 0.0421875 0.065625
0 0.42265625 0.33125 0.0578125 0.046875
0 0.5140625 0.21796875 0.04375 0.0546875
0 0.52578125 0.26640625 0.0546875 0.0640625
0 0.55703125 0.45234375 0.0703125 0.0421875
0 0.61875 0.4921875 0.046875 0.05625
0 0.77734375 0.41953125 0.0578125 0.0453125
0 0.78984375 0.50546875 0.0484375 0.0734375
0 0.73984375 0.49765625 0.0421875 0.0671875
0 0.5265625 0.6703125 0.046875 0.059375
0 0.45625 0.69140625 0.06875 0.0609375
0 0.30234375 0.81640625 0.0453125 0.0609375
0 0.228125 0.81796875 0.059375 0.0546875
0 0.19375 0.8796875 0.0625 0.065625
0 0.39921875 0.88359375 0.0671875 0.0484375