0 0.699609375 0.790625 0.092578125 0.07265625
0 0.757421875 0.75703125 0.0734375 0.061328125
0 0.80234375 0.78671875 0.067578125 0.056640625
0 0.525390625 0.83828125 0.058984375 0.0671875
0 0.460546875 0.87265625 0.059765625 0.073828125
0 0.502734375 0.89140625 0.071484375 0.0609375
0 0.52890625 0.44609375 0.064453125 0.075
0 0.7546875 0.4921875 0.06328125 0.084765625
0 0.432421875 0.542578125 0.059375 0.0765625
0 0.35859375 0.4734375 0.065625 0.072265625
0 0.389453125 0.599609375 0.06484375 0.0890625
0 0.090625 0.566015625 0.078515625 0.084375
0 0.192578125 0.60625 0.077734375 0.071875
0 0.026953125 0.373046875 0.05390625 0.06484375
0 0.04375 0.259375 0.07890625 0.071875
0 0.343359375 0.115234375 0.078125 0.068359375
0 0.1625 0.1078125 0.070703125 0.078515625
0 0.18203125 0.1421875 0.072265625 0.05859375
0 0.22265625 0.16953125 0.058984375 0.084375
0 0.191796875 0.169140625 0.061328125 0.08203125
0 0.8125 0.32734375 0.078125 0.084375
0 0.623828125 0.1328125 0.0546875 0.072265625
0 0.58515625 0.156640625 0.054296875 0.084765625
0 0.990234375 0.36484375 0.01953125 0.06640625
0 0.908984375 0.48515625 0.07890625 0.0828125
0 0.9015625 0.57421875 0.065234375 0.080859375