0 0.92265625 0.717578125 0.0875 0.06328125
0 0.98046875 0.832421875 0.0390625 0.07421875
0 0.952734375 0.852734375 0.05859375 0.086328125
0 0.869921875 0.766015625 0.069921875 0.07890625
0 0.67578125 0.816015625 0.05859375 0.0890625
0 0.647265625 0.8640625 0.07109375 0.06796875
0 0.721484375 0.90390625 0.06875 0.079296875
0 0.529296875 0.834765625 0.06953125 0.085546875
0 0.395703125 0.83671875 0.06953125 0.06875
0 0.505078125 0.8875 0.085546875 0.053515625
0 0.097265625 0.759765625 0.063671875 0.078125
0 0.29765625 0.739453125 0.090625 0.068359375
0 0.233984375 0.8203125 0.06328125 0.080078125
0 0.331640625 0.895703125 0.06328125 0.089453125