0 0.89921875 0.1453125 0.07578125 0.05390625
0 0.79296875 0.17734375 0.05859375 0.09921875
0 0.74453125 0.22265625 0.065625 0.09765625
0 0.908984375 0.18515625 0.067578125 0.084765625
0 0.96875 0.180859375 0.0625 0.06171875
0 0.966015625 0.240234375 0.06796875 0.07265625
0 0.69921875 0.086328125 0.08203125 0.065234375
0 0.708984375 0.142578125 0.06328125 0.070703125
0 0.6671875 0.120703125 0.069921875 0.0625
0 0.63359375 0.138671875 0.07578125 0.06953125
0 0.621484375 0.168359375 0.06015625 0.07890625
0 0.532421875 0.20703125 0.06796875 0.069921875
0 0.563671875 0.190234375 0.071875 0.073046875
0 0.63046875 0.233984375 0.08125 0.075
0 0.48671875 0.078125 0.061328125 0.094140625
0 0.781640625 0.817578125 0.078515625 0.074609375
0 0.884375 0.658984375 0.0609375 0.0890625
0 0.969921875 0.71484375 0.06015625 0.0703125
0 0.94921875 0.68671875 0.066015625 0.069140625
0 0.50703125 0.869921875 0.069140625 0.066796875
0 0.47109375 0.885546875 0.057421875 0.10078125
0 0.529296875 0.9171875 0.057421875 0.047265625
0 0.2515625 0.64453125 0.069921875 0.092578125
0 0.319921875 0.6859375 0.069140625 0.090234375
0 0.3484375 0.785546875 0.099609375 0.08359375
0 0.28046875 0.782421875 0.06796875 0.080078125
0 0.134765625 0.72578125 0.0921875 0.058984375
0 0.091796875 0.749609375 0.0609375 0.063671875
0 0.139453125 0.7765625 0.085546875 0.06796875
0 0.03828125 0.837109375 0.0765625 0.0578125
0 0.020703125 0.8984375 0.04140625 0.065625
0 0.08046875 0.865625 0.0609375 0.04375
0 0.06796875 0.89609375 0.066796875 0.0578125
0 0.115625 0.898046875 0.0515625 0.044921875
0 0.16640625 0.849609375 0.053515625 0.05546875
0 0.153125 0.90234375 0.060546875 0.052734375
0 0.230078125 0.854296875 0.103125 0.060546875
0 0.20234375 0.905078125 0.06015625 0.058203125
0 0.393359375 0.903125 0.07421875 0.071484375
0 0.092578125 0.97734375 0.001953125 0.000390625
0 0.2625 0.90078125 0.064453125 0.071484375
0 0.35546875 0.898046875 0.066015625 0.075390625
0 0.301953125 0.89609375 0.044921875 0.059375
0 0.31875 0.847265625 0.0796875 0.053125
0 0.068359375 0.505078125 0.08828125 0.0640625
0 0.15 0.587109375 0.054296875 0.087890625
0 0.201171875 0.590625 0.081640625 0.066796875
0 0.109375 0.601953125 0.06328125 0.076171875
0 0.3796875 0.352734375 0.069921875 0.069140625
0 0.384375 0.46953125 0.079296875 0.06171875
0 0.188671875 0.092578125 0.07421875 0.076171875
0 0.31953125 0.128515625 0.058203125 0.0796875
0 0.4046875 0.11953125 0.067578125 0.09140625
0 0.044921875 0.12734375 0.0765625 0.06328125
0 0.23359375 0.15 0.073046875 0.07578125