0 0.8515625 0.084765625 0.072265625 0.070703125
0 0.73984375 0.107421875 0.07578125 0.06875
0 0.668359375 0.1359375 0.06953125 0.06875
0 0.74375 0.06875 0.091796875 0.055859375
0 0.530859375 0.069140625 0.07890625 0.0703125
0 0.537109375 0.150390625 0.094140625 0.065234375
0 0.33515625 0.19609375 0.0703125 0.097265625
0 0.33359375 0.08203125 0.092578125 0.07109375
0 0.1421875 0.158203125 0.073046875 0.087890625
0 0.125 0.2 0.0625 0.07578125
0 0.090234375 0.173828125 0.050390625 0.0984375
0 0.050390625 0.186328125 0.06171875 0.083984375
0 0.463671875 0.5453125 0.075390625 0.087109375
0 0.287109375 0.86875 0.064453125 0.072265625
0 0.34765625 0.83828125 0.07578125 0.06640625
0 0.401171875 0.851171875 0.063671875 0.062109375
0 0.350390625 0.887890625 0.073828125 0.053515625
0 0.39375 0.88828125 0.076953125 0.053125
0 0.381640625 0.80703125 0.084765625 0.0640625
0 0.41015625 0.76640625 0.057421875 0.080859375
0 0.45703125 0.782421875 0.049609375 0.079296875
0 0.4328125 0.730078125 0.091796875 0.05234375
0 0.54921875 0.730078125 0.080859375 0.06875
0 0.647265625 0.72421875 0.0875 0.06875
0 0.8765625 0.859375 0.06328125 0.108984375
0 0.88828125 0.85703125 0.072265625 0.08046875
0 0.828515625 0.876171875 0.058984375 0.07578125
0 0.781640625 0.874609375 0.056640625 0.0671875
0 0.81171875 0.827734375 0.082421875 0.05703125
0 0.56953125 0.780859375 0.064453125 0.070703125
0 0.512109375 0.77890625 0.060546875 0.074609375
0 0.546875 0.85234375 0.05390625 0.08984375
0 0.579296875 0.85 0.071484375 0.11484375
0 0.501953125 0.824609375 0.054296875 0.0734375
0 0.469140625 0.851953125 0.059765625 0.05546875
0 0.475 0.89453125 0.0859375 0.065625
0 0.43984375 0.87734375 0.049609375 0.069921875