0 0.882421875 0.445703125 0.09296875 0.04921875
0 0.8734375 0.55546875 0.0828125 0.0484375
0 0.827734375 0.687890625 0.06171875 0.071484375
0 0.785546875 0.78203125 0.07890625 0.069921875
0 0.76171875 0.85703125 0.066015625 0.0640625
0 0.620703125 0.69375 0.05390625 0.073828125
0 0.6296875 0.6125 0.0484375 0.082421875
0 0.571875 0.659765625 0.06328125 0.069921875
0 0.55625 0.703515625 0.074609375 0.054296875
0 0.413671875 0.678515625 0.0546875 0.0828125
0 0.206640625 0.7328125 0.06875 0.08828125
0 0.177734375 0.84453125 0.05703125 0.075
0 0.286328125 0.924609375 0.071875 0.078125
0 0.333984375 0.86875 0.0546875 0.071484375
0 0.384765625 0.83515625 0.07109375 0.052734375
0 0.405078125 0.87421875 0.047265625 0.05703125
0 0.5734375 0.85703125 0.0625 0.05703125
0 0.515625 0.8375 0.051953125 0.0625
0 0.506640625 0.877734375 0.066015625 0.04765625
0 0.441796875 0.823046875 0.0546875 0.07734375
0 0.467578125 0.861328125 0.040234375 0.078515625
0 0.434765625 0.865234375 0.04765625 0.056640625
0 0.29765625 0.562109375 0.084375 0.0484375
0 0.026171875 0.5234375 0.05234375 0.0578125
0 0.2375 0.48046875 0.078515625 0.0453125
0 0.42421875 0.525 0.092578125 0.07421875
0 0.433984375 0.4359375 0.06484375 0.051953125
0 0.375 0.45390625 0.058984375 0.06875
0 0.359765625 0.428515625 0.0765625 0.04453125
0 0.41328125 0.374609375 0.06328125 0.05859375
0 0.45078125 0.300390625 0.049609375 0.092578125
0 0.372265625 0.319921875 0.05625 0.067578125
0 0.36015625 0.3703125 0.05234375 0.061328125
0 0.337890625 0.40390625 0.088671875 0.05
0 0.302734375 0.365625 0.059375 0.0484375
0 0.280078125 0.346875 0.053515625 0.072265625
0 0.474609375 0.162890625 0.080078125 0.066796875
0 0.274609375 0.274609375 0.08359375 0.055859375
0 0.11328125 0.2484375 0.09765625 0.06171875
0 0.01015625 0.264453125 0.0203125 0.04609375