0 0.021484375 0.09609375 0.04140625 0.05625
0 0.10703125 0.1 0.0625 0.0796875
0 0.158203125 0.084375 0.09296875 0.0546875
0 0.432421875 0.082421875 0.06953125 0.06171875
0 0.52890625 0.070703125 0.0875 0.05703125
0 0.58359375 0.0953125 0.0734375 0.0859375
0 0.5375 0.13203125 0.071875 0.065625
0 0.52421875 0.18984375 0.0765625 0.0640625
0 0.54765625 0.237109375 0.0734375 0.05546875
0 0.425390625 0.325390625 0.08203125 0.06171875
0 0.63046875 0.394921875 0.059375 0.07109375
0 0.67265625 0.2859375 0.0515625 0.08125
0 0.784375 0.20625 0.059375 0.0671875
0 0.848828125 0.19140625 0.06640625 0.0671875
0 0.842578125 0.102734375 0.08671875 0.07421875
0 0.88984375 0.065625 0.0953125 0.053125
0 0.97421875 0.06796875 0.0515625 0.053125
0 0.9765625 0.121484375 0.046875 0.06484375
0 0.6578125 0.6125 0.075 0.0609375
0 0.11328125 0.80546875 0.075 0.046875
0 0.08203125 0.89609375 0.090625 0.059375
0 0.362890625 0.8625 0.08046875 0.0609375
0 0.41015625 0.887890625 0.05 0.07734375