0 0.402734375 0.494140625 0.1 0.15703125
0 0.071484375 0.86640625 0.078515625 0.0484375
0 0.165234375 0.848046875 0.06796875 0.087109375
0 0.04921875 0.687109375 0.071875 0.078125
0 0.17421875 0.649609375 0.1078125 0.073828125
0 0.569140625 0.880859375 0.069140625 0.0734375
0 0.519921875 0.874609375 0.059765625 0.08203125
0 0.56953125 0.82421875 0.089453125 0.065625
0 0.697265625 0.87109375 0.071484375 0.07890625
0 0.689453125 0.623828125 0.0890625 0.067578125
0 0.871484375 0.665234375 0.09921875 0.097265625
0 0.8328125 0.528125 0.0734375 0.08359375
0 0.975 0.0625 0.05 0.059375
0 0.980859375 0.115625 0.03828125 0.08828125
0 0.958203125 0.107421875 0.039453125 0.076953125
0 0.928125 0.103515625 0.062890625 0.091796875
0 0.9125 0.06640625 0.057421875 0.076171875
0 0.86484375 0.0890625 0.068359375 0.08671875
0 0.82421875 0.116015625 0.059375 0.092578125
0 0.89140625 0.1984375 0.0734375 0.11015625
0 0.437890625 0.2078125 0.077734375 0.074609375
0 0.03984375 0.11015625 0.0796875 0.086328125
0 0.1953125 0.129296875 0.09765625 0.06796875
0 0.403125 0.06640625 0.10078125 0.063671875
0 0.380859375 0.11015625 0.060546875 0.080859375
0 0.327734375 0.1359375 0.081640625 0.0671875
0 0.312890625 0.076953125 0.07890625 0.069921875
0 0.2375 0.07890625 0.0765625 0.07109375