0 0.274609375 0.541796875 0.075 0.0609375
0 0.220703125 0.567578125 0.066796875 0.077734375
0 0.059375 0.6078125 0.087890625 0.05859375
0 0.106640625 0.657421875 0.0765625 0.069140625
0 0.14453125 0.70234375 0.08125 0.064453125
0 0.18828125 0.77421875 0.068359375 0.069921875
0 0.41484375 0.84765625 0.066015625 0.084375
0 0.5 0.808984375 0.05546875 0.096875
0 0.468359375 0.8609375 0.058984375 0.099609375
0 0.568359375 0.834375 0.0609375 0.08046875
0 0.72265625 0.824609375 0.083984375 0.074609375
0 0.5125 0.886328125 0.0765625 0.058984375
0 0.531640625 0.83984375 0.048046875 0.056640625
0 0.612109375 0.870703125 0.068359375 0.065234375
0 0.5671875 0.886328125 0.049609375 0.049609375