0 0.883984375 0.847265625 0.06640625 0.085546875
0 0.987109375 0.7546875 0.025390625 0.05234375
0 0.978515625 0.83515625 0.04296875 0.087890625
0 0.948046875 0.841015625 0.059765625 0.08359375
0 0.773828125 0.725390625 0.058984375 0.08359375
0 0.8015625 0.79296875 0.075390625 0.08125
0 0.6953125 0.7265625 0.060546875 0.080078125
0 0.71796875 0.826171875 0.053125 0.098828125
0 0.683203125 0.78125 0.065625 0.060546875
0 0.642578125 0.790625 0.059375 0.065234375
0 0.560546875 0.764453125 0.0546875 0.072265625
0 0.6 0.78046875 0.04375 0.06015625
0 0.6703125 0.8296875 0.069921875 0.063671875
0 0.653515625 0.875390625 0.079296875 0.06796875
0 0.56640625 0.8046875 0.07734375 0.0484375
0 0.61796875 0.8265625 0.050390625 0.053125
0 0.57734375 0.841015625 0.076171875 0.04921875
0 0.59375 0.873828125 0.06640625 0.044921875
0 0.017578125 0.798046875 0.034765625 0.084765625
0 0.068359375 0.7609375 0.056640625 0.0890625
0 0.194921875 0.66171875 0.071875 0.06484375
0 0.151171875 0.690625 0.04765625 0.073828125
0 0.190625 0.711328125 0.058203125 0.065625
0 0.3203125 0.732421875 0.0796875 0.058984375
0 0.38203125 0.76953125 0.065234375 0.068359375
0 0.351953125 0.816796875 0.062890625 0.077734375
0 0.420703125 0.36875 0.06953125 0.0609375
0 0.034765625 0.122265625 0.06953125 0.06171875
0 0.112890625 0.1625 0.059765625 0.091796875
0 0.155859375 0.136328125 0.073046875 0.056640625
0 0.81484375 0.378125 0.08203125 0.065234375
0 0.917578125 0.317578125 0.069140625 0.07265625
0 0.982421875 0.594921875 0.03515625 0.06015625