0 0.975 0.74375 0.05 0.091015625
0 0.134375 0.86640625 0.0765625 0.062109375
0 0.43984375 0.908203125 0.067578125 0.05546875
0 0.48984375 0.897265625 0.063671875 0.06484375
0 0.453125 0.85546875 0.07578125 0.0609375
0 0.29375 0.766015625 0.056640625 0.083203125
0 0.35625 0.664453125 0.073828125 0.056640625
0 0.575 0.72421875 0.07109375 0.058984375
0 0.5875 0.692578125 0.07421875 0.05390625
0 0.7734375 0.623828125 0.0875 0.059375
0 0.909765625 0.60625 0.073828125 0.076171875
0 0.46015625 0.427734375 0.07890625 0.055859375
0 0.6609375 0.4171875 0.061328125 0.07109375
0 0.037109375 0.294140625 0.07421875 0.05390625
0 0.0546875 0.10859375 0.08125 0.0578125
0 0.147265625 0.269921875 0.061328125 0.0890625
0 0.22265625 0.319921875 0.076953125 0.06015625
0 0.2484375 0.35234375 0.093359375 0.06328125
0 0.45390625 0.284375 0.07734375 0.066015625
0 0.40078125 0.2515625 0.066015625 0.077734375
0 0.4234375 0.0984375 0.080078125 0.063671875
0 0.95390625 0.159375 0.080859375 0.062109375
0 0.671484375 0.1515625 0.074609375 0.070703125
0 0.57890625 0.06328125 0.0765625 0.093359375
0 0.68046875 0.082421875 0.07890625 0.057421875
0 0.775 0.08125 0.063671875 0.074609375
0 0.809765625 0.081640625 0.065234375 0.076171875
0 0.846484375 0.0921875 0.051171875 0.075