0 0.1953125 0.120703125 0.083203125 0.08125
0 0.255859375 0.080859375 0.071484375 0.05546875
0 0.246484375 0.108984375 0.066015625 0.063671875
0 0.3875 0.067578125 0.0546875 0.07890625
0 0.467578125 0.117578125 0.076171875 0.06328125
0 0.507421875 0.210546875 0.07421875 0.06328125
0 0.389453125 0.19921875 0.055859375 0.07890625
0 0.339453125 0.197265625 0.051953125 0.086328125
0 0.20234375 0.2515625 0.089453125 0.060546875
0 0.324609375 0.137109375 0.05 0.074609375
0 0.291015625 0.14921875 0.056640625 0.076953125
0 0.280078125 0.1875 0.06640625 0.064453125
0 0.193359375 0.301953125 0.067578125 0.06640625
0 0.130078125 0.364453125 0.05234375 0.083203125
0 0.1734375 0.340234375 0.05625 0.0625
0 0.176953125 0.439453125 0.065234375 0.054296875
0 0.176171875 0.5375 0.070703125 0.073828125
0 0.024609375 0.490625 0.048828125 0.068359375
0 0.027734375 0.57421875 0.05546875 0.0703125
0 0.281640625 0.65546875 0.0671875 0.07890625
0 0.19140625 0.753515625 0.08359375 0.0671875
0 0.3859375 0.671875 0.055859375 0.080078125
0 0.43984375 0.659765625 0.0640625 0.05703125
0 0.45078125 0.712890625 0.081640625 0.06640625
0 0.421484375 0.84453125 0.08125 0.07578125
0 0.5265625 0.7609375 0.04765625 0.069921875
0 0.469921875 0.775390625 0.07578125 0.069140625
0 0.551171875 0.8046875 0.062890625 0.071484375
0 0.50078125 0.824609375 0.067578125 0.054296875
0 0.50234375 0.8828125 0.062890625 0.055078125
0 0.456640625 0.879296875 0.04375 0.0765625
0 0.414453125 0.879296875 0.057421875 0.0578125
0 0.6296875 0.84609375 0.065625 0.071484375
0 0.57265625 0.85546875 0.0765625 0.04765625
0 0.56796875 0.9046875 0.060546875 0.054296875
0 0.61015625 0.894140625 0.041015625 0.066796875
0 0.64921875 0.89765625 0.053515625 0.044921875
0 0.6703125 0.865234375 0.040625 0.06328125
0 0.694921875 0.84921875 0.055078125 0.06640625
0 0.714453125 0.91328125 0.05390625 0.06171875
0 0.7421875 0.872265625 0.047265625 0.06875
0 0.777734375 0.883203125 0.050390625 0.0625
0 0.85234375 0.855078125 0.08671875 0.075390625
0 0.83125 0.89609375 0.08046875 0.07421875
0 0.924609375 0.7953125 0.07734375 0.086328125
0 0.970703125 0.83515625 0.05859375 0.087109375
0 0.936328125 0.899609375 0.092578125 0.0703125
0 0.843359375 0.38515625 0.089453125 0.0640625
0 0.64609375 0.3765625 0.0953125 0.05546875
0 0.46171875 0.248828125 0.066796875 0.05859375
0 0.471875 0.3015625 0.061328125 0.07265625
0 0.525 0.2640625 0.06328125 0.055078125
0 0.550390625 0.243359375 0.068359375 0.05546875
0 0.751171875 0.144140625 0.0984375 0.0640625
0 0.785546875 0.095703125 0.07578125 0.055859375