0 0.42890625 0.576953125 0.056640625 0.080859375
0 0.0234375 0.67421875 0.046875 0.058203125
0 0.11640625 0.68359375 0.055859375 0.063671875
0 0.241015625 0.746875 0.059375 0.066796875
0 0.18828125 0.798828125 0.078515625 0.06796875
0 0.7109375 0.6859375 0.05625 0.0640625
0 0.63359375 0.680859375 0.0515625 0.075390625
0 0.6734375 0.68984375 0.037890625 0.073828125
0 0.73046875 0.806640625 0.08046875 0.06484375
0 0.58046875 0.786328125 0.049609375 0.063671875
0 0.630859375 0.827734375 0.047265625 0.07578125
0 0.5078125 0.809765625 0.055859375 0.057421875
0 0.53203125 0.8875 0.080078125 0.066796875
0 0.809375 0.85390625 0.091796875 0.0609375