0 0.173046875 0.7671875 0.065234375 0.07421875
0 0.1921875 0.846875 0.08203125 0.062109375
0 0.074609375 0.87109375 0.064453125 0.03046875
0 0.276171875 0.8765625 0.0625 0.023828125
0 0.523828125 0.8015625 0.05859375 0.07109375
0 0.562109375 0.832421875 0.051171875 0.078125
0 0.2640625 0.46015625 0.090625 0.05859375
0 0.28125 0.40234375 0.087890625 0.04921875
0 0.109375 0.31640625 0.08046875 0.059375
0 0.019140625 0.120703125 0.03828125 0.06953125
0 0.06328125 0.094140625 0.094140625 0.082421875
0 0.18046875 0.094921875 0.055859375 0.08125
0 0.240625 0.103125 0.07421875 0.0734375
0 0.5453125 0.203515625 0.085546875 0.06484375
0 0.5484375 0.155078125 0.070703125 0.051171875
0 0.5640625 0.084765625 0.066015625 0.07265625
0 0.6015625 0.121484375 0.0890625 0.065234375
0 0.953515625 0.0765625 0.09296875 0.05625
0 0.96484375 0.175 0.0703125 0.082421875