0 0.083984375 0.106640625 0.080078125 0.059765625
0 0.028515625 0.105859375 0.05703125 0.063671875
0 0.20703125 0.189453125 0.084375 0.053515625
0 0.14375 0.2546875 0.0578125 0.086328125
0 0.381640625 0.117578125 0.074609375 0.075
0 0.01171875 0.56796875 0.0234375 0.0609375
0 0.19296875 0.59453125 0.0578125 0.08671875
0 0.25546875 0.586328125 0.075390625 0.058984375
0 0.218359375 0.6828125 0.065625 0.06484375
0 0.277734375 0.723828125 0.070703125 0.062109375
0 0.2765625 0.834765625 0.083203125 0.05703125
0 0.301171875 0.886328125 0.061328125 0.066015625
0 0.4484375 0.82890625 0.069921875 0.058984375
0 0.45859375 0.287890625 0.094140625 0.063671875