0 0.46171875 0.882421875 0.077734375 0.075390625
0 0.518359375 0.871484375 0.04921875 0.0875
0 0.562890625 0.875390625 0.05 0.089453125
0 0.599609375 0.872265625 0.055078125 0.10234375
0 0.646875 0.87265625 0.0609375 0.081640625
0 0.6921875 0.8859375 0.04921875 0.087890625
0 0.74375 0.891796875 0.07578125 0.065625
0 0.901953125 0.8453125 0.065234375 0.078125
0 0.81640625 0.822265625 0.06328125 0.080078125
0 0.86171875 0.83671875 0.058203125 0.0765625
0 0.803125 0.89375 0.062890625 0.078515625
0 0.8609375 0.897265625 0.07109375 0.062109375
0 0.1765625 0.634375 0.074609375 0.0875
0 0.128515625 0.6875 0.091015625 0.07109375
0 0.23828125 0.702734375 0.085546875 0.10078125
0 0.14453125 0.096875 0.062890625 0.09921875
0 0.017578125 0.089453125 0.03515625 0.07890625
0 0.0390625 0.096875 0.046875 0.07265625
0 0.0703125 0.066796875 0.083203125 0.05
0 0.0875 0.10390625 0.0765625 0.055859375
0 0.02578125 0.146484375 0.0515625 0.04375
0 0.026953125 0.199609375 0.05390625 0.07890625
0 0.0796875 0.15234375 0.062890625 0.07890625
0 0.1375 0.169921875 0.064453125 0.073046875
0 0.323046875 0.0796875 0.086328125 0.06875
0 0.384375 0.0609375 0.05625 0.053125
0 0.386328125 0.107421875 0.064453125 0.05703125
0 0.4296875 0.077734375 0.057421875 0.083984375
0 0.4453125 0.072265625 0.0765625 0.05625
0 0.42265625 0.17890625 0.086328125 0.062109375
0 0.46953125 0.22890625 0.085546875 0.06484375
0 0.5109375 0.149609375 0.0796875 0.07265625
0 0.43125 0.13984375 0.084765625 0.059375
0 0.47421875 0.116015625 0.07265625 0.048046875
0 0.490625 0.077734375 0.05078125 0.078125
0 0.5265625 0.08125 0.046875 0.0703125
0 0.561328125 0.1046875 0.062109375 0.05625
0 0.61328125 0.069140625 0.0609375 0.076171875
0 0.66015625 0.073828125 0.06015625 0.065625
0 0.7171875 0.072265625 0.0734375 0.059765625
0 0.721875 0.120703125 0.06640625 0.083984375
0 0.819140625 0.13046875 0.087890625 0.069140625
0 0.62734375 0.134375 0.073046875 0.0796875
0 0.676953125 0.1234375 0.0671875 0.044140625
0 0.69921875 0.165625 0.086328125 0.057421875
0 0.6484375 0.198046875 0.07890625 0.069140625
0 0.70625 0.21640625 0.069921875 0.076171875