0 0.879296875 0.687109375 0.0953125 0.0640625
0 0.817578125 0.7453125 0.071875 0.058203125
0 0.7328125 0.6296875 0.07265625 0.069140625
0 0.7890625 0.53125 0.057421875 0.067578125
0 0.05546875 0.85625 0.0765625 0.06640625
0 0.2390625 0.818359375 0.073046875 0.06953125
0 0.3 0.71796875 0.060546875 0.056640625
0 0.242578125 0.7453125 0.069140625 0.048046875
0 0.290234375 0.773828125 0.05234375 0.0703125
0 0.05078125 0.727734375 0.07890625 0.056640625
0 0.23515625 0.430859375 0.06171875 0.05234375
0 0.6703125 0.242578125 0.04453125 0.044921875
0 0.69296875 0.209765625 0.046875 0.046484375
0 0.69296875 0.25390625 0.040234375 0.048828125