0 0.15 0.71015625 0.065234375 0.078515625
0 0.093359375 0.79609375 0.096484375 0.073046875
0 0.3078125 0.6875 0.068359375 0.09375
0 0.2203125 0.865625 0.070703125 0.03203125
0 0.332421875 0.893359375 0.085546875 0.06640625
0 0.417578125 0.85625 0.060546875 0.08359375
0 0.337890625 0.766796875 0.084765625 0.065625
0 0.577734375 0.771875 0.062890625 0.081640625
0 0.515625 0.79296875 0.08046875 0.06484375
0 0.496875 0.852734375 0.078515625 0.060546875
0 0.549609375 0.86875 0.077734375 0.069921875
0 0.227734375 0.556640625 0.06875 0.07421875
0 0.096484375 0.438671875 0.074609375 0.05703125
0 0.030078125 0.201171875 0.059765625 0.08984375
0 0.02421875 0.04375 0.048046875 0.05625
0 0.067578125 0.051953125 0.0484375 0.065234375
0 0.015625 0.109765625 0.03125 0.08046875
0 0.039453125 0.11640625 0.065625 0.0828125
0 0.087890625 0.1109375 0.05625 0.090234375
0 0.1171875 0.06875 0.05234375 0.083203125
0 0.152734375 0.04609375 0.049609375 0.0453125
0 0.193359375 0.055859375 0.04453125 0.058984375
0 0.16875 0.103125 0.097265625 0.073828125
0 0.213671875 0.12265625 0.066015625 0.0625
0 0.248828125 0.106640625 0.048828125 0.085546875
0 0.237890625 0.065234375 0.050390625 0.074609375
0 0.281640625 0.059765625 0.053125 0.073828125
0 0.30625 0.081640625 0.054296875 0.068359375
0 0.3375 0.06875 0.05234375 0.066015625
0 0.284375 0.12734375 0.05703125 0.06015625
0 0.338671875 0.127734375 0.070703125 0.056640625
0 0.404296875 0.0609375 0.082421875 0.05859375
0 0.37578125 0.09609375 0.0609375 0.06796875
0 0.433203125 0.1234375 0.083984375 0.063671875
0 0.5859375 0.06953125 0.0609375 0.0921875
0 0.4671875 0.0734375 0.0578125 0.08515625
0 0.4796875 0.18359375 0.062109375 0.087109375
0 0.517578125 0.0640625 0.076953125 0.059375
0 0.610546875 0.1390625 0.06484375 0.098046875
0 0.678515625 0.062109375 0.06953125 0.053515625
0 0.698828125 0.099609375 0.05234375 0.06484375
0 0.637890625 0.10625 0.06640625 0.0578125
0 0.666015625 0.14609375 0.05703125 0.091796875
0 0.71953125 0.148046875 0.072265625 0.06640625
0 0.7375 0.061328125 0.063671875 0.056640625
0 0.758203125 0.0890625 0.069140625 0.076953125
0 0.807421875 0.05625 0.05390625 0.06171875
0 0.772265625 0.144921875 0.06171875 0.082421875
0 0.850390625 0.060546875 0.0546875 0.047265625
0 0.823046875 0.10703125 0.068359375 0.0640625
0 0.887890625 0.060546875 0.061328125 0.076953125
0 0.925 0.0640625 0.058203125 0.071484375
0 0.96953125 0.0671875 0.0609375 0.0921875
0 0.86953125 0.116796875 0.071484375 0.05390625
0 0.934375 0.114453125 0.073828125 0.059765625
0 0.855859375 0.16171875 0.08203125 0.06640625
0 0.891796875 0.169921875 0.05625 0.08125
0 0.958203125 0.163671875 0.08359375 0.06015625
0 0.99140625 0.185546875 0.016796875 0.0609375
0 0.7640625 0.325390625 0.0625 0.08359375
0 0.70703125 0.862890625 0.062890625 0.055078125
0 0.71953125 0.72734375 0.073046875 0.081640625
0 0.847265625 0.8171875 0.06640625 0.0921875
0 0.94765625 0.848046875 0.079296875 0.05625
0 0.148046875 0.872265625 0.040234375 0.02421875
0 0.366796875 0.159765625 0.076953125 0.0671875