0 0.937109375 0.677734375 0.067578125 0.073828125
0 0.698046875 0.701171875 0.06796875 0.070703125
0 0.7609375 0.70703125 0.0703125 0.06796875
0 0.793359375 0.74609375 0.0734375 0.04921875
0 0.9671875 0.72265625 0.065625 0.0609375
0 0.934765625 0.765625 0.064453125 0.06953125
0 0.867578125 0.7734375 0.07265625 0.056640625
0 0.810546875 0.849609375 0.056640625 0.0890625
0 0.88046875 0.824609375 0.059375 0.072265625
0 0.930859375 0.827734375 0.06015625 0.07890625
0 0.971484375 0.790234375 0.05703125 0.053125
0 0.96953125 0.83828125 0.051953125 0.071484375
0 0.919921875 0.881640625 0.073828125 0.091015625
0 0.63984375 0.84453125 0.062890625 0.078125
0 0.55859375 0.859375 0.075390625 0.059375
0 0.030859375 0.79140625 0.06171875 0.071484375
0 0.084375 0.79375 0.0734375 0.066015625
0 0.125390625 0.84453125 0.071484375 0.065234375
0 0.233984375 0.828125 0.052734375 0.07578125
0 0.365625 0.860546875 0.079296875 0.05546875
0 0.480078125 0.795703125 0.083203125 0.070703125
0 0.26953125 0.7203125 0.073046875 0.06484375
0 0.196875 0.7140625 0.07421875 0.056640625
0 0.373828125 0.608984375 0.064453125 0.062109375
0 0.121875 0.54921875 0.073046875 0.06796875
0 0.35234375 0.49140625 0.089453125 0.06484375
0 0.160546875 0.310546875 0.083984375 0.062109375
0 0.210546875 0.250390625 0.071875 0.07734375
0 0.257421875 0.290625 0.078515625 0.0546875
0 0.24453125 0.17890625 0.0796875 0.054296875
0 0.12265625 0.113671875 0.0703125 0.065234375
0 0.4421875 0.1546875 0.077734375 0.064453125
0 0.02890625 0.10625 0.0578125 0.062109375
0 0.015625 0.232421875 0.03125 0.07421875
0 0.058203125 0.182421875 0.09453125 0.065625
0 0.495703125 0.630859375 0.06328125 0.07109375
0 0.526953125 0.68828125 0.075 0.07421875
0 0.97578125 0.56171875 0.0484375 0.0734375
0 0.74296875 0.57265625 0.066015625 0.080078125
0 0.83203125 0.4984375 0.066796875 0.0828125
0 0.78515625 0.428125 0.07109375 0.06875
0 0.867578125 0.3390625 0.0796875 0.06875
0 0.77578125 0.13125 0.076953125 0.0640625
0 0.58203125 0.13359375 0.078125 0.059375
0 0.530078125 0.24296875 0.08203125 0.0609375
0 0.50859375 0.31953125 0.056640625 0.084375
0 0.92578125 0.137890625 0.0765625 0.084765625
0 0.983203125 0.115625 0.03359375 0.0546875
0 0.969921875 0.16015625 0.06015625 0.05
0 0.966796875 0.20546875 0.06640625 0.0578125
0 0.974609375 0.257421875 0.05078125 0.07109375
0 0.47265625 0.848828125 0.090234375 0.0515625