0 0.165234375 0.815234375 0.1234375 0.098828125
0 0.543359375 0.81875 0.0703125 0.087109375
0 0.703125 0.816796875 0.0796875 0.07734375
0 0.796484375 0.396484375 0.08359375 0.058984375
0 0.816015625 0.35546875 0.053515625 0.0875
0 0.42109375 0.266796875 0.105078125 0.080859375
0 0.5359375 0.105078125 0.115625 0.06796875
0 0.4953125 0.1953125 0.100390625 0.078515625
0 0.044921875 0.09609375 0.08984375 0.075
0 0.108203125 0.165625 0.095703125 0.070703125
0 0.133203125 0.116796875 0.074609375 0.073828125
0 0.880859375 0.176953125 0.074609375 0.094921875
0 0.98046875 0.2390625 0.0390625 0.095703125