0 0.846484375 0.77265625 0.051171875 0.068359375
0 0.98984375 0.843359375 0.0203125 0.03828125
0 0.79765625 0.88125 0.07421875 0.065234375
0 0.528125 0.21796875 0.05625 0.0625
0 0.65859375 0.249609375 0.051171875 0.080078125
0 0.722265625 0.3265625 0.046875 0.081640625
0 0.480859375 0.39765625 0.06875 0.06328125
0 0.566796875 0.39453125 0.0703125 0.0453125
0 0.613671875 0.503125 0.069921875 0.05546875
0 0.47578125 0.526171875 0.072265625 0.06171875
0 0.33828125 0.519140625 0.05546875 0.0609375
0 0.35546875 0.593359375 0.05 0.077734375
0 0.4921875 0.582421875 0.071875 0.052734375
0 0.712109375 0.5875 0.07421875 0.0515625
0 0.7578125 0.546875 0.05078125 0.075
0 0.294140625 0.80703125 0.070703125 0.0703125
0 0.45390625 0.86484375 0.056640625 0.076953125
0 0.527734375 0.880859375 0.057421875 0.06171875
0 0.566015625 0.846484375 0.053515625 0.06328125
0 0.56796875 0.791796875 0.08125 0.0578125
0 0.649609375 0.892578125 0.049609375 0.068359375
0 0.562109375 0.883984375 0.05703125 0.049609375
0 0.427734375 0.69609375 0.06328125 0.0640625
0 0.473046875 0.692578125 0.044921875 0.058984375
0 0.51171875 0.740234375 0.049609375 0.062890625
0 0.759375 0.886328125 0.0640625 0.044921875
0 0.708203125 0.9359375 0.0453125 0.0859375
0 0.02890625 0.76796875 0.057421875 0.08046875
0 0.108984375 0.762890625 0.06953125 0.074609375
0 0.15703125 0.7203125 0.0546875 0.07578125
0 0.266796875 0.580078125 0.064453125 0.075
0 0.19296875 0.471875 0.063671875 0.073828125
0 0.075 0.386328125 0.0765625 0.08515625
0 0.170703125 0.3703125 0.05625 0.0828125
0 0.22265625 0.409375 0.064453125 0.06171875
0 0.020703125 0.439453125 0.04140625 0.073046875
0 0.4921875 0.320703125 0.06953125 0.087109375
0 0.54296875 0.337109375 0.055078125 0.069140625
0 0.581640625 0.344921875 0.0515625 0.0703125
0 0.14296875 0.258984375 0.062890625 0.078515625
0 0.04921875 0.08359375 0.09296875 0.07109375
0 0.110546875 0.097265625 0.056640625 0.049609375
0 0.01875 0.103515625 0.0375 0.03984375
0 0.01328125 0.178125 0.0265625 0.0515625
0 0.0109375 0.14765625 0.021875 0.04453125
0 0.188671875 0.0859375 0.074609375 0.04765625
0 0.258984375 0.090625 0.044921875 0.053515625
0 0.290234375 0.09453125 0.0359375 0.059765625
0 0.347265625 0.1 0.054296875 0.0671875
0 0.39296875 0.125 0.06015625 0.069921875
0 0.30859375 0.114453125 0.055078125 0.055859375
0 0.090234375 0.137890625 0.074609375 0.059765625
0 0.144921875 0.130859375 0.050390625 0.04921875
0 0.16328125 0.119921875 0.051953125 0.0609375
0 0.200390625 0.119921875 0.03046875 0.05625
0 0.225 0.1078125 0.02734375 0.059765625
0 0.130859375 0.168359375 0.067578125 0.053125
0 0.1765625 0.1734375 0.058984375 0.059765625
0 0.225 0.14765625 0.065234375 0.04140625
0 0.251953125 0.12421875 0.054296875 0.043359375
0 0.31953125 0.16015625 0.06171875 0.051171875
0 0.2796875 0.163671875 0.05234375 0.042578125
0 0.26953125 0.192578125 0.0546875 0.04765625
0 0.21171875 0.1796875 0.051953125 0.043359375
0 0.232421875 0.211328125 0.048828125 0.040625
0 0.191015625 0.21640625 0.026171875 0.042578125
0 0.209375 0.24375 0.0390625 0.051171875
0 0.25859375 0.25 0.0421875 0.045703125
0 0.298046875 0.23125 0.04296875 0.041796875
0 0.2703125 0.220703125 0.042578125 0.040234375
0 0.22265625 0.273828125 0.057421875 0.0359375
0 0.38359375 0.2234375 0.066015625 0.053515625
0 0.1046875 0.2859375 0.061328125 0.07421875
0 0.37265625 0.30859375 0.047265625 0.08515625
0 0.40390625 0.319140625 0.04921875 0.0734375
0 0.32734375 0.26171875 0.04453125 0.05390625
0 0.354296875 0.275390625 0.03828125 0.069140625
0 0.390625 0.26484375 0.064453125 0.048046875
0 0.4375 0.25078125 0.047265625 0.08203125
0 0.254296875 0.30078125 0.04765625 0.044140625
0 0.290234375 0.274609375 0.048828125 0.049609375
0 0.21875 0.305078125 0.0390625 0.0515625
0 0.233203125 0.35625 0.067578125 0.054296875
0 0.253125 0.337109375 0.03828125 0.062890625
0 0.287109375 0.340234375 0.038671875 0.065625
0 0.306640625 0.31171875 0.056640625 0.067578125
0 0.90625 0.355859375 0.07109375 0.057421875
0 0.92109375 0.177734375 0.08203125 0.0796875
0 0.982421875 0.1875 0.03515625 0.067578125
0 0.955859375 0.101953125 0.050390625 0.09921875
0 0.985546875 0.088671875 0.02890625 0.06015625
0 0.975390625 0.1453125 0.04921875 0.0890625
0 0.924609375 0.091796875 0.0609375 0.060546875
0 0.552734375 0.106640625 0.04609375 0.06640625
0 0.73828125 0.20625 0.0671875 0.065234375
0 0.844140625 0.24296875 0.077734375 0.05546875
0 0.87421875 0.0796875 0.038671875 0.043359375
0 0.89765625 0.1109375 0.054296875 0.07578125
0 0.853515625 0.107421875 0.049609375 0.055859375
0 0.817578125 0.080859375 0.067578125 0.047265625
0 0.863671875 0.172265625 0.070703125 0.05546875
0 0.580859375 0.16875 0.05859375 0.059765625
0 0.540234375 0.175 0.040234375 0.0796875
0 0.669921875 0.193359375 0.073046875 0.0546875
0 0.58828125 0.086328125 0.055859375 0.041796875
0 0.603515625 0.11328125 0.05 0.06953125
0 0.635546875 0.105859375 0.04296875 0.075390625
0 0.66015625 0.09609375 0.05 0.062109375
0 0.7 0.094921875 0.03671875 0.057421875
0 0.675 0.1453125 0.05703125 0.049609375
0 0.716796875 0.11953125 0.04375 0.0671875
0 0.7390625 0.0875 0.047265625 0.046484375
0 0.770703125 0.08671875 0.0375 0.05703125
0 0.7453125 0.125 0.037890625 0.06484375
0 0.77421875 0.121484375 0.03984375 0.05
0 0.76796875 0.17109375 0.0625 0.05859375
0 0.802734375 0.16328125 0.028125 0.061328125
0 0.83125 0.146875 0.041015625 0.083984375
0 0.807421875 0.11796875 0.052734375 0.03203125
0 0.515234375 0.2609375 0.061328125 0.059375
0 0.458203125 0.21640625 0.06328125 0.053125
0 0.46640625 0.093359375 0.074609375 0.047265625
0 0.43984375 0.148046875 0.048828125 0.068359375
0 0.4890625 0.116796875 0.076171875 0.03828125
0 0.475390625 0.15 0.046875 0.06015625
0 0.512890625 0.15859375 0.03515625 0.074609375
0 0.469921875 0.1796875 0.063671875 0.05390625
0 0.03984375 0.183203125 0.062109375 0.05078125
0 0.082421875 0.2125 0.0609375 0.0671875
0 0.02421875 0.228515625 0.0484375 0.04453125
0 0.051953125 0.221484375 0.034375 0.051953125
0 0.068359375 0.27890625 0.04921875 0.05703125
0 0.01875 0.286328125 0.0375 0.05546875
0 0.04765625 0.29609375 0.035546875 0.05859375
0 0.02109375 0.250390625 0.0421875 0.035546875
0 0.01328125 0.363671875 0.0265625 0.04609375
0 0.03203125 0.5296875 0.0640625 0.048828125
0 0.013671875 0.505859375 0.02734375 0.05234375
0 0.03046875 0.5828125 0.0609375 0.084375
0 0.03125 0.659765625 0.0625 0.0671875
0 0.119140625 0.648828125 0.049609375 0.061328125
0 0.176953125 0.651171875 0.05390625 0.073828125
0 0.2171875 0.74765625 0.064453125 0.062890625
0 0.165234375 0.562109375 0.054296875 0.06875
0 0.20859375 0.5640625 0.053125 0.066796875
0 0.873828125 0.456640625 0.069140625 0.08125
0 0.320703125 0.960546875 0.034765625 0.066796875
0 0.89921875 0.96328125 0.046875 0.073046875
0 0.93203125 0.95703125 0.0484375 0.0859375
0 0.973828125 0.975 0.05078125 0.05
0 0.979296875 0.951171875 0.04140625 0.06640625
0 0.7390625 0.95234375 0.0453125 0.071484375
0 0.775 0.96015625 0.04609375 0.079296875
0 0.806640625 0.962890625 0.055859375 0.066796875
0 0.841796875 0.980078125 0.06171875 0.03984375