0 0.954296875 0.851171875 0.078515625 0.071875
0 0.88671875 0.670703125 0.094140625 0.07578125
0 0.968359375 0.9015625 0.06328125 0.0625
0 0.787890625 0.77421875 0.06796875 0.08828125
0 0.925 0.894921875 0.053125 0.080078125
0 0.87890625 0.89375 0.070703125 0.07890625
0 0.83515625 0.85625 0.08359375 0.072265625
0 0.821484375 0.900390625 0.058984375 0.072265625
0 0.775390625 0.898828125 0.059375 0.071875
0 0.7765625 0.83203125 0.05546875 0.08203125
0 0.73515625 0.80859375 0.050390625 0.084765625
0 0.7 0.79921875 0.05546875 0.0921875
0 0.4703125 0.861328125 0.070703125 0.061328125
0 0.45390625 0.899609375 0.07265625 0.06015625
0 0.508984375 0.890625 0.0515625 0.073046875
0 0.5453125 0.8953125 0.050390625 0.077734375
0 0.56953125 0.85 0.056640625 0.08046875
0 0.6015625 0.81484375 0.078515625 0.06015625
0 0.657421875 0.815234375 0.04140625 0.06328125
0 0.736328125 0.891015625 0.054296875 0.08828125
0 0.596875 0.904296875 0.064453125 0.051171875
0 0.61640625 0.8703125 0.06171875 0.055078125
0 0.641015625 0.891015625 0.048046875 0.078125
0 0.66796875 0.886328125 0.03203125 0.067578125
0 0.6953125 0.844140625 0.068359375 0.02890625
0 0.7015625 0.886328125 0.0453125 0.066796875
0 0.612109375 0.5484375 0.08359375 0.08203125
0 0.88515625 0.42265625 0.084765625 0.069921875
0 0.816015625 0.483984375 0.08125 0.0625
0 0.949609375 0.356640625 0.0875 0.09921875
0 0.976171875 0.102734375 0.04765625 0.09453125
0 0.941796875 0.17109375 0.081640625 0.09375
0 0.732421875 0.112109375 0.09140625 0.077734375
0 0.627734375 0.108203125 0.094921875 0.080078125
0 0.4703125 0.14453125 0.07265625 0.097265625
0 0.54375 0.12109375 0.063671875 0.091796875
0 0.316796875 0.07578125 0.059375 0.07734375
0 0.242578125 0.07265625 0.0640625 0.05234375
0 0.3140625 0.144140625 0.067578125 0.09609375
0 0.24296875 0.16171875 0.069140625 0.09375
0 0.275 0.115625 0.048046875 0.087109375
0 0.23046875 0.122265625 0.046484375 0.08203125
0 0.19296875 0.109375 0.05234375 0.090625
0 0.18046875 0.071484375 0.07890625 0.0625
0 0.13203125 0.066796875 0.0421875 0.05390625
0 0.12578125 0.114453125 0.064453125 0.046875
0 0.096875 0.145703125 0.068359375 0.090234375
0 0.0578125 0.121484375 0.046875 0.07734375
0 0.089453125 0.070703125 0.0578125 0.048828125
0 0.0359375 0.091796875 0.06328125 0.0796875
0 0.01171875 0.072265625 0.0234375 0.04921875