0 0.307421875 0.858984375 0.064453125 0.061328125
0 0.184765625 0.795703125 0.0875 0.06640625
0 0.350390625 0.77578125 0.067578125 0.05390625
0 0.628515625 0.76953125 0.064453125 0.058984375
0 0.84375 0.684375 0.08828125 0.057421875
0 0.916796875 0.68203125 0.063671875 0.072265625
0 0.79453125 0.578515625 0.0703125 0.07734375
0 0.7328125 0.6421875 0.07109375 0.072265625
0 0.67421875 0.653125 0.080078125 0.053125
0 0.409765625 0.603515625 0.094140625 0.073828125
0 0.3453125 0.534765625 0.079296875 0.04921875
0 0.44375 0.517578125 0.083984375 0.0484375
0 0.48359375 0.534765625 0.04765625 0.086328125
0 0.160546875 0.48046875 0.067578125 0.06953125
0 0.09296875 0.550390625 0.08515625 0.074609375
0 0.025390625 0.54609375 0.050390625 0.08203125
0 0.976953125 0.498828125 0.04609375 0.04296875
0 0.94609375 0.451171875 0.083984375 0.04765625
0 0.642578125 0.55078125 0.0765625 0.058984375
0 0.58359375 0.5265625 0.050390625 0.075390625
0 0.11953125 0.3953125 0.0875 0.04921875
0 0.019140625 0.377734375 0.03828125 0.05390625
0 0.305859375 0.27734375 0.067578125 0.057421875
0 0.637890625 0.337109375 0.07109375 0.060546875
0 0.86640625 0.29296875 0.069140625 0.091015625
0 0.5953125 0.385546875 0.064453125 0.072265625
0 0.579296875 0.446484375 0.083203125 0.05078125