0 0.88984375 0.120703125 0.076953125 0.063671875
0 0.78671875 0.132421875 0.06171875 0.0796875
0 0.575390625 0.20390625 0.076171875 0.074609375
0 0.798828125 0.357421875 0.076171875 0.058984375
0 0.940234375 0.24765625 0.084375 0.065234375
0 0.949609375 0.863671875 0.074609375 0.064453125
0 0.6625 0.871484375 0.07421875 0.063671875
0 0.8484375 0.8859375 0.06640625 0.06796875
0 0.777734375 0.872265625 0.082421875 0.06875
0 0.591015625 0.8234375 0.088671875 0.065625
0 0.38828125 0.816796875 0.06640625 0.08984375
0 0.422265625 0.8640625 0.061328125 0.074609375
0 0.46796875 0.857421875 0.048828125 0.08359375
0 0.500390625 0.8671875 0.05078125 0.083984375
0 0.537890625 0.88515625 0.08046875 0.070703125
0 0.581640625 0.88515625 0.05546875 0.075
0 0.61875 0.88671875 0.05703125 0.074609375
0 0.049609375 0.87265625 0.08125 0.091015625
0 0.03984375 0.752734375 0.0796875 0.05703125
0 0.33359375 0.49921875 0.081640625 0.056640625
0 0.15859375 0.574609375 0.089453125 0.058984375
0 0.0578125 0.303125 0.071484375 0.09609375
0 0.107421875 0.2671875 0.07890625 0.091015625
0 0.12265625 0.169921875 0.05625 0.083203125
0 0.1375 0.2 0.075 0.076953125