0 0.973828125 0.875390625 0.04140625 0.075390625
0 0.494140625 0.501171875 0.058203125 0.084765625
0 0.76640625 0.631640625 0.054296875 0.067578125
0 0.7984375 0.662890625 0.05 0.080859375
0 0.662890625 0.74453125 0.070703125 0.067578125
0 0.703515625 0.8390625 0.0828125 0.078125
0 0.5765625 0.7546875 0.0578125 0.073046875
0 0.2875 0.5390625 0.05625 0.07421875
0 0.4625 0.591796875 0.070703125 0.06953125
0 0.5515625 0.629296875 0.062109375 0.076171875
0 0.492578125 0.66015625 0.07265625 0.049609375
0 0.36484375 0.865625 0.0875 0.078125
0 0.46015625 0.823046875 0.084375 0.079296875
0 0.58984375 0.866796875 0.07890625 0.09296875
0 0.787890625 0.90078125 0.070703125 0.0703125
0 0.207421875 0.883984375 0.066015625 0.060546875
0 0.45859375 0.9 0.07734375 0.05234375
0 0.231640625 0.5921875 0.073828125 0.055859375
0 0.190234375 0.67578125 0.05390625 0.061328125
0 0.153515625 0.69375 0.0640625 0.0484375
0 0.090625 0.68984375 0.0640625 0.037109375
0 0.112109375 0.862109375 0.046875 0.058984375
0 0.136328125 0.8859375 0.0546875 0.044140625
0 0.158203125 0.8375 0.052734375 0.068359375
0 0.1078125 0.80703125 0.044140625 0.0578125
0 0.0984375 0.722265625 0.04453125 0.06484375
0 0.1484375 0.75 0.050390625 0.04921875
0 0.122265625 0.73359375 0.050390625 0.044140625
0 0.10625 0.76484375 0.041796875 0.033203125
0 0.1546875 0.788671875 0.0453125 0.06328125
0 0.125390625 0.792578125 0.03125 0.04609375
0 0.092578125 0.65703125 0.0546875 0.03984375
0 0.10546875 0.635546875 0.058203125 0.048828125
0 0.093359375 0.601953125 0.066796875 0.028125
0 0.102734375 0.583203125 0.09140625 0.03515625
0 0.192578125 0.30703125 0.05546875 0.073046875
0 0.08125 0.35625 0.05 0.0703125
0 0.131640625 0.331640625 0.06640625 0.048828125
0 0.26328125 0.322265625 0.069140625 0.0734375
0 0.217578125 0.3609375 0.0703125 0.059375
0 0.142578125 0.42421875 0.065625 0.0546875
0 0.1953125 0.43828125 0.078515625 0.065625
0 0.425390625 0.504296875 0.06015625 0.077734375
0 0.516015625 0.36875 0.067578125 0.046875
0 0.540625 0.408203125 0.053125 0.074609375
0 0.163671875 0.4625 0.076171875 0.0421875
0 0.098828125 0.447265625 0.069140625 0.041015625
0 0.08125 0.478125 0.058203125 0.03359375
0 0.076171875 0.521875 0.046875 0.058203125
0 0.119921875 0.49765625 0.0375 0.06640625
0 0.095703125 0.547265625 0.043359375 0.041015625
0 0.1734375 0.507421875 0.059765625 0.062890625
0 0.14296875 0.551171875 0.059765625 0.045703125
0 0.071484375 0.240625 0.052734375 0.0453125
0 0.096484375 0.296484375 0.0671875 0.044140625
0 0.079296875 0.3125 0.03828125 0.036328125
0 0.0875 0.271484375 0.057421875 0.029296875
0 0.137890625 0.275390625 0.059375 0.042578125
0 0.11875 0.23515625 0.05390625 0.041796875
0 0.358984375 0.1890625 0.05703125 0.06015625
0 0.0828125 0.187890625 0.0359375 0.0609375
0 0.114453125 0.18515625 0.051953125 0.053515625
0 0.924609375 0.866796875 0.05703125 0.065234375
0 0.719140625 0.763671875 0.078125 0.057421875
0 0.813671875 0.42109375 0.05234375 0.07265625
0 0.937109375 0.251171875 0.06015625 0.0640625
0 0.94765625 0.112109375 0.052734375 0.064453125
0 0.951171875 0.171484375 0.04765625 0.078125
0 0.668359375 0.07265625 0.061328125 0.051953125
0 0.71484375 0.066796875 0.050390625 0.06953125
0 0.788671875 0.056640625 0.065625 0.042578125
0 0.844921875 0.14921875 0.065234375 0.084765625
0 0.634765625 0.22421875 0.058984375 0.067578125
0 0.66015625 0.169921875 0.05234375 0.065625
0 0.575 0.0875 0.07890625 0.053515625
0 0.609375 0.10390625 0.06796875 0.046484375
0 0.6296875 0.128125 0.05078125 0.055859375
0 0.411328125 0.17421875 0.04921875 0.08359375
0 0.455078125 0.158203125 0.069140625 0.05703125
0 0.49453125 0.047265625 0.039453125 0.051171875
0 0.4734375 0.092578125 0.0453125 0.064453125
0 0.509765625 0.08984375 0.0484375 0.0453125
0 0.544921875 0.06484375 0.05703125 0.0578125
0 0.53359375 0.042578125 0.040234375 0.03828125
0 0.517578125 0.146875 0.059765625 0.069140625
0 0.558203125 0.125 0.058203125 0.050390625
0 0.789453125 0.0953125 0.076953125 0.054296875
0 0.428515625 0.056640625 0.035546875 0.0328125
0 0.477734375 0.057421875 0.03984375 0.0359375
0 0.446875 0.068359375 0.03671875 0.071875
0 0.46875 0.12109375 0.0546875 0.058203125
0 0.4109375 0.124609375 0.051953125 0.037890625
0 0.430078125 0.087890625 0.0296875 0.03828125
0 0.388671875 0.057421875 0.050390625 0.0421875
0 0.39609375 0.083984375 0.04296875 0.03984375
0 0.36875 0.10546875 0.0421875 0.0515625
0 0.346484375 0.063671875 0.036328125 0.04453125
0 0.326953125 0.110546875 0.058203125 0.05078125
0 0.26875 0.060546875 0.0484375 0.03046875
0 0.31484375 0.058984375 0.04453125 0.04375
0 0.3 0.1296875 0.066796875 0.058203125
0 0.2703125 0.08671875 0.05546875 0.027734375
0 0.2359375 0.06875 0.04609375 0.0515625
0 0.208203125 0.065234375 0.0421875 0.026171875
0 0.2859375 0.16796875 0.0671875 0.05390625
0 0.09765625 0.08671875 0.054296875 0.04296875
0 0.159765625 0.128125 0.035546875 0.052734375
0 0.181640625 0.161328125 0.051953125 0.052734375
0 0.159375 0.183984375 0.04765625 0.05546875
0 0.215234375 0.167578125 0.04375 0.053515625
0 0.246875 0.165234375 0.0421875 0.04921875
0 0.2328125 0.11640625 0.039453125 0.044921875
0 0.137109375 0.209375 0.002734375 0.00078125
0 0.205078125 0.134765625 0.04921875 0.028515625
0 0.118359375 0.13359375 0.039453125 0.0265625
0 0.148828125 0.101171875 0.044140625 0.040625
0 0.203125 0.0984375 0.031640625 0.025390625
0 0.181640625 0.103125 0.0265625 0.033203125
0 0.17890625 0.076171875 0.030859375 0.0234375
0 0.09921875 0.112890625 0.04765625 0.032421875
0 0.086328125 0.14375 0.027734375 0.02890625
0 0.10390625 0.15234375 0.02421875 0.0203125
0 0.13046875 0.152734375 0.0265625 0.022265625
0 0.134765625 0.08046875 0.027734375 0.02578125