0 0.571875 0.88203125 0.08125 0.0859375
0 0.809375 0.8625 0.0515625 0.078125
0 0.959765625 0.86640625 0.05859375 0.0671875
0 0.73515625 0.66875 0.0515625 0.078125
0 0.77890625 0.678125 0.0578125 0.078125
0 0.89921875 0.55625 0.0828125 0.053125
0 0.994921875 0.473046875 0.01015625 0.01640625
0 0.826953125 0.3828125 0.07421875 0.0609375
0 0.13984375 0.87890625 0.046875 0.0546875
0 0.280078125 0.78125 0.06796875 0.0625
0 0.221875 0.77421875 0.065625 0.0609375
0 0.8625 0.30078125 0.0765625 0.0484375
0 0.8328125 0.2578125 0.0421875 0.0765625
0 0.8875 0.26953125 0.059375 0.0546875
0 0.36875 0.20859375 0.0859375 0.0515625
0 0.44140625 0.673828125 0.0625 0.07421875
0 0.105078125 0.101953125 0.04765625 0.03203125
0 0.136328125 0.090234375 0.04765625 0.04921875
0 0.17421875 0.107421875 0.040625 0.07265625
0 0.208984375 0.094140625 0.04140625 0.07109375
0 0.24296875 0.076171875 0.0359375 0.05390625
0 0.27578125 0.073046875 0.0375 0.06796875
0 0.303515625 0.075 0.03984375 0.0703125
0 0.234375 0.13828125 0.053125 0.0671875
0 0.25859375 0.11640625 0.0546875 0.059375
0 0.2703125 0.1796875 0.078125 0.05
0 0.289453125 0.1359375 0.05546875 0.0515625
0 0.333984375 0.151171875 0.05234375 0.07578125
0 0.384375 0.14375 0.0515625 0.078125
0 0.344921875 0.09765625 0.05703125 0.0765625
0 0.3703125 0.073828125 0.06875 0.07421875
0 0.4484375 0.119140625 0.1 0.05546875
0 0.412109375 0.068359375 0.05078125 0.05390625
0 0.463671875 0.07109375 0.07109375 0.0609375
0 0.501171875 0.112890625 0.07578125 0.05234375
0 0.53828125 0.07109375 0.0703125 0.0546875
0 0.573828125 0.087890625 0.05703125 0.05390625
0 0.476953125 0.170703125 0.08046875 0.06171875
0 0.55234375 0.136328125 0.0546875 0.06953125
0 0.603515625 0.12421875 0.07265625 0.0515625
0 0.5953125 0.0671875 0.0453125 0.0640625
0 0.63359375 0.08203125 0.04375 0.0828125
0 0.671484375 0.07734375 0.03984375 0.0796875
0 0.710546875 0.06484375 0.05390625 0.0671875
0 0.71796875 0.09609375 0.05625 0.0515625
0 0.10390625 0.141796875 0.0515625 0.05859375
0 0.090625 0.1875 0.0453125 0.065625
0 0.137109375 0.184765625 0.05234375 0.05234375
0 0.1125 0.21875 0.0375 0.0578125
0 0.091796875 0.2390625 0.04296875 0.04375
0 0.144921875 0.228125 0.04453125 0.0625
0 0.1765625 0.235546875 0.0453125 0.07109375
0 0.216796875 0.230078125 0.04921875 0.06328125
0 0.249609375 0.258203125 0.05234375 0.07421875
0 0.286328125 0.246875 0.06484375 0.078125
0 0.08125 0.275 0.040625 0.046875
0 0.112109375 0.27421875 0.03671875 0.0453125
0 0.15234375 0.28203125 0.0578125 0.0640625
0 0.21171875 0.2828125 0.0546875 0.059375
0 0.26796875 0.3125 0.059375 0.071875
0 0.29375 0.344140625 0.0515625 0.07578125
0 0.3296875 0.351953125 0.05 0.07109375
0 0.363671875 0.2875 0.06171875 0.0796875
0 0.7671875 0.3109375 0.059375 0.0640625
0 0.437890625 0.2578125 0.06328125 0.0640625
0 0.1125 0.8296875 0.040625 0.0546875
0 0.1328125 0.80703125 0.0640625 0.0484375
0 0.105078125 0.787109375 0.05078125 0.04453125
0 0.1453125 0.764453125 0.0703125 0.03828125
0 0.10234375 0.7484375 0.0484375 0.04375
0 0.090234375 0.727734375 0.03359375 0.04609375
0 0.151171875 0.736328125 0.05078125 0.05234375
0 0.77265625 0.0703125 0.0375 0.059375
0 0.808984375 0.055859375 0.03984375 0.04765625
0 0.84921875 0.053125 0.0390625 0.0484375
0 0.883984375 0.05625 0.03359375 0.05
0 0.9171875 0.061328125 0.040625 0.06328125
0 0.76796875 0.122265625 0.046875 0.06796875
0 0.491796875 0.201953125 0.04765625 0.07109375
0 0.544140625 0.186328125 0.07109375 0.04609375
0 0.53125 0.23359375 0.0515625 0.0625
0 0.569921875 0.238671875 0.03515625 0.07734375
0 0.603515625 0.2140625 0.04609375 0.078125
0 0.626953125 0.18125 0.04765625 0.075
0 0.668359375 0.17421875 0.03671875 0.0734375
0 0.703125 0.148046875 0.0515625 0.07109375
0 0.7421875 0.1421875 0.0359375 0.0734375
0 0.80546875 0.096875 0.046875 0.05625
0 0.853515625 0.098828125 0.05078125 0.04765625
0 0.958203125 0.0578125 0.06484375 0.05
0 0.989453125 0.04453125 0.02109375 0.0328125
0 0.992578125 0.082421875 0.01484375 0.04296875
0 0.969921875 0.093359375 0.03671875 0.04765625
0 0.80234375 0.142578125 0.0359375 0.05859375
0 0.83671875 0.147265625 0.0375 0.05078125
0 0.875390625 0.123828125 0.03671875 0.07890625
0 0.9109375 0.109375 0.0515625 0.0453125
0 0.9515625 0.103515625 0.0421875 0.04921875
0 0.962890625 0.146875 0.03515625 0.046875
0 0.983984375 0.123828125 0.03203125 0.06328125
0 0.982421875 0.1875 0.03515625 0.05625
0 0.9890625 0.251953125 0.021875 0.06796875
0 0.94453125 0.175390625 0.0421875 0.05859375
0 0.91640625 0.14296875 0.0578125 0.0390625
0 0.88984375 0.176171875 0.071875 0.05078125
0 0.908203125 0.2296875 0.03671875 0.08125
0 0.945703125 0.236328125 0.06171875 0.07421875
0 0.9703125 0.253125 0.04375 0.06875
0 0.78359375 0.259375 0.0640625 0.0515625
0 0.8359375 0.18828125 0.05 0.0546875
0 0.804296875 0.20625 0.05859375 0.0546875
0 0.769921875 0.1703125 0.07890625 0.05
0 0.759765625 0.21796875 0.05078125 0.0703125
0 0.725 0.1859375 0.0453125 0.0640625
0 0.678125 0.208984375 0.05625 0.04921875
0 0.7203125 0.2453125 0.0453125 0.06875
0 0.668359375 0.247265625 0.05234375 0.05546875
0 0.70390625 0.31015625 0.059375 0.0734375
0 0.710546875 0.273046875 0.04453125 0.06015625
0 0.627734375 0.251171875 0.03984375 0.08046875
0 0.657421875 0.284765625 0.05859375 0.05234375
0 0.663671875 0.326953125 0.04921875 0.05234375
0 0.625 0.32109375 0.05 0.0546875
0 0.66875 0.3796875 0.05625 0.065625
0 0.623828125 0.373046875 0.04765625 0.07734375
0 0.591015625 0.35703125 0.04921875 0.0609375
0 0.555078125 0.286328125 0.07578125 0.04921875
0 0.59765625 0.27265625 0.0421875 0.06875
0 0.49296875 0.268359375 0.0578125 0.06171875
0 0.46171875 0.316796875 0.0421875 0.06015625
0 0.50546875 0.307421875 0.0578125 0.05234375
0 0.55703125 0.32734375 0.0625 0.0484375
0 0.619140625 0.42734375 0.05078125 0.071875
0 0.5828125 0.42265625 0.0421875 0.08125
0 0.559375 0.479296875 0.053125 0.07578125
0 0.3984375 0.314453125 0.0703125 0.04609375
0 0.53671875 0.364453125 0.0546875 0.06171875
0 0.488671875 0.349609375 0.05703125 0.04765625
0 0.525 0.394140625 0.0734375 0.04453125
0 0.5390625 0.425390625 0.053125 0.04765625
0 0.521875 0.49921875 0.046875 0.0625
0 0.47890625 0.53671875 0.071875 0.0578125
0 0.519140625 0.4453125 0.07421875 0.053125
0 0.474609375 0.384765625 0.05390625 0.06171875
0 0.428125 0.354296875 0.0703125 0.05859375
0 0.440625 0.378515625 0.0671875 0.04765625
0 0.396484375 0.419140625 0.07265625 0.06171875
0 0.408203125 0.46015625 0.07109375 0.0453125
0 0.45703125 0.423046875 0.05 0.05234375
0 0.47890625 0.42578125 0.0484375 0.0609375
0 0.463671875 0.46640625 0.05390625 0.059375
0 0.484765625 0.48984375 0.04140625 0.053125
0 0.427734375 0.503125 0.07109375 0.0546875
0 0.372265625 0.35703125 0.05078125 0.0546875
0 0.359765625 0.403125 0.06015625 0.0609375
0 0.342578125 0.428125 0.06640625 0.059375
0 0.28828125 0.403515625 0.06875 0.06015625
0 0.0734375 0.315234375 0.040625 0.04765625
0 0.1125 0.312109375 0.0546875 0.04296875
0 0.16328125 0.323046875 0.0609375 0.07109375
0 0.20078125 0.35390625 0.059375 0.05625
0 0.24765625 0.373046875 0.05625 0.06484375
0 0.240234375 0.434375 0.06953125 0.0578125
0 0.315234375 0.464453125 0.07109375 0.05546875
0 0.3703125 0.50390625 0.059375 0.0734375
0 0.33984375 0.533984375 0.0515625 0.05859375
0 0.282421875 0.483203125 0.06640625 0.04453125
0 0.304296875 0.5171875 0.06953125 0.0453125
0 0.263671875 0.52890625 0.06640625 0.0515625
0 0.2296875 0.48359375 0.06875 0.05
0 0.078125 0.348046875 0.0390625 0.04296875
0 0.1140625 0.349609375 0.0609375 0.03984375
0 0.075 0.383203125 0.0390625 0.03984375
0 0.1234375 0.3828125 0.059375 0.0453125
0 0.184375 0.37734375 0.08125 0.0546875
0 0.17734375 0.4171875 0.059375 0.0421875
0 0.1390625 0.41328125 0.0421875 0.0484375
0 0.106640625 0.4125 0.04453125 0.05
0 0.06953125 0.415625 0.05 0.0453125
0 0.39765625 0.61796875 0.059375 0.075
0 0.348828125 0.620703125 0.06953125 0.06640625
0 0.3390625 0.726953125 0.06875 0.06796875
0 0.35859375 0.683203125 0.103125 0.07734375
0 0.299609375 0.720703125 0.04140625 0.04765625
0 0.269921875 0.715234375 0.05859375 0.07578125
0 0.239453125 0.711328125 0.04765625 0.06796875
0 0.269140625 0.65234375 0.05703125 0.05625
0 0.29609375 0.680859375 0.053125 0.05703125
0 0.308984375 0.630078125 0.06015625 0.04453125
0 0.30625 0.59140625 0.0796875 0.046875
0 0.2265625 0.644140625 0.05 0.04921875
0 0.251953125 0.605859375 0.06953125 0.05390625
0 0.235546875 0.5609375 0.08515625 0.0671875
0 0.2203125 0.5265625 0.0578125 0.05
0 0.2015625 0.6109375 0.071875 0.05
0 0.171875 0.619921875 0.0640625 0.05546875
0 0.17890625 0.567578125 0.0578125 0.06796875
0 0.169140625 0.532421875 0.07578125 0.06171875
0 0.16484375 0.482421875 0.0671875 0.04921875
0 0.153125 0.453125 0.05625 0.040625
0 0.108203125 0.446484375 0.04609375 0.03671875
0 0.0734375 0.455078125 0.04375 0.04140625
0 0.074609375 0.50625 0.04296875 0.059375
0 0.112890625 0.4921875 0.04921875 0.04375
0 0.1125 0.522265625 0.05 0.04609375
0 0.081640625 0.559375 0.04609375 0.0546875
0 0.114453125 0.569921875 0.04921875 0.06640625
0 0.137890625 0.571484375 0.03828125 0.03828125
0 0.092578125 0.61875 0.05078125 0.0421875
0 0.116015625 0.64453125 0.05234375 0.059375
0 0.080078125 0.661328125 0.03515625 0.05390625
0 0.10546875 0.70078125 0.0625 0.046875
0 0.142578125 0.66953125 0.04296875 0.0765625
0 0.171875 0.66484375 0.059375 0.0453125
0 0.1703125 0.7125 0.0546875 0.05625
0 0.209375 0.6890625 0.0515625 0.065625