0 0.657421875 0.72109375 0.073046875 0.05859375
0 0.65859375 0.76640625 0.075 0.05859375
0 0.30078125 0.675 0.080859375 0.0625
0 0.369921875 0.759375 0.054296875 0.076953125
0 0.4515625 0.85390625 0.074609375 0.0609375
0 0.296484375 0.869921875 0.08203125 0.05234375
0 0.38203125 0.808984375 0.0734375 0.058203125
0 0.21875 0.7796875 0.07421875 0.099609375
0 0.183984375 0.630859375 0.065625 0.09140625
0 0.03359375 0.843359375 0.04921875 0.061328125
0 0.08125 0.841015625 0.0546875 0.05546875
0 0.119921875 0.816015625 0.088671875 0.040234375
0 0.063671875 0.770703125 0.055078125 0.08515625
0 0.0359375 0.748046875 0.04921875 0.064453125
0 0.0328125 0.798828125 0.045703125 0.033984375
0 0.112109375 0.770703125 0.0765625 0.054296875
0 0.078515625 0.69453125 0.06875 0.073046875
0 0.12109375 0.7125 0.07734375 0.053125
0 0.22578125 0.56171875 0.076171875 0.06015625
0 0.300390625 0.521484375 0.07109375 0.06484375
0 0.250390625 0.437109375 0.073828125 0.08203125
0 0.069921875 0.444921875 0.06484375 0.073828125
0 0.355078125 0.442578125 0.055078125 0.091796875