0 0.04609375 0.58046875 0.0921875 0.06875
0 0.0484375 0.259765625 0.091015625 0.06875
0 0.034375 0.078515625 0.066796875 0.05234375
0 0.476171875 0.28359375 0.0859375 0.076171875
0 0.841015625 0.584375 0.053125 0.083203125
0 0.891796875 0.630078125 0.08046875 0.062890625
0 0.50078125 0.165625 0.050390625 0.08515625
0 0.4578125 0.15234375 0.059375 0.078515625
0 0.6390625 0.05703125 0.05703125 0.094140625
0 0.855859375 0.069140625 0.064453125 0.073046875
0 0.95546875 0.171484375 0.088671875 0.062109375
0 0.444921875 0.901953125 0.067578125 0.055859375
0 0.400390625 0.903125 0.0546875 0.041015625
0 0.434765625 0.875 0.040234375 0.069140625
0 0.3984375 0.86640625 0.055078125 0.083984375
0 0.214453125 0.877734375 0.0375 0.066796875
0 0.181640625 0.887890625 0.041796875 0.0671875
0 0.128125 0.909765625 0.07109375 0.07734375
0 0.099609375 0.9125 0.04765625 0.079296875
0 0.056640625 0.921875 0.044140625 0.080078125
0 0.01640625 0.904296875 0.0328125 0.0546875
0 0.041015625 0.855078125 0.08203125 0.05703125
0 0.0234375 0.819921875 0.046875 0.0625