0 0.988671875 0.101953125 0.02265625 0.05859375
0 0.9765625 0.13671875 0.046875 0.05
0 0.965234375 0.08984375 0.050390625 0.0640625
0 0.926953125 0.098046875 0.062109375 0.062109375
0 0.930078125 0.159375 0.05859375 0.08046875
0 0.88671875 0.13046875 0.073828125 0.05390625
0 0.790625 0.142578125 0.080078125 0.059765625
0 0.519140625 0.112890625 0.075390625 0.056640625
0 0.615625 0.18125 0.051171875 0.068359375
0 0.7140625 0.218359375 0.083984375 0.0578125
0 0.96640625 0.239453125 0.0671875 0.05859375
0 0.919921875 0.284375 0.05703125 0.075390625
0 0.7640625 0.41015625 0.059375 0.064453125
0 0.82421875 0.4109375 0.05703125 0.082421875
0 0.77734375 0.3203125 0.0640625 0.053515625
0 0.6875 0.28515625 0.0609375 0.075390625
0 0.57578125 0.27421875 0.048046875 0.086328125
0 0.57421875 0.3625 0.054296875 0.074609375
0 0.607421875 0.447265625 0.047265625 0.076171875
0 0.6421875 0.46796875 0.05234375 0.08359375
0 0.640625 0.411328125 0.069140625 0.061328125
0 0.260546875 0.1046875 0.0796875 0.0671875
0 0.323828125 0.148046875 0.086328125 0.055078125
0 0.22109375 0.16875 0.06875 0.056640625
0 0.3828125 0.2125 0.061328125 0.07109375
0 0.184375 0.20078125 0.100390625 0.06171875
0 0.225 0.387890625 0.069140625 0.077734375
0 0.3421875 0.40859375 0.07265625 0.046484375
0 0.368359375 0.44375 0.073828125 0.065625
0 0.446875 0.374609375 0.05546875 0.071875
0 0.35703125 0.339453125 0.089453125 0.05078125
0 0.32109375 0.2609375 0.052734375 0.0765625
0 0.298828125 0.57109375 0.078125 0.0515625
0 0.190625 0.648046875 0.073828125 0.065234375
0 0.2609375 0.7296875 0.0515625 0.09140625
0 0.32578125 0.637890625 0.062890625 0.073046875
0 0.385546875 0.600390625 0.073046875 0.0578125
0 0.4796875 0.58515625 0.041796875 0.082421875
0 0.53671875 0.587109375 0.05390625 0.05703125
0 0.5703125 0.54140625 0.049609375 0.08203125
0 0.910546875 0.5171875 0.09140625 0.047265625
0 0.881640625 0.633984375 0.062890625 0.071875
0 0.960546875 0.75 0.078515625 0.07890625
0 0.875390625 0.759765625 0.05703125 0.089453125
0 0.783984375 0.635546875 0.051953125 0.077734375
0 0.67734375 0.66171875 0.072265625 0.056640625
0 0.734765625 0.734765625 0.0671875 0.063671875
0 0.591796875 0.775 0.051953125 0.079296875
0 0.533984375 0.704296875 0.05 0.083984375
0 0.516015625 0.784375 0.071484375 0.05546875
0 0.489453125 0.8421875 0.05 0.07734375
0 0.559375 0.869921875 0.076171875 0.06484375
0 0.062890625 0.6625 0.072265625 0.053125
0 0.054296875 0.737109375 0.075 0.06875
0 0.01953125 0.803515625 0.0390625 0.07890625
0 0.091796875 0.488671875 0.07578125 0.05859375
0 0.115625 0.421484375 0.05859375 0.068359375
0 0.027734375 0.438671875 0.05546875 0.066015625
0 0.03671875 0.504296875 0.0734375 0.04921875
0 0.067578125 0.21015625 0.05390625 0.080859375
0 0.028125 0.2078125 0.05625 0.076171875
0 0.05234375 0.121875 0.066015625 0.0625
0 0.017578125 0.093359375 0.03515625 0.04921875