0 0.192578125 0.835546875 0.06484375 0.0734375
0 0.080078125 0.811328125 0.06484375 0.080859375
0 0.024609375 0.755078125 0.04921875 0.06015625
0 0.02109375 0.799609375 0.041796875 0.057421875
0 0.0453125 0.707421875 0.065234375 0.06640625
0 0.102734375 0.72421875 0.06484375 0.060546875
0 0.172265625 0.723828125 0.085546875 0.048046875
0 0.21640625 0.696875 0.08515625 0.061328125
0 0.16015625 0.630859375 0.075 0.059375
0 0.126953125 0.662109375 0.09140625 0.048046875
0 0.11796875 0.619921875 0.06484375 0.05625
0 0.03828125 0.644140625 0.071875 0.06953125
0 0.016015625 0.6171875 0.031640625 0.05234375
0 0.026171875 0.55859375 0.05234375 0.084375
0 0.323828125 0.841015625 0.05859375 0.06875
0 0.3265625 0.877734375 0.06796875 0.063671875
0 0.372265625 0.794921875 0.071875 0.0515625
0 0.3828125 0.82734375 0.053515625 0.05859375
0 0.373828125 0.876171875 0.058984375 0.060546875
0 0.409375 0.87109375 0.046484375 0.06328125
0 0.4296875 0.8171875 0.05390625 0.06171875
0 0.444921875 0.873046875 0.06015625 0.0671875
0 0.45859375 0.84453125 0.040625 0.054296875
0 0.494921875 0.86015625 0.044921875 0.074609375
0 0.498046875 0.7953125 0.046484375 0.085546875
0 0.531640625 0.82890625 0.05 0.064453125
0 0.540625 0.873828125 0.0578125 0.053515625
0 0.58828125 0.878515625 0.06015625 0.059375
0 0.584765625 0.8359375 0.07109375 0.058203125
0 0.635546875 0.861328125 0.075 0.05546875
0 0.692578125 0.85625 0.05390625 0.07734375
0 0.7625 0.807421875 0.055859375 0.0671875
0 0.73203125 0.73125 0.0671875 0.111328125
0 0.612890625 0.75078125 0.066015625 0.0703125
0 0.663671875 0.757421875 0.06171875 0.074609375
0 0.6671875 0.69140625 0.0546875 0.07734375
0 0.47890625 0.68828125 0.06171875 0.070703125
0 0.50859375 0.6125 0.05859375 0.07734375
0 0.43671875 0.521484375 0.056640625 0.07890625
0 0.833203125 0.60234375 0.072265625 0.06953125
0 0.877734375 0.675 0.065234375 0.096875
0 0.94453125 0.64921875 0.08046875 0.065625
0 0.9875 0.722265625 0.024609375 0.051171875
0 0.91640625 0.752734375 0.0640625 0.081640625
0 0.986328125 0.801953125 0.02734375 0.06484375
0 0.954296875 0.856640625 0.05859375 0.0890625
0 0.978515625 0.874609375 0.04296875 0.06328125
0 0.475390625 0.412109375 0.071875 0.053515625
0 0.523828125 0.353515625 0.086328125 0.05546875
0 0.717578125 0.291796875 0.06875 0.091796875
0 0.811328125 0.351953125 0.053515625 0.071484375
0 0.9921875 0.23203125 0.015625 0.05
0 0.762109375 0.200390625 0.048828125 0.09609375
0 0.88515625 0.225390625 0.080078125 0.067578125
0 0.98515625 0.12265625 0.0296875 0.08125
0 0.960546875 0.12109375 0.04375 0.078515625
0 0.88359375 0.1890625 0.076953125 0.068359375
0 0.85703125 0.164453125 0.076171875 0.058203125
0 0.912109375 0.141015625 0.0703125 0.05
0 0.931640625 0.10234375 0.053515625 0.0421875
0 0.89140625 0.114453125 0.0609375 0.047265625
0 0.869921875 0.095703125 0.072265625 0.0328125
0 0.8390625 0.114453125 0.0515625 0.067578125
0 0.792578125 0.108203125 0.07421875 0.055078125
0 0.70546875 0.12109375 0.07734375 0.058203125
0 0.6484375 0.1421875 0.093359375 0.0734375
0 0.595703125 0.16953125 0.053515625 0.09375
0 0.559765625 0.262109375 0.052734375 0.065625
0 0.385546875 0.22578125 0.05859375 0.07578125
0 0.553515625 0.1140625 0.07421875 0.058203125
0 0.56171875 0.20234375 0.073046875 0.05546875
0 0.523828125 0.178125 0.059765625 0.09609375
0 0.482421875 0.11171875 0.076953125 0.080859375
0 0.440625 0.16484375 0.059765625 0.08359375
0 0.3859375 0.140625 0.073046875 0.065625
0 0.38046875 0.113671875 0.083984375 0.06328125
0 0.273828125 0.10703125 0.07890625 0.0765625
0 0.191015625 0.10859375 0.063671875 0.059375
0 0.17890625 0.157421875 0.06171875 0.059375
0 0.010546875 0.301171875 0.02109375 0.0421875
0 0.018359375 0.256640625 0.03671875 0.053515625
0 0.0265625 0.203125 0.053125 0.05625
0 0.008203125 0.157421875 0.01640625 0.065625
0 0.022265625 0.0953125 0.04453125 0.05625
0 0.023828125 0.149609375 0.034765625 0.06171875
0 0.04921875 0.181640625 0.055078125 0.077734375
0 0.102734375 0.17890625 0.0546875 0.07734375
0 0.069921875 0.106640625 0.05859375 0.088671875
0 0.1140625 0.096484375 0.05390625 0.070703125
0 0.122265625 0.139453125 0.062890625 0.048046875
0 0.009375 0.347265625 0.01875 0.03515625
0 0.059765625 0.36171875 0.06875 0.054296875
0 0.01171875 0.44765625 0.0234375 0.101953125
0 0.107421875 0.390625 0.075 0.08671875
0 0.130078125 0.423046875 0.075 0.053515625