0 0.1234375 0.78984375 0.046875 0.07734375
0 0.154296875 0.774609375 0.05625 0.06015625
0 0.176953125 0.8140625 0.055078125 0.060546875
0 0.208984375 0.8421875 0.064453125 0.069921875
0 0.120703125 0.850390625 0.063671875 0.063671875
0 0.12734375 0.882421875 0.06328125 0.04140625
0 0.203125 0.8921875 0.06640625 0.04453125
0 0.26171875 0.88671875 0.0609375 0.0578125
0 0.353515625 0.866796875 0.06953125 0.07578125
0 0.430859375 0.905078125 0.066015625 0.04921875
0 0.490234375 0.8921875 0.058984375 0.070703125
0 0.548046875 0.866796875 0.062890625 0.065625
0 0.50859375 0.8078125 0.05859375 0.081640625
0 0.4609375 0.871875 0.053515625 0.07109375
0 0.269921875 0.828125 0.06796875 0.0671875
0 0.310546875 0.73046875 0.069921875 0.075390625
0 0.365625 0.716796875 0.053515625 0.073828125
0 0.303515625 0.666015625 0.06328125 0.069921875
0 0.5140625 0.6078125 0.073828125 0.054296875
0 0.4046875 0.587109375 0.07578125 0.05
0 0.41484375 0.630078125 0.083203125 0.050390625
0 0.328515625 0.496484375 0.091015625 0.05703125
0 0.199609375 0.528125 0.073828125 0.06484375
0 0.111328125 0.523046875 0.06171875 0.063671875
0 0.09609375 0.59296875 0.0828125 0.0515625
0 0.09765625 0.631640625 0.06796875 0.058984375
0 0.098046875 0.732421875 0.086328125 0.04765625
0 0.09140625 0.69140625 0.053515625 0.051953125
0 0.1515625 0.714453125 0.066015625 0.083984375
0 0.122265625 0.670703125 0.0890625 0.06328125
0 0.5078125 0.49609375 0.06640625 0.060546875
0 0.461328125 0.4703125 0.065234375 0.076953125
0 0.15234375 0.440234375 0.06875 0.058203125
0 0.08359375 0.4640625 0.06484375 0.06796875
0 0.09921875 0.403515625 0.062109375 0.0515625
0 0.1375 0.386328125 0.06875 0.06328125
0 0.4796875 0.362890625 0.092578125 0.073828125
0 0.53046875 0.321875 0.05625 0.075
0 0.5015625 0.283203125 0.098828125 0.062109375
0 0.509375 0.248046875 0.11171875 0.0546875
0 0.539453125 0.209375 0.082421875 0.061328125
0 0.519140625 0.16640625 0.0734375 0.051171875
0 0.4265625 0.258203125 0.07578125 0.0765625
0 0.37421875 0.270703125 0.06328125 0.074609375
0 0.3390625 0.3328125 0.084765625 0.056640625
0 0.30859375 0.278125 0.08671875 0.06796875
0 0.237109375 0.306640625 0.079296875 0.069140625
0 0.18046875 0.30859375 0.0703125 0.068359375
0 0.1328125 0.2296875 0.069921875 0.0734375
0 0.093359375 0.21796875 0.040625 0.05390625
0 0.103515625 0.174609375 0.041796875 0.06328125
0 0.148046875 0.1703125 0.06953125 0.071484375
0 0.189453125 0.167578125 0.05703125 0.085546875
0 0.259765625 0.197265625 0.075 0.0765625
0 0.09765625 0.123828125 0.0375 0.076171875
0 0.131640625 0.103515625 0.05546875 0.064453125
0 0.16015625 0.09296875 0.05 0.056640625
0 0.210546875 0.08984375 0.075 0.054296875
0 0.24921875 0.0765625 0.072265625 0.059375
0 0.31796875 0.072265625 0.079296875 0.04609375
0 0.33984375 0.114453125 0.076953125 0.064453125
0 0.285546875 0.1421875 0.078515625 0.05234375
0 0.348046875 0.173828125 0.060546875 0.07890625
0 0.391796875 0.209765625 0.094140625 0.074609375
0 0.408203125 0.119921875 0.0734375 0.080078125
0 0.439453125 0.090625 0.0609375 0.087109375
0 0.486328125 0.066796875 0.076171875 0.08671875
0 0.53359375 0.070703125 0.06484375 0.071484375
0 0.973046875 0.078515625 0.048828125 0.083984375
0 0.993359375 0.07109375 0.01328125 0.072265625
0 0.933203125 0.20625 0.078515625 0.05703125
0 0.909765625 0.248828125 0.086328125 0.091015625
0 0.8203125 0.2640625 0.065625 0.085546875
0 0.581640625 0.291796875 0.067578125 0.060546875
0 0.723046875 0.214453125 0.06171875 0.061328125
0 0.61953125 0.171484375 0.05234375 0.079296875
0 0.58203125 0.114453125 0.071484375 0.086328125
0 0.628515625 0.0625 0.0734375 0.051953125
0 0.66484375 0.1109375 0.104296875 0.058203125
0 0.68125 0.163671875 0.094140625 0.062890625
0 0.741796875 0.10234375 0.05546875 0.084375
0 0.70546875 0.06328125 0.071484375 0.05859375
0 0.8203125 0.0765625 0.05625 0.075
0 0.886328125 0.062109375 0.075 0.055859375
0 0.911328125 0.10625 0.074609375 0.06953125
0 0.837109375 0.125390625 0.07265625 0.112109375
0 0.8296875 0.170703125 0.0828125 0.060546875
0 0.80234375 0.209375 0.060546875 0.069140625
0 0.819921875 0.40625 0.068359375 0.076953125
0 0.5875 0.457421875 0.062890625 0.077734375
0 0.561328125 0.6484375 0.081640625 0.0875
0 0.6765625 0.6328125 0.079296875 0.0703125
0 0.622265625 0.7609375 0.0671875 0.07734375
0 0.7578125 0.789453125 0.06484375 0.061328125
0 0.8578125 0.862890625 0.075390625 0.054296875
0 0.8390625 0.899609375 0.071484375 0.04921875
0 0.9 0.8875 0.07890625 0.09765625