0 0.026171875 0.516015625 0.05234375 0.065625
0 0.08984375 0.5859375 0.06328125 0.0515625
0 0.04453125 0.636328125 0.065234375 0.046875
0 0.229296875 0.641015625 0.063671875 0.070703125
0 0.103125 0.801953125 0.060546875 0.063671875
0 0.150390625 0.77890625 0.059375 0.06171875
0 0.230078125 0.75859375 0.05625 0.074609375
0 0.36328125 0.690234375 0.05625 0.06875
0 0.3390625 0.617578125 0.057421875 0.05859375
0 0.3859375 0.553515625 0.071484375 0.048828125
0 0.5953125 0.80546875 0.048046875 0.084375
0 0.6875 0.8609375 0.04609375 0.05703125
0 0.5890625 0.523828125 0.07421875 0.0515625
0 0.73046875 0.540625 0.061328125 0.065234375
0 0.766796875 0.634375 0.0671875 0.054296875
0 0.746484375 0.588671875 0.075 0.045703125
0 0.737890625 0.842578125 0.075 0.057421875
0 0.840625 0.813671875 0.06328125 0.072265625
0 0.851953125 0.647265625 0.053515625 0.0828125
0 0.900390625 0.6984375 0.092578125 0.054296875
0 0.98203125 0.710546875 0.0359375 0.07109375
0 0.96796875 0.638671875 0.063671875 0.053125
0 0.966015625 0.8671875 0.062109375 0.05234375