0 0.97890625 0.0625 0.0421875 0.039453125
0 0.977734375 0.097265625 0.04453125 0.04140625
0 0.987109375 0.079296875 0.02578125 0.03359375
0 0.97734375 0.146484375 0.0453125 0.06640625
0 0.979296875 0.191015625 0.04140625 0.067578125
0 0.934765625 0.150390625 0.059375 0.052734375
0 0.94375 0.10546875 0.054296875 0.054296875
0 0.95546875 0.0578125 0.052734375 0.046484375
0 0.912109375 0.05390625 0.051171875 0.046484375
0 0.909375 0.100390625 0.0390625 0.048046875
0 0.88515625 0.12734375 0.046484375 0.0515625
0 0.8828125 0.0734375 0.0328125 0.06015625
0 0.85390625 0.077734375 0.039453125 0.078125
0 0.85078125 0.14140625 0.053125 0.076171875
0 0.8875 0.17265625 0.065625 0.051171875
0 0.803515625 0.194140625 0.061328125 0.06171875
0 0.851953125 0.19453125 0.0453125 0.07890625
0 0.872265625 0.236328125 0.048046875 0.09453125
0 0.912109375 0.230859375 0.058984375 0.06953125
0 0.815234375 0.13359375 0.0546875 0.070703125
0 0.755078125 0.2 0.087109375 0.052734375
0 0.7734375 0.251953125 0.05625 0.069140625
0 0.834375 0.271484375 0.06328125 0.081640625
0 0.6703125 0.146484375 0.0484375 0.07265625
0 0.71640625 0.2359375 0.059765625 0.065234375
0 0.703125 0.28984375 0.071875 0.06640625
0 0.727734375 0.36796875 0.060546875 0.06015625
0 0.66875 0.4015625 0.065234375 0.069140625
0 0.821484375 0.0671875 0.052734375 0.06640625
0 0.766015625 0.071484375 0.037890625 0.053125
0 0.784375 0.066015625 0.04296875 0.0578125
0 0.737890625 0.08984375 0.047265625 0.0359375
0 0.7140625 0.1234375 0.0484375 0.040625
0 0.771875 0.124609375 0.044921875 0.044140625
0 0.734765625 0.153515625 0.05390625 0.0453125
0 0.77109375 0.1671875 0.056640625 0.041015625
0 0.690234375 0.105078125 0.045703125 0.03203125
0 0.69296875 0.08359375 0.051171875 0.035546875
0 0.699609375 0.06015625 0.099609375 0.044921875
0 0.676171875 0.071875 0.055078125 0.06328125
0 0.63828125 0.12578125 0.064453125 0.062890625
0 0.611328125 0.0671875 0.051953125 0.055859375
0 0.625390625 0.05390625 0.05078125 0.04453125
0 0.5671875 0.058203125 0.06171875 0.04609375
0 0.5734375 0.09765625 0.07578125 0.05
0 0.591015625 0.134765625 0.0703125 0.047265625
0 0.593359375 0.178125 0.0765625 0.054296875
0 0.646875 0.22578125 0.081640625 0.05703125
0 0.62734375 0.2640625 0.063671875 0.06796875
0 0.590625 0.228125 0.062890625 0.060546875
0 0.59296875 0.2796875 0.050390625 0.074609375
0 0.609375 0.3203125 0.072265625 0.0796875
0 0.5578125 0.30625 0.065625 0.059375
0 0.680078125 0.676171875 0.098828125 0.07109375
0 0.308203125 0.86953125 0.074609375 0.06875
0 0.4640625 0.905078125 0.075390625 0.0765625
0 0.89453125 0.753515625 0.047265625 0.08125
0 0.842578125 0.86640625 0.050390625 0.07734375
0 0.874609375 0.90625 0.070703125 0.058984375
0 0.922265625 0.875390625 0.052734375 0.084375
0 0.948046875 0.83203125 0.053515625 0.073828125
0 0.95703125 0.911328125 0.051953125 0.058984375
0 0.9703125 0.86328125 0.05234375 0.078125
0 0.9765625 0.9046875 0.046875 0.0609375
0 0.9890625 0.866015625 0.021875 0.049609375
0 0.239453125 0.75 0.075390625 0.080078125
0 0.256640625 0.654296875 0.087109375 0.098828125
0 0.329296875 0.502734375 0.082421875 0.055078125
0 0.240625 0.501171875 0.05625 0.074609375
0 0.165234375 0.480078125 0.073828125 0.06640625
0 0.157421875 0.53125 0.085546875 0.052734375
0 0.08515625 0.530078125 0.0890625 0.03984375
0 0.083984375 0.5640625 0.06328125 0.048046875
0 0.132421875 0.565625 0.069140625 0.059765625
0 0.127734375 0.624609375 0.050390625 0.074609375
0 0.17734375 0.621875 0.0765625 0.108203125
0 0.203515625 0.6375 0.05703125 0.0703125
0 0.176953125 0.690234375 0.0890625 0.05625
0 0.08359375 0.64765625 0.06171875 0.062890625
0 0.084765625 0.6 0.06953125 0.040234375
0 0.1 0.631640625 0.063671875 0.044921875
0 0.093359375 0.698046875 0.063671875 0.05078125
0 0.133203125 0.705859375 0.05234375 0.072265625
0 0.101953125 0.821484375 0.055078125 0.061328125
0 0.09453125 0.7890625 0.05859375 0.037109375
0 0.09921875 0.760546875 0.0578125 0.0453125
0 0.10234375 0.738671875 0.078515625 0.034765625
0 0.158203125 0.78515625 0.06640625 0.048828125
0 0.134375 0.75234375 0.055859375 0.03515625
0 0.12421875 0.8359375 0.061328125 0.060546875
0 0.144140625 0.834375 0.059375 0.053125
0 0.177734375 0.851171875 0.07890625 0.053125
0 0.173828125 0.890234375 0.0859375 0.05078125
0 0.11953125 0.881640625 0.061328125 0.042578125
0 0.10703125 0.49375 0.055859375 0.038671875
0 0.0875 0.465625 0.07421875 0.036328125
0 0.08984375 0.431640625 0.071875 0.05390625
0 0.2796875 0.44140625 0.09609375 0.0546875
0 0.34296875 0.385546875 0.080078125 0.062109375
0 0.345703125 0.442578125 0.0671875 0.069921875
0 0.348046875 0.33359375 0.081640625 0.05078125
0 0.3984375 0.407421875 0.063671875 0.060546875
0 0.44609375 0.374609375 0.055859375 0.08125
0 0.48984375 0.3328125 0.061328125 0.080859375
0 0.404296875 0.36328125 0.062890625 0.07109375
0 0.41484375 0.3125 0.073046875 0.073828125
0 0.455859375 0.286328125 0.06015625 0.065625
0 0.484765625 0.255078125 0.05859375 0.078125
0 0.53046875 0.253125 0.055078125 0.073828125
0 0.083203125 0.60703125 0.010546875 0.00234375
0 0.095703125 0.386328125 0.059765625 0.044921875
0 0.0828125 0.341796875 0.0453125 0.046875
0 0.10078125 0.318359375 0.066015625 0.0421875
0 0.0890625 0.296484375 0.06328125 0.039453125
0 0.163671875 0.29453125 0.064453125 0.06015625
0 0.13203125 0.395703125 0.048828125 0.06640625
0 0.12109375 0.357421875 0.040625 0.059375
0 0.25546875 0.41015625 0.051171875 0.06015625
0 0.1890625 0.331640625 0.083984375 0.03984375
0 0.183984375 0.330859375 0.079296875 0.047265625
0 0.248046875 0.32890625 0.083203125 0.054296875
0 0.159765625 0.359375 0.0609375 0.048046875
0 0.167578125 0.40703125 0.078125 0.053125
0 0.213671875 0.4359375 0.066796875 0.06953125
0 0.2046875 0.39140625 0.0578125 0.037109375
0 0.25703125 0.361328125 0.0734375 0.050390625
0 0.204296875 0.35234375 0.065234375 0.04765625
0 0.233984375 0.29453125 0.091015625 0.064453125
0 0.087890625 0.229296875 0.06171875 0.06171875
0 0.094140625 0.264453125 0.078125 0.048828125
0 0.128125 0.177734375 0.066015625 0.087109375
0 0.14921875 0.2421875 0.06640625 0.067578125
0 0.080859375 0.198828125 0.05859375 0.038671875
0 0.089453125 0.16875 0.05859375 0.040234375
0 0.096875 0.128515625 0.0453125 0.04765625
0 0.09921875 0.09765625 0.037109375 0.052734375
0 0.116015625 0.118359375 0.049609375 0.036328125
0 0.114453125 0.087109375 0.046484375 0.034375
0 0.1390625 0.092578125 0.04140625 0.07734375
0 0.15859375 0.09765625 0.052734375 0.08515625
0 0.187890625 0.08125 0.044921875 0.0546875
0 0.2328125 0.075390625 0.07578125 0.05859375
0 0.22734375 0.1234375 0.07578125 0.054296875
0 0.20234375 0.1609375 0.0640625 0.051953125
0 0.17578125 0.2078125 0.05703125 0.068359375
0 0.28984375 0.068359375 0.055078125 0.055078125
0 0.337890625 0.084375 0.054296875 0.09609375
0 0.284765625 0.108984375 0.06640625 0.0515625
0 0.292578125 0.153125 0.071484375 0.052734375
0 0.240625 0.20078125 0.076953125 0.05
0 0.210546875 0.221875 0.0703125 0.05078125
0 0.238671875 0.25078125 0.056640625 0.051953125
0 0.273046875 0.225390625 0.0796875 0.045703125
0 0.27734375 0.273046875 0.04609375 0.06015625
0 0.317578125 0.280859375 0.073046875 0.054296875
0 0.315625 0.19296875 0.06328125 0.0609375
0 0.32109375 0.2515625 0.053515625 0.05390625
0 0.36171875 0.220703125 0.060546875 0.062890625
0 0.376953125 0.2703125 0.06875 0.06171875
0 0.403125 0.253125 0.058984375 0.063671875
0 0.35078125 0.165234375 0.055859375 0.057421875
0 0.444140625 0.23359375 0.062109375 0.06015625
0 0.402734375 0.071484375 0.0765625 0.061328125
0 0.365234375 0.11953125 0.06484375 0.06484375
0 0.392578125 0.133203125 0.060546875 0.08125
0 0.390625 0.203125 0.06171875 0.065625
0 0.458203125 0.137890625 0.076171875 0.05390625
0 0.440625 0.164453125 0.066796875 0.081640625
0 0.45859375 0.197265625 0.069140625 0.053125
0 0.46171875 0.07734375 0.058984375 0.073828125
0 0.48046875 0.11015625 0.05390625 0.07734375
0 0.5015625 0.070703125 0.063671875 0.084375
0 0.49375 0.1828125 0.05234375 0.0671875
0 0.5390625 0.17109375 0.05859375 0.062109375