0 0.0078125 0.066796875 0.015625 0.059765625
0 0.011328125 0.242578125 0.02265625 0.053515625
0 0.09296875 0.09765625 0.065625 0.07890625
0 0.0984375 0.057421875 0.08984375 0.066015625
0 0.156640625 0.0625 0.083203125 0.059375
0 0.23125 0.06015625 0.078515625 0.06015625
0 0.327734375 0.055859375 0.080859375 0.06015625
0 0.401171875 0.05625 0.055078125 0.070703125
0 0.455859375 0.063671875 0.057421875 0.084375
0 0.40078125 0.11953125 0.054296875 0.0625
0 0.320703125 0.182421875 0.0546875 0.09609375
0 0.251953125 0.282421875 0.06484375 0.08671875
0 0.215234375 0.205078125 0.065234375 0.065234375
0 0.487890625 0.371875 0.10234375 0.062890625
0 0.595703125 0.3890625 0.058203125 0.091015625
0 0.466015625 0.263671875 0.094140625 0.073828125
0 0.555859375 0.198828125 0.062109375 0.08203125
0 0.44921875 0.21015625 0.096875 0.05625
0 0.4390625 0.158984375 0.051953125 0.069921875
0 0.47734375 0.13203125 0.058203125 0.076953125
0 0.531640625 0.15390625 0.072265625 0.069921875
0 0.587890625 0.133984375 0.05234375 0.0828125
0 0.6328125 0.08515625 0.0765625 0.0953125
0 0.7328125 0.088671875 0.071875 0.065625
0 0.57734375 0.053515625 0.076171875 0.0609375
0 0.53828125 0.09296875 0.082421875 0.062109375
0 0.985546875 0.077734375 0.02890625 0.07265625
0 0.94140625 0.140234375 0.09765625 0.072265625
0 0.894140625 0.177734375 0.073828125 0.05625
0 0.840625 0.071484375 0.074609375 0.0640625
0 0.81796875 0.112890625 0.054296875 0.090625
0 0.78515625 0.19453125 0.056640625 0.0875
0 0.834375 0.21484375 0.059375 0.08203125
0 0.860546875 0.25625 0.053515625 0.0875
0 0.906640625 0.25546875 0.06484375 0.0703125
0 0.905078125 0.3484375 0.0703125 0.06484375