0 0.96640625 0.184375 0.06171875 0.08125
0 0.918359375 0.201953125 0.064453125 0.08671875
0 0.833203125 0.1015625 0.073046875 0.08203125
0 0.8609375 0.1359375 0.06640625 0.0859375
0 0.772265625 0.171484375 0.062890625 0.08828125
0 0.70390625 0.2046875 0.08046875 0.0609375
0 0.68359375 0.098046875 0.0890625 0.0671875
0 0.655078125 0.155078125 0.077734375 0.062890625
0 0.909375 0.33828125 0.07890625 0.07578125
0 0.96171875 0.476171875 0.075 0.074609375
0 0.796875 0.50703125 0.08671875 0.075
0 0.837109375 0.62109375 0.0859375 0.0640625
0 0.810546875 0.573046875 0.074609375 0.046484375
0 0.60390625 0.634765625 0.083203125 0.057421875
0 0.590234375 0.69609375 0.06171875 0.078515625
0 0.715234375 0.870703125 0.069921875 0.055078125
0 0.578515625 0.768359375 0.090625 0.076953125
0 0.613671875 0.8140625 0.09921875 0.06796875
0 0.601953125 0.90546875 0.08046875 0.071484375
0 0.529296875 0.888671875 0.064453125 0.07890625
0 0.497265625 0.9 0.065625 0.06953125
0 0.448046875 0.881640625 0.0640625 0.078515625
0 0.4515625 0.80625 0.0703125 0.07109375
0 0.52109375 0.725390625 0.094140625 0.063671875
0 0.4984375 0.58046875 0.093359375 0.057421875
0 0.39140625 0.696484375 0.05234375 0.084375
0 0.366015625 0.77421875 0.078125 0.069921875
0 0.26484375 0.7578125 0.056640625 0.087109375
0 0.381640625 0.8984375 0.05546875 0.0859375
0 0.33046875 0.881640625 0.074609375 0.076171875
0 0.23046875 0.859375 0.08671875 0.05703125
0 0.309375 0.916796875 0.074609375 0.0765625
0 0.25234375 0.913671875 0.053515625 0.05234375
0 0.16640625 0.899609375 0.055859375 0.082421875
0 0.2015625 0.910546875 0.073046875 0.05234375
0 0.153125 0.825 0.094921875 0.05859375
0 0.138671875 0.884765625 0.05 0.068359375
0 0.06796875 0.90078125 0.03828125 0.083984375
0 0.026171875 0.89296875 0.05078125 0.08984375
0 0.11015625 0.91484375 0.076171875 0.052734375
0 0.08984375 0.867578125 0.049609375 0.058203125
0 0.11171875 0.840625 0.050390625 0.071484375
0 0.140625 0.7828125 0.056640625 0.0875
0 0.17734375 0.77109375 0.048046875 0.05625
0 0.203515625 0.755859375 0.06171875 0.086328125
0 0.21953125 0.655078125 0.09609375 0.058203125
0 0.187890625 0.683984375 0.06796875 0.07421875
0 0.06171875 0.7359375 0.076171875 0.0703125
0 0.1 0.7609375 0.0625 0.087890625
0 0.15 0.496484375 0.0703125 0.089453125
0 0.094140625 0.412890625 0.07890625 0.06484375
0 0.30234375 0.35625 0.0625 0.055859375
0 0.351953125 0.41484375 0.09453125 0.05859375
0 0.292578125 0.261328125 0.083984375 0.071875
0 0.299609375 0.16953125 0.062890625 0.08359375
0 0.072265625 0.277734375 0.078125 0.05234375
0 0.19765625 0.240625 0.083984375 0.059765625
0 0.22578125 0.287109375 0.06640625 0.0671875
0 0.02109375 0.212890625 0.0421875 0.05546875
0 0.51796875 0.1015625 0.075 0.080859375
0 0.43125 0.11796875 0.0453125 0.068359375
0 0.3890625 0.113671875 0.06640625 0.044140625
0 0.398046875 0.160546875 0.071484375 0.059765625
0 0.46328125 0.162890625 0.060546875 0.071875