0 0.52578125 0.858984375 0.072265625 0.062890625
0 0.69453125 0.747265625 0.073046875 0.064453125
0 0.701953125 0.680859375 0.071875 0.065625
0 0.448046875 0.81640625 0.06796875 0.06328125
0 0.246875 0.748828125 0.062890625 0.058203125
0 0.2375 0.869140625 0.063671875 0.07265625
0 0.227734375 0.59609375 0.046875 0.090234375
0 0.661328125 0.413671875 0.051171875 0.0734375
0 0.597265625 0.422265625 0.071484375 0.055859375
0 0.815625 0.5078125 0.06328125 0.0734375
0 0.76796875 0.655078125 0.058203125 0.061328125
0 0.674609375 0.595703125 0.082421875 0.066796875
0 0.869140625 0.611328125 0.0609375 0.071875
0 0.988671875 0.200390625 0.02265625 0.05390625
0 0.945703125 0.26796875 0.055078125 0.087109375
0 0.979296875 0.31015625 0.04140625 0.05625
0 0.9671875 0.820703125 0.065625 0.05546875
0 0.9828125 0.6546875 0.034375 0.049609375
0 0.09765625 0.446484375 0.067578125 0.081640625
0 0.0625 0.619140625 0.064453125 0.086328125