0 0.97890625 0.825390625 0.0421875 0.063671875
0 0.88984375 0.661328125 0.075 0.07109375
0 0.750390625 0.52421875 0.079296875 0.075
0 0.655859375 0.77421875 0.08671875 0.06875
0 0.848046875 0.7390625 0.05859375 0.087890625
0 0.626953125 0.62109375 0.076171875 0.08515625
0 0.86015625 0.511328125 0.07265625 0.062109375
0 0.9421875 0.525 0.048828125 0.07265625
0 0.979296875 0.550390625 0.04140625 0.07109375
0 0.936328125 0.58203125 0.06796875 0.06640625
0 0.585546875 0.88046875 0.05390625 0.0828125
0 0.6625 0.891015625 0.066796875 0.077734375
0 0.64375 0.84609375 0.045703125 0.070703125
0 0.507421875 0.845703125 0.108984375 0.103515625
0 0.42421875 0.90234375 0.09765625 0.059765625
0 0.50234375 0.89609375 0.06640625 0.053515625
0 0.522265625 0.47265625 0.0890625 0.073046875
0 0.347265625 0.596484375 0.05859375 0.101171875
0 0.435546875 0.610546875 0.078125 0.067578125
0 0.4875 0.677734375 0.0890625 0.058984375
0 0.4015625 0.733984375 0.06015625 0.08203125
0 0.4421875 0.698828125 0.036328125 0.057421875
0 0.473046875 0.733203125 0.0609375 0.071875
0 0.798828125 0.4703125 0.06796875 0.0984375
0 0.720703125 0.396875 0.084765625 0.0625
0 0.2984375 0.759375 0.080078125 0.0859375
0 0.24453125 0.728125 0.094921875 0.071875
0 0.27421875 0.62265625 0.076171875 0.071484375
0 0.29765625 0.669140625 0.08125 0.051171875
0 0.126953125 0.678515625 0.0625 0.050390625
0 0.159375 0.699609375 0.0703125 0.043359375
0 0.1921875 0.72265625 0.065625 0.06796875
0 0.102734375 0.71484375 0.04375 0.060546875
0 0.11171875 0.875 0.0390625 0.041015625
0 0.15390625 0.871484375 0.0421875 0.06953125
0 0.358984375 0.11875 0.07890625 0.07421875
0 0.425390625 0.07578125 0.05703125 0.0703125
0 0.50703125 0.0625 0.08046875 0.059765625
0 0.13359375 0.103515625 0.066015625 0.06953125
0 0.115234375 0.084375 0.053125 0.0421875
0 0.213671875 0.112109375 0.065625 0.086328125
0 0.197265625 0.19140625 0.075390625 0.073828125
0 0.116796875 0.141796875 0.06875 0.05625
0 0.108984375 0.18671875 0.057421875 0.048828125
0 0.102734375 0.30546875 0.0734375 0.0421875
0 0.098828125 0.2734375 0.0765625 0.04921875
0 0.110546875 0.234375 0.100390625 0.06484375
0 0.112109375 0.345703125 0.075390625 0.053515625
0 0.18984375 0.408203125 0.0703125 0.062890625
0 0.133203125 0.40078125 0.055078125 0.05703125
0 0.239453125 0.49921875 0.06328125 0.071484375
0 0.1828125 0.53671875 0.076171875 0.076171875
0 0.084375 0.437109375 0.0546875 0.05390625
0 0.118359375 0.44921875 0.062109375 0.04609375
0 0.1546875 0.476953125 0.076953125 0.068359375
0 0.099609375 0.490234375 0.065625 0.046875
0 0.078515625 0.47578125 0.037890625 0.0421875
0 0.07578125 0.558203125 0.05078125 0.0359375
0 0.0765625 0.528515625 0.039453125 0.05
0 0.15390625 0.75625 0.0421875 0.06328125
0 0.174609375 0.802734375 0.08984375 0.05078125
0 0.2 0.77734375 0.0609375 0.0484375
0 0.180859375 0.875 0.041015625 0.062109375
0 0.221484375 0.887109375 0.058984375 0.0625
0 0.0953125 0.84140625 0.034375 0.0375
0 0.13671875 0.84453125 0.040625 0.026953125
0 0.15 0.8171875 0.0578125 0.04765625
0 0.10234375 0.81640625 0.042578125 0.0328125
0 0.10078125 0.78984375 0.05234375 0.03203125
0 0.10859375 0.75703125 0.0625 0.04296875
0 0.150390625 0.56484375 0.08359375 0.049609375
0 0.1359375 0.596875 0.06875 0.031640625
0 0.15546875 0.6578125 0.0578125 0.041015625
0 0.08203125 0.627734375 0.04296875 0.05625
0 0.09609375 0.59609375 0.041796875 0.03828125
0 0.1234375 0.632421875 0.049609375 0.031640625
0 0.168359375 0.62578125 0.04921875 0.030078125
0 0.196875 0.66484375 0.058984375 0.0515625
0 0.134765625 0.523828125 0.06484375 0.041796875
0 0.11328125 0.563671875 0.0296875 0.0359375
0 0.371875 0.2609375 0.06328125 0.072265625
0 0.55390625 0.301171875 0.083984375 0.0796875
0 0.3453125 0.416796875 0.0671875 0.072265625
0 0.491796875 0.122265625 0.072265625 0.083984375
0 0.412109375 0.137890625 0.07109375 0.073046875
0 0.933984375 0.0703125 0.046875 0.087890625
0 0.851953125 0.07109375 0.055859375 0.080078125
0 0.8859375 0.055078125 0.044921875 0.052734375
0 0.892578125 0.102734375 0.0703125 0.055859375
0 0.659765625 0.1546875 0.055859375 0.087109375
0 0.744140625 0.15546875 0.06015625 0.073828125
0 0.608984375 0.070703125 0.06015625 0.069921875
0 0.6546875 0.078125 0.051953125 0.08359375
0 0.68828125 0.121875 0.050390625 0.078515625
0 0.707421875 0.0703125 0.066015625 0.05625
0 0.775390625 0.0921875 0.06953125 0.05703125
0 0.78671875 0.06171875 0.07109375 0.05859375
0 0.82734375 0.10390625 0.047265625 0.076171875
0 0.79609375 0.13984375 0.048046875 0.074609375
0 0.619921875 0.186328125 0.058984375 0.082421875
0 0.605078125 0.123046875 0.053515625 0.076953125
0 0.541796875 0.146484375 0.062890625 0.080078125
0 0.551171875 0.190234375 0.06171875 0.080078125
0 0.434375 0.23828125 0.05703125 0.085546875
0 0.18046875 0.082421875 0.0609375 0.051953125
0 0.887890625 0.81953125 0.076171875 0.06640625
0 0.858984375 0.859375 0.058984375 0.058203125
0 0.873828125 0.909375 0.069140625 0.055859375
0 0.762890625 0.891796875 0.078515625 0.071875
0 0.5609375 0.0734375 0.075 0.06171875
0 0.726953125 0.113671875 0.048046875 0.07890625