0 0.21796875 0.7453125 0.065625 0.0796875
0 0.29375 0.805078125 0.06640625 0.072265625
0 0.299609375 0.883984375 0.0625 0.05625
0 0.48515625 0.871484375 0.074609375 0.0625
0 0.637890625 0.794140625 0.06953125 0.056640625
0 0.71015625 0.789453125 0.066015625 0.064453125
0 0.626953125 0.87578125 0.075390625 0.05390625
0 0.65703125 0.904296875 0.04140625 0.05546875
0 0.684375 0.889453125 0.04921875 0.084765625
0 0.71796875 0.901953125 0.036328125 0.04921875
0 0.74609375 0.86484375 0.074609375 0.053125
0 0.833984375 0.898828125 0.04375 0.064453125
0 0.858984375 0.888671875 0.0515625 0.08671875
0 0.89765625 0.915234375 0.05859375 0.037109375
0 0.9109375 0.87421875 0.08125 0.065625
0 0.88671875 0.830859375 0.092578125 0.073046875