0 0.012109375 0.81171875 0.02421875 0.0578125
0 0.057421875 0.7734375 0.066015625 0.084375
0 0.061328125 0.8796875 0.069140625 0.03984375
0 0.048828125 0.8453125 0.070703125 0.063671875
0 0.12890625 0.866796875 0.07109375 0.0546875
0 0.115625 0.818359375 0.08046875 0.065234375
0 0.769921875 0.83828125 0.08828125 0.066015625
0 0.87578125 0.808984375 0.0765625 0.065625
0 0.621875 0.87109375 0.062890625 0.055078125
0 0.654296875 0.80546875 0.07734375 0.050390625
0 0.642578125 0.847265625 0.080078125 0.05625