0 0.033984375 0.1140625 0.058984375 0.053515625
0 0.208984375 0.14296875 0.0609375 0.07109375
0 0.046484375 0.254296875 0.075390625 0.06328125
0 0.18828125 0.56015625 0.08984375 0.06796875
0 0.1796875 0.73828125 0.064453125 0.053515625
0 0.164453125 0.79921875 0.057421875 0.065234375
0 0.1390625 0.853125 0.059375 0.06328125
0 0.329296875 0.876953125 0.071875 0.058984375
0 0.4515625 0.60625 0.046484375 0.090234375
0 0.60234375 0.8859375 0.0546875 0.06171875
0 0.496484375 0.894140625 0.081640625 0.06328125
0 0.805078125 0.73828125 0.076953125 0.054296875
0 0.495703125 0.61484375 0.0546875 0.0671875
0 0.761328125 0.29921875 0.06484375 0.077734375
0 0.689453125 0.13515625 0.090234375 0.066796875
0 0.967578125 0.7375 0.0640625 0.084765625