0 0.975390625 0.08828125 0.04921875 0.0796875
0 0.87890625 0.08984375 0.071484375 0.08203125
0 0.917578125 0.094921875 0.080859375 0.0890625
0 0.726953125 0.08203125 0.084765625 0.071875
0 0.658203125 0.071875 0.0859375 0.087890625
0 0.73984375 0.130859375 0.09375 0.0796875
0 0.7796875 0.151953125 0.082421875 0.05
0 0.76484375 0.180859375 0.08984375 0.055078125
0 0.6046875 0.137890625 0.0875 0.061328125
0 0.563671875 0.17578125 0.097265625 0.055859375
0 0.584765625 0.20859375 0.09296875 0.0578125
0 0.480859375 0.178515625 0.06484375 0.084375
0 0.4734375 0.12109375 0.066796875 0.063671875
0 0.42734375 0.100390625 0.061328125 0.073828125
0 0.383984375 0.117578125 0.058203125 0.09375
0 0.31953125 0.175 0.06171875 0.09140625
0 0.143359375 0.0875 0.08046875 0.057421875
0 0.05703125 0.09921875 0.078515625 0.08828125
0 0.091015625 0.156640625 0.083203125 0.096875
0 0.199609375 0.19296875 0.083984375 0.076171875
0 0.008984375 0.260546875 0.01796875 0.065625
0 0.021484375 0.3296875 0.04296875 0.09375
0 0.12421875 0.333984375 0.09375 0.055859375
0 0.5359375 0.278515625 0.08046875 0.066796875
0 0.645703125 0.262890625 0.07109375 0.075
0 0.726953125 0.336328125 0.058203125 0.088671875
0 0.968359375 0.344921875 0.06328125 0.07109375
0 0.016796875 0.479296875 0.03359375 0.057421875
0 0.05703125 0.46953125 0.08046875 0.073046875
0 0.1109375 0.468359375 0.0765625 0.091796875
0 0.203125 0.412890625 0.08671875 0.05859375
0 0.31484375 0.440234375 0.080078125 0.056640625
0 0.258203125 0.473046875 0.072265625 0.061328125
0 0.9609375 0.50546875 0.078125 0.075
0 0.894921875 0.538671875 0.095703125 0.05703125
0 0.01015625 0.58984375 0.019921875 0.05546875
0 0.063671875 0.57734375 0.08984375 0.058984375
0 0.183203125 0.521484375 0.059765625 0.085546875
0 0.07265625 0.6296875 0.088671875 0.0578125
0 0.1734375 0.615625 0.08359375 0.060546875
0 0.0078125 0.70390625 0.015625 0.0671875
0 0.06171875 0.69375 0.083203125 0.064453125
0 0.125390625 0.67734375 0.060546875 0.0828125
0 0.0734375 0.762109375 0.07421875 0.071875
0 0.02734375 0.882421875 0.054296875 0.06640625
0 0.0921875 0.899609375 0.090234375 0.069921875
0 0.17734375 0.835546875 0.076953125 0.06875
0 0.41015625 0.823046875 0.0578125 0.08125
0 0.473046875 0.878515625 0.10078125 0.06796875
0 0.56640625 0.89609375 0.075 0.058203125
0 0.633984375 0.8796875 0.0734375 0.0953125
0 0.701953125 0.79609375 0.064453125 0.09765625
0 0.7484375 0.71640625 0.08203125 0.092578125
0 0.962109375 0.7046875 0.075390625 0.067578125
0 0.96328125 0.848046875 0.073046875 0.1125
0 0.524609375 0.5546875 0.073046875 0.069921875
0 0.591015625 0.562109375 0.05546875 0.10078125
0 0.661328125 0.595703125 0.079296875 0.058203125
0 0.513671875 0.61953125 0.065625 0.077734375
0 0.505078125 0.75625 0.0953125 0.071484375