0 0.96875 0.0921875 0.062109375 0.093359375
0 0.9328125 0.274609375 0.081640625 0.06640625
0 0.969140625 0.601953125 0.06171875 0.06171875
0 0.981640625 0.748828125 0.03671875 0.0546875
0 0.89765625 0.884375 0.039453125 0.043359375
0 0.825 0.667578125 0.09140625 0.056640625
0 0.89453125 0.508203125 0.08203125 0.0703125
0 0.659375 0.35546875 0.080859375 0.055078125
0 0.434375 0.5515625 0.087109375 0.063671875
0 0.540625 0.6921875 0.084765625 0.059375
0 0.409375 0.626171875 0.063671875 0.0875
0 0.246484375 0.54609375 0.058203125 0.091796875
0 0.32734375 0.469140625 0.082421875 0.057421875
0 0.026953125 0.467578125 0.053515625 0.06015625
0 0.010546875 0.298046875 0.02109375 0.0546875
0 0.17890625 0.25859375 0.078125 0.06015625
0 0.19296875 0.830078125 0.0625 0.0828125
0 0.09921875 0.88515625 0.070703125 0.030859375
0 0.3296875 0.8984375 0.084765625 0.080078125
0 0.88359375 0.1125 0.0640625 0.074609375
0 0.830859375 0.1703125 0.060546875 0.0828125
0 0.778515625 0.1578125 0.061328125 0.0703125
0 0.6828125 0.19609375 0.06953125 0.06328125
0 0.625 0.18515625 0.0609375 0.086328125
0 0.57421875 0.187890625 0.0609375 0.080859375
0 0.5234375 0.21328125 0.048046875 0.1
0 0.47734375 0.1796875 0.051171875 0.0875
0 0.8375 0.080078125 0.053515625 0.0546875
0 0.825390625 0.12265625 0.05625 0.056640625
0 0.800390625 0.092578125 0.049609375 0.0734375
0 0.76171875 0.095703125 0.055859375 0.08671875
0 0.7109375 0.08046875 0.0515625 0.08203125
0 0.641796875 0.092578125 0.066015625 0.0796875
0 0.419140625 0.17734375 0.065234375 0.080859375
0 0.283984375 0.1765625 0.06484375 0.080859375
0 0.231640625 0.0953125 0.06796875 0.0671875
0 0.179296875 0.090234375 0.06875 0.091015625
0 0.1671875 0.150390625 0.084765625 0.069921875
0 0.09765625 0.1328125 0.06953125 0.076953125
0 0.079296875 0.081640625 0.06953125 0.055859375
0 0.134765625 0.068359375 0.05234375 0.051953125
0 0.149609375 0.108984375 0.065625 0.04921875