0 0.31796875 0.12421875 0.07734375 0.054296875
0 0.14453125 0.206640625 0.057421875 0.0796875
0 0.243359375 0.20546875 0.06875 0.072265625
0 0.333984375 0.194140625 0.08515625 0.05625
0 0.084375 0.206640625 0.061328125 0.06640625
0 0.63125 0.15625 0.0515625 0.071484375
0 0.6171875 0.228125 0.065234375 0.06875
0 0.2875 0.33984375 0.0640625 0.04765625
0 0.244921875 0.4296875 0.058984375 0.066796875
0 0.296875 0.500390625 0.05859375 0.076953125
0 0.08046875 0.594140625 0.068359375 0.06640625
0 0.49453125 0.6625 0.0625 0.07578125
0 0.45 0.796484375 0.05625 0.073046875
0 0.294140625 0.84375 0.058203125 0.06640625
0 0.103515625 0.8703125 0.066796875 0.07109375
0 0.137109375 0.794140625 0.055078125 0.083984375
0 0.07265625 0.75234375 0.077734375 0.06171875
0 0.721875 0.841015625 0.075 0.0703125
0 0.646875 0.799609375 0.078515625 0.049609375
0 0.59765625 0.859765625 0.05703125 0.05703125
0 0.6796875 0.871484375 0.0546875 0.078125
0 0.730859375 0.9046875 0.049609375 0.045703125
0 0.909765625 0.8328125 0.072265625 0.08125
0 0.845703125 0.75703125 0.076953125 0.056640625
0 0.971875 0.54609375 0.05625 0.06796875
0 0.978515625 0.327734375 0.04296875 0.04453125
0 0.876953125 0.26015625 0.07421875 0.0640625
0 0.757421875 0.125 0.057421875 0.075
0 0.808984375 0.146875 0.065625 0.0859375
0 0.01796875 0.4171875 0.0359375 0.0484375
0 0.49140625 0.84296875 0.058984375 0.07890625