0 0.980859375 0.380078125 0.03828125 0.05
0 0.808203125 0.285546875 0.060546875 0.078125
0 0.76171875 0.30625 0.06171875 0.080078125
0 0.98203125 0.5109375 0.035546875 0.051171875
0 0.465625 0.5375 0.055078125 0.079296875
0 0.601171875 0.593359375 0.058203125 0.080078125
0 0.72265625 0.859375 0.0640625 0.0640625
0 0.919140625 0.83671875 0.078125 0.071875
0 0.04921875 0.897265625 0.07109375 0.0625
0 0.290625 0.837890625 0.0671875 0.08671875
0 0.144921875 0.77421875 0.096484375 0.0546875
0 0.03671875 0.767578125 0.071875 0.079296875
0 0.126953125 0.902734375 0.084765625 0.07109375
0 0.322265625 0.902734375 0.089453125 0.064453125
0 0.474609375 0.89921875 0.066015625 0.060546875
0 0.48125 0.73515625 0.09375 0.06484375
0 0.01484375 0.521484375 0.0296875 0.04765625
0 0.165625 0.46015625 0.083984375 0.074609375
0 0.230859375 0.521875 0.08515625 0.0609375
0 0.16875 0.537109375 0.04921875 0.072265625
0 0.192578125 0.8359375 0.090625 0.0625