0 0.01640625 0.7859375 0.032421875 0.06015625
0 0.33671875 0.868359375 0.064453125 0.06015625
0 0.450390625 0.767578125 0.048046875 0.08828125
0 0.4265625 0.88984375 0.05234375 0.0671875
0 0.46328125 0.89609375 0.059375 0.0546875
0 0.508984375 0.891015625 0.056640625 0.054296875
0 0.60625 0.892578125 0.0609375 0.05703125
0 0.708203125 0.8953125 0.08125 0.062109375
0 0.73515625 0.9015625 0.064453125 0.071875
0 0.77421875 0.874609375 0.04921875 0.0734375
0 0.843359375 0.86484375 0.065625 0.054296875
0 0.819921875 0.779296875 0.070703125 0.051953125
0 0.71640625 0.719921875 0.065234375 0.048828125
0 0.729296875 0.634375 0.046875 0.076953125
0 0.6234375 0.73515625 0.064453125 0.071875
0 0.569140625 0.638671875 0.053515625 0.05859375
0 0.619140625 0.6875 0.0828125 0.044140625
0 0.934765625 0.8484375 0.0828125 0.05390625