0 0.098046875 0.1390625 0.066796875 0.08125
0 0.080859375 0.238671875 0.09921875 0.047265625
0 0.069921875 0.322265625 0.08828125 0.0515625
0 0.578125 0.224609375 0.052734375 0.072265625
0 0.491796875 0.263671875 0.050390625 0.078125
0 0.2640625 0.40703125 0.0546875 0.070703125
0 0.246484375 0.468359375 0.05546875 0.070703125
0 0.35703125 0.415625 0.0421875 0.086328125
0 0.48359375 0.4328125 0.068359375 0.070703125
0 0.406640625 0.486328125 0.066015625 0.06484375
0 0.314453125 0.50390625 0.084375 0.04765625
0 0.04921875 0.715234375 0.069140625 0.07890625
0 0.446484375 0.741796875 0.06953125 0.044921875
0 0.5328125 0.730078125 0.04375 0.07890625
0 0.423828125 0.8609375 0.067578125 0.06796875
0 0.6515625 0.8703125 0.052734375 0.088671875
0 0.721875 0.82734375 0.05546875 0.070703125
0 0.7984375 0.8796875 0.083984375 0.05234375
0 0.84453125 0.81796875 0.07578125 0.072265625