0 0.98515625 0.8234375 0.0296875 0.04375
0 0.99375 0.8875 0.0125 0.0375
0 0.98125 0.869921875 0.03125 0.04296875
0 0.96484375 0.844921875 0.0515625 0.04921875
0 0.94140625 0.887109375 0.034375 0.03828125
0 0.933984375 0.845703125 0.03984375 0.04765625
0 0.903125 0.84921875 0.04375 0.04375
0 0.90546875 0.890625 0.03125 0.04375
0 0.8703125 0.890234375 0.0296875 0.03828125
0 0.860546875 0.854296875 0.04921875 0.04453125
0 0.836328125 0.837890625 0.04296875 0.05390625
0 0.831640625 0.88515625 0.05234375 0.040625
0 0.448828125 0.846875 0.07109375 0.05
0 0.864453125 0.679296875 0.06953125 0.05390625
0 0.97109375 0.599609375 0.0578125 0.05078125
0 0.36796875 0.862109375 0.0796875 0.05546875
0 0.302734375 0.85625 0.06171875 0.0484375
0 0.275390625 0.826953125 0.07109375 0.03046875
0 0.330078125 0.712890625 0.05859375 0.03828125
0 0.25 0.847265625 0.0421875 0.03515625
0 0.37109375 0.78984375 0.0578125 0.059375
0 0.376171875 0.73203125 0.06328125 0.05
0 0.45546875 0.705859375 0.0453125 0.06328125
0 0.458984375 0.657421875 0.08671875 0.03359375
0 0.321875 0.7953125 0.053125 0.059375
0 0.276171875 0.78125 0.0515625 0.05390625
0 0.203125 0.758203125 0.05625 0.03515625
0 0.169921875 0.7671875 0.04765625 0.0421875
0 0.1765625 0.79921875 0.0640625 0.028125
0 0.1765625 0.8265625 0.0515625 0.0265625
0 0.220703125 0.86171875 0.03984375 0.0375
0 0.1875 0.87265625 0.0484375 0.0265625
0 0.19375 0.83671875 0.059765625 0.040234375
0 0.201171875 0.605078125 0.08828125 0.03828125
0 0.1921875 0.6296875 0.0671875 0.0359375
0 0.378125 0.54609375 0.05625 0.0484375
0 0.52890625 0.569921875 0.0484375 0.05390625
0 0.4875 0.531640625 0.0578125 0.03828125
0 0.428515625 0.525 0.05546875 0.0484375
0 0.428515625 0.4859375 0.07421875 0.0375
0 0.453125 0.461328125 0.0578125 0.03828125
0 0.697265625 0.468359375 0.07265625 0.04453125
0 0.833203125 0.3703125 0.05703125 0.0421875
0 0.772265625 0.35390625 0.04140625 0.05625
0 0.919140625 0.306640625 0.05078125 0.04296875
0 0.85078125 0.259765625 0.046875 0.04609375
0 0.7765625 0.24453125 0.046875 0.0578125
0 0.866796875 0.203515625 0.05078125 0.03984375
0 0.85234375 0.1484375 0.059375 0.040625
0 0.861328125 0.10078125 0.06328125 0.046875
0 0.901953125 0.09609375 0.04140625 0.0515625
0 0.675390625 0.336328125 0.05390625 0.04921875
0 0.6296875 0.371875 0.065625 0.0453125
0 0.652734375 0.41875 0.05390625 0.0421875
0 0.46484375 0.429296875 0.0546875 0.03359375
0 0.4734375 0.399609375 0.0609375 0.04140625
0 0.400390625 0.3734375 0.06640625 0.03125
0 0.6015625 0.323046875 0.040625 0.05390625
0 0.553515625 0.294140625 0.05078125 0.05703125
0 0.5390625 0.24296875 0.046875 0.0484375
0 0.605078125 0.1 0.06484375 0.065625
0 0.46796875 0.2203125 0.059375 0.0453125
0 0.46875 0.276953125 0.075 0.04765625
0 0.491015625 0.13046875 0.07890625 0.05625
0 0.44921875 0.116015625 0.046875 0.08046875
0 0.421484375 0.11171875 0.03671875 0.053125
0 0.39140625 0.102734375 0.053125 0.06328125
0 0.37421875 0.1390625 0.0453125 0.05625
0 0.35703125 0.10703125 0.04375 0.05
0 0.33203125 0.13046875 0.0328125 0.05
0 0.315234375 0.105859375 0.03671875 0.04296875
0 0.296484375 0.117578125 0.04453125 0.03671875
0 0.2953125 0.159765625 0.0515625 0.04453125
0 0.240234375 0.177734375 0.05390625 0.05703125
0 0.170703125 0.20546875 0.05078125 0.0546875
0 0.20546875 0.15859375 0.0546875 0.0390625
0 0.1671875 0.16796875 0.04375 0.046875
0 0.152734375 0.12421875 0.03515625 0.04375
0 0.180078125 0.117578125 0.02890625 0.04296875
0 0.208984375 0.10703125 0.03515625 0.0453125
0 0.240625 0.101171875 0.0265625 0.02890625
0 0.2703125 0.096484375 0.040625 0.03671875
0 0.269921875 0.133203125 0.04296875 0.04296875
0 0.244921875 0.138671875 0.04296875 0.03984375
0 0.30625 0.240234375 0.06875 0.05234375
0 0.37265625 0.27421875 0.06875 0.0453125
0 0.420703125 0.41015625 0.06015625 0.0375
0 0.380078125 0.403515625 0.05390625 0.06015625
0 0.31953125 0.41875 0.0671875 0.046875
0 0.313671875 0.359375 0.05859375 0.05625
0 0.28125 0.30078125 0.059375 0.040625
0 0.250390625 0.288671875 0.04921875 0.06796875
0 0.190625 0.347265625 0.0765625 0.06328125
0 0.25 0.434375 0.0765625 0.0390625
0 0.276171875 0.530859375 0.09453125 0.03984375
0 0.280078125 0.58203125 0.08828125 0.0625
0 0.191796875 0.534765625 0.08515625 0.03671875
0 0.232421875 0.490234375 0.08046875 0.03671875
0 0.173046875 0.4078125 0.084765625 0.048828125
0 0.1609375 0.441796875 0.078125 0.02421875
0 0.1859375 0.473828125 0.0453125 0.03828125
0 0.155078125 0.496875 0.05859375 0.0453125
0 0.144140625 0.46328125 0.04921875 0.0359375
0 0.15546875 0.51875 0.0609375 0.03125
0 0.156640625 0.5484375 0.06171875 0.0375
0 0.159765625 0.580859375 0.06640625 0.04296875
0 0.95859375 0.0921875 0.046875 0.0390625
0 0.988671875 0.105859375 0.02265625 0.04453125
0 0.966796875 0.13046875 0.06640625 0.0421875
0 0.983203125 0.163671875 0.03359375 0.04296875
0 0.992578125 0.186328125 0.01484375 0.04453125
0 0.235546875 0.797265625 0.0390625 0.05078125