0 0.788671875 0.74921875 0.054296875 0.0921875
0 0.680859375 0.673046875 0.053125 0.096484375
0 0.71015625 0.8015625 0.062890625 0.076171875
0 0.603515625 0.736328125 0.065625 0.058984375
0 0.58515625 0.7734375 0.067578125 0.059375
0 0.575390625 0.86953125 0.063671875 0.057421875
0 0.529296875 0.84296875 0.05078125 0.07265625
0 0.51171875 0.88671875 0.074609375 0.0578125
0 0.35859375 0.799609375 0.059765625 0.085546875
0 0.206640625 0.703515625 0.06875 0.10078125
0 0.022265625 0.630859375 0.044140625 0.06015625
0 0.5703125 0.4578125 0.05234375 0.079296875
0 0.774609375 0.474609375 0.0546875 0.078125
0 0.44921875 0.5125 0.085546875 0.0609375
0 0.10703125 0.266796875 0.087109375 0.05625