0 0.970703125 0.06328125 0.05859375 0.04921875
0 0.965625 0.109375 0.06875 0.05703125
0 0.978515625 0.146484375 0.04296875 0.07890625
0 0.9765625 0.24765625 0.046875 0.0515625
0 0.987890625 0.20390625 0.02421875 0.0390625
0 0.937890625 0.203125 0.083984375 0.06796875
0 0.921484375 0.14765625 0.070703125 0.08046875
0 0.944140625 0.12890625 0.05 0.071875
0 0.913671875 0.07265625 0.060546875 0.06796875
0 0.86875 0.124609375 0.075 0.079296875
0 0.862109375 0.205078125 0.0578125 0.078125
0 0.825 0.072265625 0.06484375 0.051953125
0 0.82578125 0.136328125 0.058203125 0.07265625
0 0.8203125 0.190625 0.0515625 0.068359375
0 0.82578125 0.241015625 0.055078125 0.083203125
0 0.774609375 0.244140625 0.046875 0.08828125
0 0.74375 0.21171875 0.076171875 0.05546875
0 0.787109375 0.15390625 0.055078125 0.06484375
0 0.781640625 0.096484375 0.047265625 0.0734375
0 0.7515625 0.151171875 0.05078125 0.075390625
0 0.708984375 0.151953125 0.06015625 0.071875
0 0.726171875 0.06484375 0.075390625 0.042578125
0 0.741015625 0.1046875 0.072265625 0.0453125
0 0.685546875 0.1125 0.0484375 0.068359375
0 0.661328125 0.081640625 0.062890625 0.071875
0 0.62890625 0.0765625 0.054296875 0.06015625
0 0.647265625 0.1359375 0.055078125 0.0671875
0 0.60546875 0.21640625 0.082421875 0.06015625
0 0.708203125 0.26640625 0.051171875 0.0765625
0 0.605078125 0.156640625 0.076171875 0.06796875
0 0.5921875 0.091796875 0.046484375 0.067578125
0 0.55234375 0.11484375 0.049609375 0.06953125
0 0.540625 0.0734375 0.07265625 0.049609375
0 0.50234375 0.0890625 0.03984375 0.077734375
0 0.505078125 0.1578125 0.062109375 0.0625
0 0.469140625 0.08671875 0.051171875 0.069140625
0 0.41875 0.083984375 0.060546875 0.06953125
0 0.40703125 0.118359375 0.05625 0.0765625
0 0.359375 0.11875 0.059375 0.05
0 0.351171875 0.074609375 0.06953125 0.048828125
0 0.323828125 0.115625 0.05 0.075
0 0.29765625 0.08359375 0.04921875 0.066796875
0 0.2609375 0.085546875 0.058984375 0.061328125
0 0.2265625 0.082421875 0.055859375 0.058984375
0 0.24375 0.120703125 0.08125 0.07734375
0 0.19140625 0.083984375 0.062890625 0.066015625
0 0.1484375 0.078125 0.059765625 0.055859375
0 0.241796875 0.1625 0.085546875 0.055078125
0 0.175390625 0.1234375 0.0671875 0.055859375
0 0.09296875 0.090625 0.071484375 0.053515625
0 0.03984375 0.095703125 0.05390625 0.094140625
0 0.011328125 0.087890625 0.022265625 0.088671875
0 0.232421875 0.230078125 0.073828125 0.0546875
0 0.19609375 0.1796875 0.079296875 0.052734375
0 0.14453125 0.12890625 0.059375 0.06875
0 0.080859375 0.140625 0.08359375 0.064453125
0 0.162109375 0.203125 0.05390625 0.05703125
0 0.119921875 0.175 0.07421875 0.058203125
0 0.016015625 0.151953125 0.03203125 0.03671875
0 0.0296875 0.176953125 0.059375 0.058203125
0 0.06796875 0.20390625 0.045703125 0.083203125
0 0.1078125 0.21796875 0.046484375 0.06796875
0 0.149609375 0.252734375 0.0640625 0.07265625
0 0.089453125 0.262890625 0.0703125 0.059375
0 0.0484375 0.274609375 0.0625 0.06796875
0 0.01484375 0.2703125 0.0296875 0.079296875
0 0.029296875 0.219140625 0.05859375 0.048828125
0 0.2046875 0.30078125 0.051171875 0.071484375
0 0.15546875 0.301953125 0.062890625 0.05546875
0 0.3046875 0.309765625 0.055078125 0.07578125
0 0.42734375 0.2046875 0.083203125 0.05625
0 0.6890625 0.331640625 0.06015625 0.06484375
0 0.72421875 0.4578125 0.07421875 0.0609375
0 0.616796875 0.470703125 0.0703125 0.054296875
0 0.404296875 0.42734375 0.051171875 0.083984375
0 0.042578125 0.398046875 0.071484375 0.083203125
0 0.066796875 0.43984375 0.068359375 0.06953125
0 0.06875 0.51171875 0.08203125 0.059765625
0 0.242578125 0.509765625 0.081640625 0.051953125
0 0.355859375 0.570703125 0.05390625 0.080078125
0 0.72578125 0.57109375 0.06875 0.08984375
0 0.601171875 0.619140625 0.0875 0.05703125
0 0.9078125 0.6796875 0.06015625 0.07890625
0 0.970703125 0.671484375 0.058203125 0.07421875
0 0.8984375 0.823046875 0.065625 0.095703125
0 0.591796875 0.6859375 0.071484375 0.05625
0 0.521875 0.69765625 0.071484375 0.0609375
0 0.258984375 0.7015625 0.068359375 0.077734375
0 0.109375 0.678515625 0.066796875 0.098046875
0 0.040625 0.6734375 0.08125 0.052734375
0 0.027734375 0.73984375 0.055078125 0.078125
0 0.084765625 0.784765625 0.082421875 0.0515625
0 0.0265625 0.81015625 0.053125 0.0578125
0 0.0484375 0.860546875 0.05859375 0.0703125
0 0.016796875 0.861328125 0.03359375 0.049609375
0 0.015234375 0.912890625 0.03046875 0.05390625
0 0.056640625 0.91875 0.068359375 0.04765625
0 0.094140625 0.8578125 0.0546875 0.082421875
0 0.10546875 0.9109375 0.061328125 0.055859375
0 0.1234375 0.864453125 0.03984375 0.07265625
0 0.1578125 0.84609375 0.05390625 0.082421875
0 0.146875 0.90625 0.04609375 0.0703125
0 0.187109375 0.898828125 0.051953125 0.086328125
0 0.22578125 0.9109375 0.0546875 0.0578125
0 0.2375 0.853515625 0.046484375 0.073828125
0 0.267578125 0.905078125 0.055078125 0.059765625
0 0.2859375 0.8546875 0.056640625 0.076953125
0 0.297265625 0.81484375 0.044140625 0.0703125
0 0.326171875 0.776953125 0.062890625 0.06953125
0 0.343359375 0.82421875 0.05625 0.06875
0 0.330078125 0.86796875 0.0640625 0.05625
0 0.303515625 0.91171875 0.041015625 0.06015625
0 0.351953125 0.903515625 0.06171875 0.0609375
0 0.3765625 0.842578125 0.06484375 0.057421875
0 0.3921875 0.8 0.044140625 0.07421875
0 0.434375 0.8234375 0.049609375 0.08828125
0 0.391015625 0.9015625 0.0546875 0.058203125
0 0.42890625 0.897265625 0.037890625 0.08203125
0 0.463671875 0.898046875 0.0515625 0.078125
0 0.4921875 0.85703125 0.0796875 0.05390625
0 0.496484375 0.902734375 0.059375 0.072265625
0 0.533984375 0.89765625 0.037109375 0.083984375
0 0.5671875 0.902734375 0.051953125 0.069921875
0 0.568359375 0.84765625 0.068359375 0.072265625
0 0.609375 0.90234375 0.050390625 0.065625