0 0.113671875 0.881640625 0.0671875 0.09140625
0 0.228125 0.79296875 0.081640625 0.063671875
0 0.315625 0.853515625 0.080078125 0.050390625
0 0.603515625 0.848828125 0.071875 0.073828125
0 0.705859375 0.70078125 0.078515625 0.0828125
0 0.72578125 0.665234375 0.084765625 0.055859375
0 0.711328125 0.618359375 0.090234375 0.064453125
0 0.921484375 0.755859375 0.06875 0.08125
0 0.2234375 0.5921875 0.076171875 0.056640625
0 0.008203125 0.690234375 0.016015625 0.03828125
0 0.9890625 0.584375 0.021875 0.059765625
0 0.682421875 0.513671875 0.080078125 0.062890625
0 0.26640625 0.337890625 0.085546875 0.062109375
0 0.85859375 0.28828125 0.06328125 0.064453125
0 0.977734375 0.223828125 0.04453125 0.06484375
0 0.5359375 0.12265625 0.05859375 0.08671875
0 0.444140625 0.121875 0.06953125 0.054296875
0 0.408203125 0.155859375 0.06328125 0.062109375
0 0.2515625 0.197265625 0.078515625 0.069140625