0 0.989453125 0.831640625 0.02109375 0.06015625
0 0.946875 0.76640625 0.08359375 0.078515625
0 0.905859375 0.809375 0.059765625 0.08671875
0 0.63671875 0.876953125 0.07734375 0.069921875
0 0.5765625 0.893359375 0.0796875 0.070703125
0 0.905859375 0.1515625 0.063671875 0.094140625
0 0.8546875 0.18203125 0.084375 0.068359375
0 0.763671875 0.076953125 0.055078125 0.059765625
0 0.71953125 0.09296875 0.070703125 0.062890625
0 0.691796875 0.137109375 0.07265625 0.059375
0 0.815625 0.1 0.055859375 0.04453125
0 0.85625 0.12890625 0.041796875 0.05234375
0 0.8078125 0.146484375 0.06171875 0.055078125
0 0.762109375 0.130078125 0.070703125 0.0578125
0 0.6390625 0.0921875 0.059765625 0.087109375
0 0.5765625 0.109375 0.068359375 0.07890625
0 0.41875 0.064453125 0.053515625 0.05390625
0 0.507421875 0.116796875 0.058203125 0.08125
0 0.470703125 0.08125 0.07890625 0.059375
0 0.38203125 0.088671875 0.046484375 0.0890625
0 0.426171875 0.1125 0.080859375 0.05859375
0 0.328515625 0.131640625 0.094921875 0.0828125
0 0.320703125 0.073046875 0.083203125 0.0546875
0 0.29140625 0.058203125 0.04765625 0.046484375
0 0.24921875 0.067578125 0.062890625 0.065234375
0 0.2625 0.10625 0.08125 0.06171875
0 0.162890625 0.155078125 0.0625 0.079296875
0 0.1734375 0.070703125 0.05390625 0.083984375
0 0.21171875 0.066015625 0.044921875 0.066796875
0 0.2046875 0.111328125 0.05859375 0.084375
0 0.1265625 0.11953125 0.05625 0.08515625
0 0.084765625 0.12421875 0.065234375 0.080859375
0 0.051953125 0.048046875 0.068359375 0.03984375
0 0.01875 0.066796875 0.0375 0.055078125
0 0.041796875 0.07890625 0.04765625 0.0609375
0 0.08984375 0.06796875 0.05703125 0.065234375
0 0.043359375 0.137109375 0.055859375 0.082421875
0 0.014453125 0.114453125 0.02890625 0.06953125
0 0.1203125 0.57890625 0.0953125 0.064453125
0 0.05390625 0.839453125 0.07734375 0.089453125
0 0.219921875 0.69609375 0.066796875 0.087890625
0 0.1640625 0.708984375 0.059375 0.087890625
0 0.131640625 0.730859375 0.05078125 0.090625
0 0.2640625 0.751953125 0.069140625 0.090625