0 0.90078125 0.465234375 0.065625 0.075
0 0.86953125 0.65234375 0.059375 0.083984375
0 0.6671875 0.762109375 0.041015625 0.07109375
0 0.703515625 0.867578125 0.04375 0.02421875
0 0.628125 0.866796875 0.044921875 0.06328125
0 0.517578125 0.632421875 0.060546875 0.06953125
0 0.54296875 0.694921875 0.048828125 0.06171875
0 0.5125 0.81484375 0.07421875 0.0671875
0 0.44921875 0.851171875 0.06640625 0.06171875
0 0.440625 0.89375 0.0625 0.041015625
0 0.384765625 0.896484375 0.060546875 0.05859375
0 0.376953125 0.75625 0.048828125 0.06171875
0 0.35859375 0.806640625 0.056640625 0.046875
0 0.296484375 0.81953125 0.04765625 0.064453125
0 0.33359375 0.8734375 0.04765625 0.0671875
0 0.20546875 0.84765625 0.090625 0.060546875
0 0.116796875 0.865625 0.059375 0.0265625