0 0.00859375 0.1234375 0.0171875 0.0578125
0 0.78046875 0.0609375 0.064453125 0.077734375
0 0.667578125 0.212890625 0.055859375 0.075390625
0 0.95078125 0.18515625 0.0984375 0.057421875
0 0.50390625 0.31640625 0.075 0.081640625
0 0.61796875 0.417578125 0.05390625 0.081640625
0 0.194140625 0.303125 0.052734375 0.07421875
0 0.1515625 0.346875 0.07265625 0.05
0 0.2375 0.418359375 0.06953125 0.0765625
0 0.189453125 0.575 0.08125 0.056640625
0 0.03203125 0.728515625 0.0640625 0.06171875
0 0.239453125 0.78828125 0.05703125 0.083984375
0 0.356640625 0.832421875 0.078125 0.062890625
0 0.494140625 0.86015625 0.06328125 0.0859375
0 0.5203125 0.80078125 0.058984375 0.062890625
0 0.565234375 0.7234375 0.049609375 0.078515625
0 0.6375 0.69921875 0.076171875 0.057421875
0 0.58515625 0.891015625 0.08984375 0.059765625
0 0.617578125 0.830859375 0.058984375 0.08515625
0 0.676171875 0.85 0.06875 0.057421875
0 0.784765625 0.795703125 0.055859375 0.081640625
0 0.962890625 0.81796875 0.07421875 0.056640625
0 0.8953125 0.872265625 0.065625 0.09140625
0 0.933203125 0.86015625 0.078125 0.060546875
0 0.940625 0.896875 0.073828125 0.05
0 0.971875 0.869140625 0.05625 0.06796875
0 0.755078125 0.866796875 0.06015625 0.07421875
0 0.7078125 0.893359375 0.070703125 0.053125