0 0.02265625 0.168359375 0.0453125 0.06484375
0 0.02578125 0.24375 0.051171875 0.0625
0 0.190234375 0.2796875 0.066796875 0.07421875
0 0.396875 0.13515625 0.07890625 0.05234375
0 0.5515625 0.289453125 0.06015625 0.07734375
0 0.4421875 0.350390625 0.055859375 0.077734375
0 0.39921875 0.376953125 0.05 0.090625
0 0.350390625 0.421484375 0.053125 0.091796875
0 0.255078125 0.37421875 0.084765625 0.05625
0 0.2265625 0.444140625 0.072265625 0.046484375
0 0.305078125 0.505078125 0.080859375 0.0546875
0 0.01328125 0.46953125 0.026171875 0.059765625
0 0.165234375 0.66328125 0.07734375 0.058984375
0 0.05 0.7390625 0.099609375 0.064453125
0 0.0453125 0.789453125 0.08046875 0.047265625
0 0.01328125 0.874609375 0.026171875 0.050390625
0 0.155078125 0.711328125 0.0609375 0.065234375
0 0.213671875 0.7140625 0.048046875 0.078515625
0 0.072265625 0.814453125 0.058203125 0.055859375
0 0.0765625 0.856640625 0.056640625 0.0796875
0 0.12265625 0.805859375 0.049609375 0.079296875
0 0.12109375 0.880859375 0.075 0.065625
0 0.162109375 0.808984375 0.046875 0.0796875
0 0.19921875 0.787890625 0.0546875 0.079296875
0 0.2375 0.809375 0.05078125 0.07421875
0 0.191796875 0.88203125 0.06875 0.0828125
0 0.262109375 0.880078125 0.069921875 0.099609375
0 0.321484375 0.812109375 0.087109375 0.056640625
0 0.46875 0.81484375 0.076953125 0.0609375
0 0.44296875 0.873046875 0.067578125 0.06171875
0 0.51640625 0.873046875 0.06484375 0.055078125
0 0.4375 0.675390625 0.091015625 0.04921875
0 0.522265625 0.74296875 0.06015625 0.067578125
0 0.53984375 0.7 0.08046875 0.051953125
0 0.576953125 0.76484375 0.071875 0.066796875
0 0.69140625 0.8640625 0.053515625 0.087109375
0 0.734375 0.68203125 0.056640625 0.082421875
0 0.884375 0.728515625 0.059765625 0.07109375
0 0.91171875 0.806640625 0.066015625 0.048828125
0 0.93984375 0.875390625 0.08828125 0.06015625
0 0.90390625 0.41640625 0.091015625 0.05
0 0.880859375 0.38515625 0.0765625 0.051953125
0 0.91796875 0.326953125 0.05703125 0.083984375
0 0.984765625 0.355078125 0.03046875 0.0703125
0 0.794921875 0.15 0.075390625 0.05859375
0 0.7078125 0.15078125 0.085546875 0.060546875