0 0.984375 0.778125 0.03125 0.059375
0 0.96015625 0.90234375 0.0796875 0.0875
0 0.893359375 0.84296875 0.064453125 0.081640625
0 0.686328125 0.882421875 0.05390625 0.086328125
0 0.75703125 0.872265625 0.074609375 0.072265625
0 0.69921875 0.7515625 0.07890625 0.062890625
0 0.71015625 0.81484375 0.05859375 0.06796875
0 0.530078125 0.748046875 0.112890625 0.059765625
0 0.457421875 0.79765625 0.08984375 0.062890625
0 0.15859375 0.843359375 0.074609375 0.094921875
0 0.03046875 0.50625 0.0609375 0.075
0 0.183984375 0.419140625 0.0703125 0.082421875
0 0.2015625 0.31484375 0.071484375 0.0703125
0 0.251171875 0.296875 0.06484375 0.102734375
0 0.4046875 0.513671875 0.053125 0.08359375
0 0.2625 0.476953125 0.08515625 0.07109375
0 0.259375 0.558984375 0.083984375 0.063671875
0 0.050390625 0.2265625 0.073046875 0.060546875
0 0.053125 0.16171875 0.074609375 0.06484375
0 0.024609375 0.1203125 0.04921875 0.0828125
0 0.41640625 0.12109375 0.085546875 0.055859375
0 0.8890625 0.275390625 0.058984375 0.08359375
0 0.91640625 0.08515625 0.098828125 0.083203125
0 0.9375 0.14921875 0.065625 0.069921875
0 0.97578125 0.152734375 0.048046875 0.04609375
0 0.939453125 0.19375 0.061328125 0.0640625
0 0.976171875 0.2015625 0.04765625 0.06484375
0 0.651171875 0.203515625 0.06796875 0.060546875
0 0.6203125 0.11328125 0.048046875 0.074609375
0 0.8453125 0.13046875 0.04375 0.06640625
0 0.88671875 0.142578125 0.059765625 0.08203125
0 0.865234375 0.18125 0.071875 0.058203125
0 0.804296875 0.110546875 0.048046875 0.055859375
0 0.76640625 0.111328125 0.04375 0.059375
0 0.717578125 0.101953125 0.065625 0.04296875
0 0.659375 0.115625 0.056640625 0.053515625
0 0.6890625 0.138671875 0.03984375 0.06796875
0 0.8046875 0.16796875 0.04609375 0.084375
0 0.751953125 0.165234375 0.06171875 0.065625
0 0.730859375 0.146875 0.0515625 0.05703125
0 0.65078125 0.156640625 0.054296875 0.0546875
0 0.708203125 0.194921875 0.0640625 0.055859375