0 0.298046875 0.417578125 0.09140625 0.05234375
0 0.526171875 0.208984375 0.04921875 0.07109375
0 0.578515625 0.225390625 0.05234375 0.07421875
0 0.751171875 0.78203125 0.07890625 0.046875
0 0.890625 0.750390625 0.0578125 0.06640625
0 0.76328125 0.87421875 0.0703125 0.0515625
0 0.803515625 0.86328125 0.04765625 0.06875
0 0.0578125 0.480859375 0.0578125 0.07265625
0 0.19375 0.096875 0.05625 0.06875
0 0.156640625 0.1 0.05546875 0.075
0 0.093359375 0.14140625 0.06640625 0.059375
0 0.0828125 0.09921875 0.0453125 0.04375
0 0.103125 0.076953125 0.0828125 0.05390625
0 0.126953125 0.121875 0.04765625 0.0546875
0 0.707421875 0.09921875 0.06484375 0.053125
0 0.75 0.094140625 0.053125 0.05390625
0 0.1359375 0.96015625 0.0625 0.0765625
0 0.026171875 0.943359375 0.04765625 0.08046875
0 0.066015625 0.944921875 0.05078125 0.08046875
0 0.1015625 0.942578125 0.046875 0.08515625