0 0.21484375 0.20703125 0.09609375 0.080078125
0 0.068359375 0.2171875 0.096484375 0.060546875
0 0.101953125 0.348828125 0.058203125 0.073828125
0 0.175 0.353125 0.0609375 0.079296875
0 0.566015625 0.401171875 0.075390625 0.068359375
0 0.5265625 0.56015625 0.076171875 0.04921875
0 0.378125 0.6671875 0.066796875 0.092578125
0 0.488671875 0.76640625 0.07578125 0.056640625
0 0.026953125 0.821484375 0.05390625 0.05859375
0 0.4109375 0.719140625 0.059375 0.09140625
0 0.773046875 0.683984375 0.0875 0.068359375
0 0.8078125 0.7328125 0.06875 0.053125
0 0.94609375 0.846875 0.085546875 0.064453125