0 0.103515625 0.1125 0.059375 0.062890625
0 0.043359375 0.162109375 0.054296875 0.093359375
0 0.01640625 0.1703125 0.0328125 0.0890625
0 0.0359375 0.56484375 0.071875 0.078515625
0 0.033984375 0.6484375 0.0640625 0.0609375
0 0.02265625 0.69609375 0.0453125 0.0546875
0 0.083984375 0.651171875 0.07265625 0.062109375
0 0.118359375 0.6265625 0.07578125 0.06171875
0 0.1375 0.716015625 0.08046875 0.077734375
0 0.112109375 0.7875 0.059765625 0.07734375
0 0.202734375 0.728125 0.097265625 0.0640625
0 0.299609375 0.717578125 0.061328125 0.076953125
0 0.557421875 0.687890625 0.078125 0.05859375
0 0.554296875 0.779296875 0.064453125 0.069921875
0 0.51796875 0.78671875 0.05625 0.076953125
0 0.893359375 0.655078125 0.073046875 0.065625
0 0.706640625 0.87578125 0.080859375 0.06015625
0 0.641015625 0.85546875 0.067578125 0.080078125
0 0.608203125 0.866015625 0.083203125 0.05625