0 0.0359375 0.774609375 0.071484375 0.091796875
0 0.247265625 0.245703125 0.073828125 0.080078125
0 0.12890625 0.077734375 0.058203125 0.091015625
0 0.17734375 0.08828125 0.0765625 0.05703125
0 0.28125 0.08125 0.073046875 0.068359375
0 0.3484375 0.122265625 0.066796875 0.06953125
0 0.32109375 0.16171875 0.075 0.073046875
0 0.23046875 0.10234375 0.055078125 0.064453125
0 0.24765625 0.1359375 0.080078125 0.0765625
0 0.6078125 0.293359375 0.075 0.065234375
0 0.5359375 0.3546875 0.06875 0.069140625
0 0.62265625 0.37890625 0.0796875 0.060546875
0 0.4796875 0.06953125 0.094140625 0.053125
0 0.459765625 0.09375 0.087109375 0.051171875
0 0.419921875 0.12578125 0.07109375 0.0625
0 0.467578125 0.1484375 0.07265625 0.05625
0 0.55546875 0.12578125 0.04921875 0.0890625
0 0.601953125 0.101953125 0.055078125 0.070703125
0 0.612109375 0.15859375 0.06015625 0.078125
0 0.66640625 0.06875 0.046875 0.06015625
0 0.644921875 0.096484375 0.051171875 0.0859375
0 0.696484375 0.104296875 0.065234375 0.062890625
0 0.49375 0.172265625 0.0765625 0.0640625
0 0.533203125 0.19140625 0.065625 0.078515625
0 0.39140625 0.1921875 0.00625 0.000390625
0 0.79375 0.09453125 0.077734375 0.05078125
0 0.749609375 0.12734375 0.057421875 0.0578125
0 0.738671875 0.183984375 0.06875 0.082421875
0 0.79921875 0.149609375 0.07265625 0.067578125
0 0.846875 0.17734375 0.05703125 0.09765625
0 0.971484375 0.0546875 0.052734375 0.082421875
0 0.96796875 0.115625 0.0640625 0.05546875
0 0.93359375 0.121484375 0.0484375 0.08984375
0 0.88046875 0.0703125 0.05703125 0.0640625
0 0.826171875 0.07265625 0.06796875 0.069140625
0 0.921484375 0.069921875 0.047265625 0.0546875
0 0.846875 0.122265625 0.070703125 0.0546875
0 0.906640625 0.137890625 0.068359375 0.081640625
0 0.480859375 0.763671875 0.075 0.06875
0 0.46640625 0.88359375 0.08125 0.07734375
0 0.518359375 0.848046875 0.07578125 0.071875
0 0.5796875 0.88203125 0.058984375 0.073046875
0 0.53828125 0.873046875 0.04375 0.08359375
0 0.622265625 0.84140625 0.077734375 0.062109375
0 0.725 0.84375 0.07578125 0.08828125
0 0.69140625 0.8578125 0.071484375 0.09453125
0 0.625390625 0.890234375 0.068359375 0.05546875
0 0.969140625 0.834765625 0.061328125 0.068359375
0 0.008203125 0.202734375 0.01640625 0.061328125