0 0.226171875 0.0875 0.066015625 0.098046875
0 0.38671875 0.0578125 0.08046875 0.050390625
0 0.337890625 0.101953125 0.051953125 0.073046875
0 0.438671875 0.1046875 0.05625 0.053515625
0 0.4234375 0.14375 0.06953125 0.073046875
0 0.384765625 0.105859375 0.05703125 0.066796875
0 0.155078125 0.340625 0.090625 0.06953125
0 0.15 0.4671875 0.08515625 0.051171875
0 0.05703125 0.56953125 0.06796875 0.08046875
0 0.016796875 0.573828125 0.03359375 0.05703125
0 0.026171875 0.813671875 0.05234375 0.087109375
0 0.0921875 0.8484375 0.101171875 0.058984375
0 0.176171875 0.849609375 0.063671875 0.07109375
0 0.234375 0.6734375 0.075 0.059765625
0 0.524609375 0.83984375 0.0609375 0.076171875
0 0.536328125 0.785546875 0.05859375 0.075390625
0 0.643359375 0.88671875 0.069921875 0.065625
0 0.890625 0.662109375 0.075390625 0.05859375
0 0.9171875 0.719140625 0.0625 0.076953125
0 0.886328125 0.155859375 0.083984375 0.08359375
0 0.83125 0.103125 0.089453125 0.065625
0 0.762109375 0.073828125 0.055859375 0.0765625
0 0.696484375 0.07890625 0.075 0.059765625
0 0.708203125 0.13515625 0.08125 0.055859375