0 0.980078125 0.103125 0.03984375 0.05625
0 0.81953125 0.156640625 0.050390625 0.078515625
0 0.978125 0.13984375 0.04375 0.05546875
0 0.611328125 0.485546875 0.054296875 0.06796875
0 0.68984375 0.405078125 0.07265625 0.053515625
0 0.73828125 0.462109375 0.0421875 0.0703125
0 0.6234375 0.741015625 0.061328125 0.062890625
0 0.471875 0.866015625 0.045703125 0.069921875
0 0.508203125 0.8484375 0.05 0.05546875
0 0.3796875 0.728515625 0.051953125 0.076171875
0 0.428515625 0.723046875 0.04375 0.069140625
0 0.2546875 0.853125 0.062109375 0.0703125
0 0.233203125 0.7453125 0.063671875 0.052734375
0 0.024609375 0.764453125 0.04921875 0.06015625
0 0.10390625 0.88046875 0.06875 0.07421875
0 0.073046875 0.855859375 0.06796875 0.053515625
0 0.02734375 0.826171875 0.0546875 0.0578125
0 0.022265625 0.878125 0.044140625 0.060546875
0 0.04765625 0.6390625 0.055859375 0.0671875
0 0.090625 0.4921875 0.078515625 0.05625
0 0.1984375 0.177734375 0.062890625 0.058203125
0 0.375390625 0.447265625 0.06015625 0.05625
0 0.41875 0.492578125 0.0640625 0.06015625