0 0.52578125 0.259375 0.083203125 0.0625
0 0.00859375 0.374609375 0.0171875 0.0375
0 0.502734375 0.471484375 0.087890625 0.0640625
0 0.52109375 0.43515625 0.06484375 0.0796875
0 0.2828125 0.584375 0.0625 0.083203125
0 0.035546875 0.65859375 0.070703125 0.08984375
0 0.1515625 0.7234375 0.06953125 0.094140625
0 0.044921875 0.88515625 0.089453125 0.02578125
0 0.164453125 0.8609375 0.091796875 0.062890625
0 0.2625 0.861328125 0.09609375 0.072265625
0 0.377734375 0.819921875 0.064453125 0.102734375
0 0.966796875 0.8140625 0.06640625 0.075
0 0.965625 0.70390625 0.06875 0.075
0 0.947265625 0.646484375 0.06953125 0.06796875
0 0.91015625 0.67421875 0.0671875 0.08203125
0 0.8046875 0.560546875 0.06328125 0.08125
0 0.7765625 0.70390625 0.0671875 0.08125
0 0.7390625 0.887890625 0.076171875 0.06328125
0 0.65546875 0.8828125 0.059765625 0.102734375
0 0.61640625 0.71796875 0.0875 0.087890625
0 0.564453125 0.7546875 0.061328125 0.083203125
0 0.61484375 0.787109375 0.060546875 0.094921875
0 0.51953125 0.78828125 0.07578125 0.07265625
0 0.562890625 0.8125 0.077734375 0.047265625
0 0.544921875 0.840234375 0.0734375 0.047265625
0 0.580078125 0.859375 0.090625 0.055859375
0 0.534765625 0.904296875 0.057421875 0.06640625
0 0.583203125 0.908984375 0.06953125 0.059765625
0 0.48125 0.907421875 0.079296875 0.053125
0 0.48671875 0.858984375 0.08125 0.055078125
0 0.416796875 0.874609375 0.07109375 0.093359375
0 0.298828125 0.912890625 0.034765625 0.073828125
0 0.386328125 0.898828125 0.05546875 0.065234375
0 0.333984375 0.895703125 0.06484375 0.08671875
0 0.98828125 0.16015625 0.0234375 0.0703125
0 0.971484375 0.16171875 0.04140625 0.08984375
0 0.9875 0.091015625 0.025 0.08359375
0 0.96875 0.0859375 0.05 0.08046875
0 0.94140625 0.0875 0.0515625 0.080859375
0 0.92421875 0.126171875 0.05625 0.063671875
0 0.930859375 0.173046875 0.07265625 0.0984375
0 0.910546875 0.083984375 0.06484375 0.056640625
0 0.850390625 0.080078125 0.0703125 0.065625
0 0.87890625 0.1125 0.062890625 0.06640625
0 0.875 0.1625 0.065625 0.06484375
0 0.853125 0.186328125 0.059375 0.08359375
0 0.809375 0.19375 0.06875 0.103125
0 0.834375 0.1296875 0.076171875 0.059765625
0 0.80234375 0.093359375 0.04921875 0.0703125
0 0.76171875 0.087890625 0.064453125 0.075
0 0.787890625 0.142578125 0.050390625 0.077734375
0 0.7703125 0.18515625 0.0515625 0.10390625
0 0.72265625 0.1953125 0.06640625 0.065625
0 0.751171875 0.133203125 0.046484375 0.0859375
0 0.715234375 0.137109375 0.05 0.081640625
0 0.712890625 0.0796875 0.059375 0.081640625
0 0.678515625 0.0953125 0.0546875 0.075390625
0 0.66953125 0.14765625 0.068359375 0.067578125
0 0.654296875 0.19296875 0.08359375 0.0703125
0 0.6125 0.134375 0.075390625 0.06875
0 0.626953125 0.087890625 0.06484375 0.06015625
0 0.58046875 0.0859375 0.0609375 0.07734375
0 0.52421875 0.09296875 0.0703125 0.078515625
0 0.488671875 0.101171875 0.057421875 0.07890625
0 0.435546875 0.076171875 0.087109375 0.063671875
0 0.369921875 0.105859375 0.062890625 0.092578125
0 0.395703125 0.189453125 0.09140625 0.097265625
0 0.4796875 0.21328125 0.0625 0.086328125
0 0.477734375 0.14375 0.07109375 0.05390625
0 0.4234375 0.13515625 0.08046875 0.07734375
0 0.3078125 0.1515625 0.066796875 0.09453125
0 0.26484375 0.16875 0.053125 0.090234375
0 0.21328125 0.23125 0.06953125 0.065234375
0 0.22109375 0.18359375 0.073828125 0.055859375
0 0.29453125 0.0875 0.071875 0.0640625
0 0.24296875 0.123046875 0.068359375 0.062890625
0 0.244140625 0.076953125 0.058984375 0.060546875
0 0.202734375 0.08203125 0.058984375 0.08046875
0 0.200390625 0.135546875 0.06015625 0.08203125
0 0.156640625 0.1734375 0.058984375 0.0828125
0 0.109765625 0.206640625 0.09609375 0.1078125
0 0.057421875 0.265234375 0.055859375 0.089453125
0 0.019140625 0.239453125 0.03828125 0.06796875
0 0.03984375 0.21484375 0.079296875 0.068359375
0 0.05078125 0.18046875 0.0671875 0.071875
0 0.151953125 0.10546875 0.055078125 0.07890625
0 0.163671875 0.044921875 0.08515625 0.089453125
0 0.09765625 0.134765625 0.07890625 0.06796875
0 0.101953125 0.091796875 0.06796875 0.065625
0 0.02890625 0.12578125 0.057421875 0.06640625
0 0.042578125 0.09296875 0.0671875 0.083203125
0 0.016796875 0.062890625 0.03359375 0.05859375