0 0.908203125 0.7609375 0.080859375 0.058984375
0 0.91171875 0.80234375 0.0796875 0.045703125
0 0.717578125 0.8765625 0.0546875 0.0875
0 0.53359375 0.844140625 0.071875 0.066796875
0 0.59453125 0.851953125 0.07421875 0.065625
0 0.142578125 0.886328125 0.07109375 0.07421875
0 0.103125 0.80859375 0.073046875 0.082421875
0 0.01875 0.6875 0.037109375 0.07890625
0 0.1625 0.7703125 0.058203125 0.08671875
0 0.224609375 0.752734375 0.078515625 0.05390625
0 0.294140625 0.8109375 0.052734375 0.08125
0 0.210546875 0.8296875 0.069921875 0.051171875
0 0.23359375 0.80390625 0.08203125 0.050390625
0 0.203515625 0.7890625 0.062890625 0.03984375