0 0.45078125 0.178515625 0.09140625 0.06953125
0 0.478515625 0.386328125 0.075 0.086328125
0 0.025390625 0.482421875 0.05078125 0.089453125
0 0.035546875 0.653515625 0.070703125 0.055078125
0 0.042578125 0.622265625 0.064453125 0.07265625
0 0.082421875 0.815625 0.059375 0.08671875
0 0.12421875 0.848828125 0.049609375 0.072265625
0 0.27421875 0.9015625 0.06953125 0.06328125
0 0.364453125 0.78828125 0.0640625 0.08671875
0 0.4140625 0.778125 0.06484375 0.080859375
0 0.508203125 0.77734375 0.05703125 0.084765625
0 0.66640625 0.8203125 0.06328125 0.0953125
0 0.759765625 0.8921875 0.06875 0.073828125
0 0.812109375 0.91953125 0.071875 0.058203125
0 0.945703125 0.915625 0.082421875 0.049609375
0 0.946484375 0.86171875 0.08515625 0.072265625
0 0.921875 0.940234375 0.09921875 0.053515625
0 0.0234375 0.936328125 0.04609375 0.06796875
0 0.0109375 0.970703125 0.021875 0.02578125
0 0.052734375 0.917578125 0.051953125 0.06640625
0 0.103125 0.896875 0.0671875 0.06171875
0 0.085546875 0.943359375 0.076171875 0.048046875