0 0.873046875 0.69140625 0.07890625 0.03515625
0 0.771484375 0.290234375 0.05703125 0.076953125
0 0.655859375 0.348828125 0.06640625 0.062890625
0 0.07421875 0.5125 0.08125 0.099609375
0 0.054296875 0.613671875 0.06328125 0.076171875
0 0.1 0.6828125 0.060546875 0.07109375
0 0.15546875 0.68203125 0.0671875 0.059765625
0 0.208984375 0.700390625 0.068359375 0.062109375
0 0.273046875 0.615625 0.08359375 0.05859375
0 0.36953125 0.66953125 0.080078125 0.066015625
0 0.269921875 0.7265625 0.06328125 0.07734375
0 0.287109375 0.7875 0.0796875 0.066015625
0 0.266015625 0.84609375 0.07109375 0.0734375
0 0.353125 0.81875 0.06171875 0.09921875
0 0.369140625 0.87890625 0.056640625 0.075
0 0.4046875 0.868359375 0.060546875 0.082421875
0 0.42890625 0.845703125 0.040234375 0.07578125
0 0.451171875 0.808984375 0.055078125 0.069921875
0 0.476953125 0.84609375 0.05625 0.069140625
0 0.5171875 0.844921875 0.06171875 0.05859375
0 0.498046875 0.88671875 0.084375 0.055078125
0 0.59765625 0.85859375 0.051171875 0.078125
0 0.633203125 0.81953125 0.05 0.071875
0 0.728515625 0.836328125 0.046875 0.068359375
0 0.731640625 0.88828125 0.044921875 0.061328125
0 0.6984375 0.871875 0.05078125 0.084765625
0 0.6796875 0.853125 0.0484375 0.064453125
0 0.637890625 0.88046875 0.0765625 0.0609375
0 0.626953125 0.123046875 0.053125 0.07734375
0 0.588671875 0.1359375 0.048828125 0.078125
0 0.523828125 0.26171875 0.0671875 0.071875
0 0.526953125 0.165234375 0.059765625 0.07734375
0 0.455859375 0.178515625 0.0734375 0.06796875
0 0.53046875 0.111328125 0.091796875 0.059765625
0 0.468359375 0.125390625 0.055859375 0.059765625
0 0.427734375 0.1515625 0.04375 0.0765625
0 0.389453125 0.14765625 0.047265625 0.080859375
0 0.35390625 0.178125 0.07578125 0.059375
0 0.280859375 0.18046875 0.074609375 0.0546875
0 0.124609375 0.22578125 0.05390625 0.075
0 0.4484375 0.101171875 0.07421875 0.05390625
0 0.40546875 0.09921875 0.051953125 0.0578125
0 0.360546875 0.097265625 0.054296875 0.059765625
0 0.3421875 0.133203125 0.04921875 0.06640625
0 0.313671875 0.107421875 0.063671875 0.074609375
0 0.2703125 0.111328125 0.049609375 0.06328125
0 0.2609375 0.133984375 0.0625 0.06328125
0 0.220703125 0.10546875 0.04921875 0.0546875
0 0.227734375 0.160546875 0.051953125 0.07578125
0 0.193359375 0.14140625 0.060546875 0.06875
0 0.177734375 0.111328125 0.056640625 0.074609375
0 0.141015625 0.129296875 0.062109375 0.087109375
0 0.097265625 0.125390625 0.048046875 0.07265625
0 0.07109375 0.19140625 0.064453125 0.066796875
0 0.03828125 0.190234375 0.04375 0.061328125
0 0.0140625 0.182421875 0.028125 0.056640625
0 0.07265625 0.1125 0.050390625 0.066796875
0 0.036328125 0.139453125 0.07265625 0.057421875
0 0.0328125 0.106640625 0.05 0.059765625
0 0.01015625 0.10390625 0.0203125 0.0578125