0 0.984375 0.130078125 0.03125 0.06015625
0 0.957421875 0.091796875 0.02421875 0.03984375
0 0.937109375 0.1046875 0.03046875 0.040625
0 0.909765625 0.10390625 0.03046875 0.071875
0 0.889453125 0.105859375 0.03671875 0.05546875
0 0.861328125 0.099609375 0.02421875 0.04921875
0 0.834375 0.094921875 0.0375 0.05859375
0 0.803125 0.101171875 0.0375 0.05703125
0 0.841796875 0.14453125 0.07109375 0.0421875
0 0.878125 0.16953125 0.046875 0.046875
0 0.848828125 0.212109375 0.05859375 0.05859375
0 0.77890625 0.19453125 0.0546875 0.059375
0 0.761328125 0.112109375 0.02890625 0.05859375
0 0.73125 0.100390625 0.028125 0.05546875
0 0.561328125 0.11015625 0.03515625 0.0546875
0 0.5171875 0.112109375 0.0328125 0.06015625
0 0.4859375 0.097265625 0.0453125 0.04765625
0 0.433203125 0.096484375 0.05390625 0.05078125
0 0.470703125 0.1453125 0.05390625 0.0625
0 0.511328125 0.20234375 0.05703125 0.046875
0 0.3546875 0.09765625 0.059375 0.0375
0 0.3078125 0.12265625 0.0453125 0.065625
0 0.26875 0.12265625 0.040625 0.059375
0 0.2234375 0.103125 0.0625 0.0359375
0 0.21796875 0.1296875 0.0515625 0.0515625
0 0.179296875 0.13359375 0.05546875 0.0484375
0 0.191796875 0.17578125 0.04921875 0.0375
0 0.175390625 0.190234375 0.04609375 0.05078125
0 0.63046875 0.290234375 0.0515625 0.05234375
0 0.748046875 0.324609375 0.05078125 0.06640625
0 0.619921875 0.387109375 0.05703125 0.04140625
0 0.578515625 0.443359375 0.03984375 0.06484375
0 0.527734375 0.407421875 0.04140625 0.05078125
0 0.358984375 0.2875 0.06796875 0.04375
0 0.302734375 0.336328125 0.05859375 0.05859375
0 0.25234375 0.338671875 0.0640625 0.03359375
0 0.160546875 0.305078125 0.04765625 0.06015625
0 0.747265625 0.47265625 0.06015625 0.0515625
0 0.906640625 0.57734375 0.06484375 0.0515625
0 0.74296875 0.521875 0.0609375 0.0453125
0 0.69375 0.539453125 0.0328125 0.06796875
0 0.821484375 0.624609375 0.04453125 0.06171875
0 0.429296875 0.3828125 0.05859375 0.0484375
0 0.315625 0.439453125 0.08125 0.04140625
0 0.271484375 0.430078125 0.06328125 0.03515625
0 0.21796875 0.3875 0.0515625 0.0421875
0 0.154296875 0.42421875 0.025390625 0.05390625
0 0.17421875 0.387109375 0.0421875 0.05078125
0 0.14296875 0.38046875 0.0453125 0.05625
0 0.1796875 0.43359375 0.043359375 0.05
0 0.23828125 0.476953125 0.065625 0.03828125
0 0.283203125 0.56015625 0.08359375 0.0390625
0 0.208984375 0.50703125 0.04453125 0.05
0 0.5546875 0.600390625 0.04375 0.07421875
0 0.512109375 0.634375 0.05078125 0.040625
0 0.725 0.759375 0.05 0.0609375
0 0.817578125 0.851171875 0.05078125 0.04765625
0 0.85078125 0.87265625 0.0625 0.0546875
0 0.7296875 0.94609375 0.05 0.05
0 0.723828125 0.874609375 0.05546875 0.04921875
0 0.680078125 0.869921875 0.03828125 0.06484375
0 0.640234375 0.87578125 0.04921875 0.0375
0 0.6296875 0.80703125 0.0421875 0.0640625
0 0.575 0.809765625 0.034375 0.06796875
0 0.49296875 0.869921875 0.0421875 0.05546875
0 0.451171875 0.846484375 0.04140625 0.06484375
0 0.515625 0.791015625 0.0578125 0.04609375
0 0.488671875 0.73671875 0.04140625 0.0453125
0 0.41640625 0.7640625 0.046875 0.05
0 0.402734375 0.711328125 0.06953125 0.04609375
0 0.3640625 0.74296875 0.0578125 0.05
0 0.339453125 0.664453125 0.05859375 0.04140625
0 0.17265625 0.481640625 0.0359375 0.04140625
0 0.144921875 0.484375 0.05390625 0.040625
0 0.148046875 0.5171875 0.07578125 0.03125
0 0.144140625 0.546875 0.06015625 0.0296875
0 0.1625 0.564453125 0.075 0.02734375
0 0.191015625 0.57890625 0.04453125 0.0421875
0 0.14375 0.587890625 0.0421875 0.02265625
0 0.259765625 0.625 0.03828125 0.0515625
0 0.225 0.635546875 0.0359375 0.04140625
0 0.20390625 0.61328125 0.0484375 0.0328125
0 0.148046875 0.61796875 0.04140625 0.0234375
0 0.28515625 0.754296875 0.0484375 0.04609375
0 0.3109375 0.704296875 0.05625 0.03359375
0 0.262890625 0.8625 0.03828125 0.0515625
0 0.228515625 0.8375 0.05859375 0.0546875
0 0.161328125 0.87578125 0.04140625 0.0359375
0 0.196484375 0.86875 0.03203125 0.034375
0 0.225 0.870703125 0.034375 0.04140625
0 0.166015625 0.837890625 0.06328125 0.03515625
0 0.25 0.787890625 0.0640625 0.03828125
0 0.23828125 0.747265625 0.040625 0.04765625
0 0.2359375 0.71015625 0.046875 0.0328125
0 0.201953125 0.748046875 0.04765625 0.05234375
0 0.1671875 0.798828125 0.0546875 0.04296875
0 0.15234375 0.77109375 0.046875 0.034375
0 0.155859375 0.733984375 0.05390625 0.05546875
0 0.159765625 0.69453125 0.04609375 0.028125
0 0.148046875 0.654296875 0.04453125 0.03984375
0 0.181640625 0.66171875 0.03984375 0.05
0 0.21015625 0.671875 0.071875 0.05
0 0.262890625 0.683984375 0.04140625 0.05546875
0 0.284765625 0.6609375 0.04296875 0.0453125