0 0.98828125 0.880859375 0.0234375 0.0640625
0 0.8859375 0.65703125 0.071875 0.0765625
0 0.690234375 0.692578125 0.080859375 0.054296875
0 0.719140625 0.85234375 0.06796875 0.067578125
0 0.569140625 0.737890625 0.0734375 0.0515625
0 0.603515625 0.8453125 0.081640625 0.057421875
0 0.07890625 0.90859375 0.06796875 0.06875
0 0.030078125 0.873046875 0.06015625 0.07734375
0 0.13203125 0.851171875 0.067578125 0.07734375
0 0.046875 0.65390625 0.06875 0.08203125
0 0.23359375 0.64296875 0.06015625 0.082421875
0 0.425390625 0.723828125 0.05390625 0.073046875
0 0.45078125 0.430078125 0.069140625 0.070703125
0 0.37109375 0.415625 0.070703125 0.05234375
0 0.1671875 0.41328125 0.09609375 0.0625
0 0.2671875 0.13046875 0.07890625 0.066796875
0 0.3296875 0.20078125 0.08515625 0.07421875
0 0.678125 0.503125 0.0734375 0.065625
0 0.98828125 0.256640625 0.0234375 0.05078125