0 0.969140625 0.829296875 0.061328125 0.076171875
0 0.855078125 0.67421875 0.0703125 0.09296875
0 0.69453125 0.8453125 0.0671875 0.08828125
0 0.627734375 0.854296875 0.06875 0.08984375
0 0.814453125 0.8796875 0.076171875 0.072265625
0 0.442578125 0.66796875 0.070703125 0.094140625
0 0.640234375 0.3796875 0.05546875 0.0984375
0 0.87421875 0.443359375 0.0828125 0.0703125
0 0.46328125 0.12890625 0.058984375 0.07421875
0 0.309765625 0.16171875 0.063671875 0.084765625
0 0.344921875 0.240234375 0.08359375 0.07890625
0 0.259765625 0.584375 0.0671875 0.093359375
0 0.098828125 0.329296875 0.098828125 0.0765625
0 0.0671875 0.47578125 0.1265625 0.0609375