0 0.47734375 0.108203125 0.051171875 0.06328125
0 0.51796875 0.124609375 0.044921875 0.076953125
0 0.709375 0.1671875 0.05703125 0.0703125
0 0.48203125 0.394140625 0.042578125 0.076953125
0 0.644140625 0.440234375 0.047265625 0.07421875
0 0.297265625 0.57109375 0.04609375 0.0828125
0 0.340234375 0.571484375 0.041015625 0.07734375
0 0.458203125 0.52109375 0.0640625 0.048828125
0 0.474609375 0.626953125 0.053515625 0.066015625
0 0.3421875 0.70078125 0.070703125 0.05859375
0 0.749609375 0.676171875 0.059375 0.058203125
0 0.447265625 0.832421875 0.069140625 0.062109375
0 0.720703125 0.82890625 0.05078125 0.06953125
0 0.2515625 0.792578125 0.06875 0.05234375
0 0.29921875 0.84765625 0.081640625 0.059765625
0 0.079296875 0.807421875 0.060546875 0.072265625
0 0.182421875 0.754296875 0.059375 0.07421875
0 0.115234375 0.661328125 0.053125 0.079296875
0 0.019921875 0.39765625 0.03984375 0.044140625
0 0.84453125 0.14453125 0.075390625 0.060546875
0 0.87265625 0.2140625 0.0578125 0.071875
0 0.761328125 0.321875 0.05859375 0.060546875
0 0.841796875 0.6765625 0.06484375 0.081640625