0 0.9640625 0.85703125 0.071484375 0.062109375
0 0.989453125 0.803515625 0.02109375 0.04453125
0 0.96484375 0.730859375 0.0703125 0.05078125
0 0.91484375 0.715625 0.04921875 0.074609375
0 0.96796875 0.554296875 0.0640625 0.051953125
0 0.916796875 0.5125 0.06171875 0.051953125
0 0.86171875 0.498828125 0.06171875 0.0578125
0 0.908984375 0.421484375 0.0640625 0.0453125
0 0.775390625 0.812890625 0.055859375 0.088671875
0 0.68125 0.883984375 0.066015625 0.06640625
0 0.69765625 0.810546875 0.067578125 0.086328125
0 0.628125 0.798828125 0.044921875 0.073046875
0 0.653125 0.709375 0.0515625 0.0671875
0 0.63359375 0.862109375 0.052734375 0.0703125
0 0.541015625 0.84765625 0.045703125 0.072265625
0 0.498046875 0.77265625 0.055078125 0.0703125
0 0.483984375 0.87421875 0.053515625 0.071484375
0 0.374609375 0.66640625 0.055078125 0.0828125
0 0.296484375 0.57734375 0.084375 0.063671875
0 0.0265625 0.362890625 0.053125 0.05859375
0 0.10390625 0.623046875 0.07109375 0.05625
0 0.035546875 0.746875 0.07109375 0.05703125
0 0.030078125 0.877734375 0.06015625 0.0703125
0 0.194140625 0.88359375 0.069140625 0.062109375
0 0.1890625 0.79296875 0.077734375 0.06484375
0 0.2703125 0.8265625 0.075 0.0578125
0 0.26171875 0.890234375 0.089453125 0.07734375
0 0.337890625 0.892578125 0.05 0.0578125
0 0.89140625 0.36953125 0.07265625 0.046484375
0 0.834375 0.45234375 0.0515625 0.0671875
0 0.800390625 0.39609375 0.054296875 0.0546875
0 0.73515625 0.397265625 0.0484375 0.05703125
0 0.248046875 0.28359375 0.0625 0.076171875