0 0.328125 0.192578125 0.085546875 0.07109375
0 0.434375 0.225 0.0765625 0.05078125
0 0.269140625 0.230859375 0.048828125 0.06015625
0 0.41171875 0.39140625 0.06328125 0.071484375
0 0.479296875 0.4125 0.078125 0.052734375
0 0.330078125 0.384765625 0.070703125 0.049609375
0 0.275390625 0.391796875 0.059375 0.069921875
0 0.253125 0.366015625 0.069140625 0.044921875
0 0.172265625 0.38203125 0.083203125 0.0484375
0 0.10703125 0.40390625 0.087109375 0.058984375
0 0.0390625 0.4953125 0.077734375 0.058203125
0 0.3109375 0.440234375 0.071875 0.07265625
0 0.387109375 0.474609375 0.06796875 0.051171875
0 0.977734375 0.628125 0.04453125 0.078125
0 0.94765625 0.61875 0.064453125 0.059765625
0 0.89765625 0.63828125 0.058984375 0.065234375
0 0.9203125 0.582421875 0.04921875 0.076171875
0 0.876953125 0.587109375 0.072265625 0.071875
0 0.768359375 0.57109375 0.071875 0.059375
0 0.752734375 0.6109375 0.072265625 0.049609375
0 0.73515625 0.6390625 0.05625 0.06171875
0 0.701953125 0.648046875 0.051953125 0.073828125
0 0.580859375 0.583984375 0.058984375 0.05234375
0 0.541015625 0.620703125 0.069921875 0.05390625
0 0.548828125 0.57265625 0.061328125 0.05625
0 0.915625 0.787109375 0.083984375 0.066015625
0 0.83828125 0.759765625 0.062890625 0.057421875
0 0.762109375 0.7140625 0.051171875 0.069140625
0 0.697265625 0.79609375 0.057421875 0.07109375
0 0.621875 0.84609375 0.053515625 0.07890625
0 0.533984375 0.74140625 0.06015625 0.07109375
0 0.43828125 0.75390625 0.042578125 0.076171875
0 0.3859375 0.694921875 0.07734375 0.05078125
0 0.24453125 0.83359375 0.0640625 0.07109375
0 0.073828125 0.820703125 0.05078125 0.078515625