0 0.987109375 0.240625 0.02578125 0.051953125
0 0.96953125 0.29296875 0.060546875 0.08203125
0 0.919140625 0.294140625 0.065234375 0.08125
0 0.842578125 0.1171875 0.056640625 0.088671875
0 0.788671875 0.113671875 0.0609375 0.08046875
0 0.75 0.136328125 0.055078125 0.090625
0 0.6859375 0.114453125 0.05859375 0.08203125
0 0.3234375 0.132421875 0.066015625 0.06640625
0 0.25 0.20078125 0.067578125 0.0828125
0 0.121875 0.30703125 0.093359375 0.060546875
0 0.136328125 0.34296875 0.0625 0.072265625
0 0.2015625 0.3515625 0.07265625 0.0671875
0 0.2734375 0.390234375 0.065234375 0.076171875
0 0.290625 0.31875 0.0640625 0.072265625
0 0.31484375 0.365625 0.059375 0.083984375
0 0.355078125 0.3890625 0.080859375 0.05703125
0 0.648046875 0.361328125 0.071875 0.075390625
0 0.792578125 0.30234375 0.068359375 0.0703125
0 0.6265625 0.430859375 0.069921875 0.06875
0 0.94140625 0.6796875 0.082421875 0.059765625
0 0.758984375 0.706640625 0.06328125 0.072265625
0 0.6671875 0.58671875 0.055078125 0.085546875
0 0.619921875 0.745703125 0.06328125 0.0828125
0 0.242578125 0.7921875 0.065234375 0.098046875
0 0.3734375 0.883203125 0.052734375 0.09453125
0 0.40859375 0.90234375 0.069921875 0.061328125
0 0.4515625 0.89296875 0.045703125 0.07734375
0 0.49609375 0.854296875 0.07578125 0.0671875
0 0.48125 0.903515625 0.05 0.0703125
0 0.52421875 0.899609375 0.055859375 0.072265625
0 0.06796875 0.809375 0.07109375 0.07890625
0 0.10234375 0.858984375 0.0875 0.06796875