0 0.962890625 0.791015625 0.07421875 0.07578125
0 0.98828125 0.894921875 0.0234375 0.05859375
0 0.866015625 0.841796875 0.08828125 0.08515625
0 0.938671875 0.85859375 0.085546875 0.0734375
0 0.9375 0.8953125 0.096875 0.068359375
0 0.631640625 0.8828125 0.078515625 0.069140625
0 0.765234375 0.817578125 0.06484375 0.087890625
0 0.743359375 0.85390625 0.0875 0.08359375
0 0.608203125 0.70546875 0.091015625 0.069921875
0 0.651171875 0.749609375 0.075 0.070703125
0 0.433984375 0.85859375 0.07890625 0.066796875
0 0.469140625 0.884375 0.082421875 0.059375
0 0.47890625 0.7171875 0.05703125 0.07890625
0 0.370703125 0.743359375 0.075390625 0.0921875
0 0.45234375 0.791015625 0.091015625 0.066796875
0 0.4484375 0.604296875 0.066015625 0.086328125
0 0.662109375 0.5125 0.077734375 0.076171875
0 0.727734375 0.5265625 0.090625 0.062890625
0 0.409765625 0.38203125 0.055859375 0.084375
0 0.422265625 0.52890625 0.087890625 0.062109375
0 0.647265625 0.38359375 0.061328125 0.082421875
0 0.4640625 0.3390625 0.0671875 0.083203125
0 0.9734375 0.406640625 0.052734375 0.09140625
0 0.89375 0.301171875 0.089453125 0.07890625
0 0.893359375 0.360546875 0.09375 0.07734375
0 0.672265625 0.276953125 0.06875 0.07890625
0 0.703125 0.1921875 0.0796875 0.076171875
0 0.814453125 0.205859375 0.086328125 0.077734375
0 0.89140625 0.1125 0.070703125 0.077734375
0 0.829296875 0.11015625 0.069921875 0.065625
0 0.918359375 0.16640625 0.090625 0.063671875
0 0.575 0.091796875 0.058984375 0.087109375
0 0.522265625 0.071875 0.063671875 0.06953125
0 0.484375 0.080078125 0.0546875 0.094921875
0 0.448046875 0.08828125 0.067578125 0.090234375
0 0.380859375 0.078125 0.08671875 0.072265625
0 0.387890625 0.162109375 0.078125 0.06875
0 0.15234375 0.073046875 0.054296875 0.096875
0 0.187109375 0.0765625 0.046875 0.084375
0 0.216015625 0.087890625 0.05234375 0.085546875
0 0.2671875 0.06875 0.0765625 0.058203125
0 0.266015625 0.09921875 0.07578125 0.037890625
0 0.27265625 0.126171875 0.09375 0.07890625
0 0.356640625 0.208984375 0.066015625 0.092578125
0 0.23203125 0.18203125 0.072265625 0.080859375
0 0.294140625 0.209375 0.080078125 0.0671875
0 0.011328125 0.116015625 0.02265625 0.06796875
0 0.04375 0.093359375 0.0875 0.06796875
0 0.03671875 0.22734375 0.069921875 0.10703125
0 0.1015625 0.35 0.09296875 0.068359375
0 0.038671875 0.642578125 0.07734375 0.062109375
0 0.032421875 0.7015625 0.06484375 0.0578125
0 0.0390625 0.75 0.077734375 0.0671875
0 0.21171875 0.779296875 0.071875 0.113671875