0 0.028515625 0.29609375 0.05546875 0.0625
0 0.140625 0.260546875 0.059375 0.09296875
0 0.275 0.229296875 0.0484375 0.08203125
0 0.392578125 0.13828125 0.05078125 0.096875
0 0.444140625 0.11875 0.07421875 0.0640625
0 0.493359375 0.146484375 0.05078125 0.06171875
0 0.5296875 0.187109375 0.08125 0.05546875
0 0.5296875 0.23828125 0.0734375 0.0640625
0 0.489453125 0.316015625 0.06171875 0.07421875
0 0.530859375 0.330859375 0.05859375 0.06640625
0 0.601953125 0.30390625 0.05078125 0.0859375
0 0.61015625 0.383203125 0.0890625 0.06015625
0 0.83828125 0.430078125 0.0875 0.04921875
0 0.804296875 0.908203125 0.07890625 0.07265625
0 0.948828125 0.9265625 0.07734375 0.0765625
0 0.071484375 0.927734375 0.07421875 0.09140625
0 0.02890625 0.93359375 0.05625 0.090625