0 0.459375 0.690625 0.087109375 0.08203125
0 0.137109375 0.735546875 0.07265625 0.071875
0 0.107421875 0.093359375 0.0375 0.042578125
0 0.122265625 0.08671875 0.028515625 0.041796875
0 0.144140625 0.08046875 0.028515625 0.040234375
0 0.16796875 0.0765625 0.03203125 0.046875
0 0.194140625 0.076171875 0.02734375 0.058984375
0 0.2203125 0.0640625 0.041796875 0.036328125
0 0.25078125 0.069140625 0.040234375 0.048046875
0 0.0984375 0.237109375 0.045703125 0.0625
0 0.102734375 0.1828125 0.04296875 0.06484375
0 0.0953125 0.11640625 0.03671875 0.062109375
0 0.089453125 0.16171875 0.044140625 0.04140625
0 0.48515625 0.08125 0.04765625 0.0828125
0 0.4453125 0.0609375 0.044921875 0.047265625
0 0.448828125 0.10546875 0.058203125 0.074609375
0 0.409765625 0.0625 0.043359375 0.06171875
0 0.42421875 0.09375 0.0390625 0.053515625
0 0.378125 0.153125 0.07109375 0.049609375
0 0.357421875 0.104296875 0.039453125 0.055078125
0 0.384375 0.11171875 0.03203125 0.049609375
0 0.35546875 0.057421875 0.035546875 0.047265625
0 0.377734375 0.05703125 0.03828125 0.05390625
0 0.31640625 0.06171875 0.062109375 0.040625
0 0.280859375 0.06953125 0.042578125 0.061328125
0 0.1125 0.136328125 0.039453125 0.037109375
0 0.140234375 0.119140625 0.0515625 0.0359375
0 0.113671875 0.190234375 0.03046875 0.044140625
0 0.17734375 0.112890625 0.038671875 0.038671875
0 0.211328125 0.095703125 0.033984375 0.044140625
0 0.235546875 0.0953125 0.040234375 0.04765625
0 0.274609375 0.118359375 0.05625 0.048828125
0 0.2859375 0.162890625 0.090234375 0.05859375
0 0.143359375 0.151171875 0.05078125 0.037890625
0 0.178125 0.158203125 0.049609375 0.041015625
0 0.0875 0.3421875 0.067578125 0.04453125
0 0.3640625 0.269921875 0.052734375 0.066015625
0 0.46796875 0.323046875 0.069921875 0.045703125
0 0.33203125 0.3140625 0.065625 0.040234375
0 0.423828125 0.40703125 0.07734375 0.049609375
0 0.36015625 0.491015625 0.046484375 0.069921875
0 0.09375 0.379296875 0.055078125 0.055078125
0 0.062109375 0.44296875 0.07578125 0.068359375
0 0.091015625 0.45625 0.06171875 0.053515625
0 0.0578125 0.500390625 0.05859375 0.052734375
0 0.08671875 0.559765625 0.051953125 0.043359375
0 0.096484375 0.604296875 0.053515625 0.0484375
0 0.335546875 0.596484375 0.087890625 0.048828125
0 0.29375 0.532421875 0.06328125 0.0546875
0 0.329296875 0.54609375 0.0703125 0.064453125
0 0.25 0.278515625 0.062109375 0.06953125
0 0.241015625 0.36484375 0.07421875 0.057421875
0 0.31953125 0.382421875 0.0515625 0.0546875
0 0.33359375 0.150390625 0.037109375 0.05625
0 0.40859375 0.11796875 0.030078125 0.055859375
0 0.328125 0.09921875 0.034375 0.042578125
0 0.311328125 0.090234375 0.033984375 0.030078125
0 0.216796875 0.13828125 0.062109375 0.062109375
0 0.246484375 0.162890625 0.06328125 0.031640625
0 0.2734375 0.1984375 0.066015625 0.04296875
0 0.1890625 0.34296875 0.06875 0.041796875
0 0.145703125 0.200390625 0.06875 0.069140625
0 0.160546875 0.4390625 0.053515625 0.050390625
0 0.206640625 0.403515625 0.08125 0.076171875
0 0.24296875 0.58203125 0.0734375 0.06171875
0 0.12734375 0.564453125 0.059765625 0.035546875
0 0.144921875 0.6 0.062109375 0.053125
0 0.196875 0.603125 0.053125 0.06015625
0 0.3953125 0.49765625 0.0546875 0.06484375
0 0.288671875 0.412109375 0.084765625 0.044140625
0 0.306640625 0.45078125 0.080078125 0.043359375
0 0.280078125 0.487109375 0.063671875 0.05078125
0 0.11171875 0.57578125 0.001171875 0.000390625
0 0.12578125 0.467578125 0.049609375 0.061328125
0 0.08359375 0.5125 0.0265625 0.046484375
0 0.111328125 0.501953125 0.0375 0.06328125
0 0.112890625 0.54140625 0.048828125 0.0328125
0 0.151171875 0.516796875 0.048828125 0.054296875
0 0.154296875 0.526171875 0.045703125 0.056640625
0 0.184375 0.555078125 0.0765625 0.04609375
0 0.208984375 0.517578125 0.084765625 0.04609375
0 0.20859375 0.441015625 0.053515625 0.055859375
0 0.2234375 0.4875 0.06484375 0.037890625
0 0.5515625 0.24765625 0.081640625 0.069921875
0 0.108984375 0.83984375 0.03125 0.058984375
0 0.134375 0.841796875 0.053515625 0.05859375
0 0.147265625 0.88515625 0.067578125 0.052734375
0 0.115234375 0.880859375 0.03671875 0.04296875
0 0.8234375 0.665625 0.064453125 0.077734375
0 0.991015625 0.82890625 0.01796875 0.0515625
0 0.940625 0.1 0.074609375 0.05390625
0 0.772265625 0.091796875 0.04765625 0.087109375
0 0.839453125 0.1328125 0.05390625 0.06875
0 0.9078125 0.137109375 0.05078125 0.07734375
0 0.95 0.153125 0.05703125 0.073828125
0 0.936328125 0.18984375 0.047265625 0.060546875
0 0.882421875 0.19140625 0.04375 0.073046875
0 0.6953125 0.0609375 0.068359375 0.058203125
0 0.72265625 0.099609375 0.071484375 0.06640625