0 0.9921875 0.0828125 0.015625 0.0421875
0 0.96484375 0.105078125 0.0703125 0.05078125
0 0.9734375 0.13671875 0.052734375 0.059375
0 0.88671875 0.142578125 0.061328125 0.073828125
0 0.671875 0.197265625 0.081640625 0.06640625
0 0.880078125 0.374609375 0.06328125 0.05625
0 0.927734375 0.3453125 0.05390625 0.078515625
0 0.5203125 0.339453125 0.065625 0.060546875
0 0.198828125 0.4296875 0.060546875 0.06953125
0 0.3375 0.19765625 0.077734375 0.052734375
0 0.28203125 0.1453125 0.08125 0.056640625
0 0.60390625 0.75625 0.050390625 0.073046875
0 0.342578125 0.83203125 0.06640625 0.050390625
0 0.240625 0.8625 0.08203125 0.06171875