0 0.016015625 0.875390625 0.03203125 0.08828125
0 0.072265625 0.73359375 0.06640625 0.080078125
0 0.243359375 0.71171875 0.084375 0.053515625
0 0.146484375 0.757421875 0.0609375 0.082421875
0 0.118359375 0.79765625 0.05625 0.084765625
0 0.066015625 0.86875 0.066015625 0.0953125
0 0.246484375 0.83125 0.055078125 0.07734375
0 0.178125 0.83984375 0.0765625 0.075390625
0 0.1421875 0.895703125 0.07578125 0.067578125
0 0.2203125 0.89609375 0.06171875 0.082421875
0 0.296484375 0.89921875 0.065625 0.08203125
0 0.358203125 0.901171875 0.05234375 0.078515625
0 0.540625 0.90546875 0.084765625 0.06796875
0 0.396484375 0.855859375 0.05546875 0.0765625
0 0.43828125 0.840625 0.051953125 0.066015625
0 0.401953125 0.91171875 0.055078125 0.063671875
0 0.4515625 0.882421875 0.0578125 0.071484375
0 0.453515625 0.926953125 0.053125 0.055078125
0 0.4984375 0.92109375 0.0578125 0.0671875
0 0.49375 0.869921875 0.053125 0.04765625
0 0.856640625 0.70078125 0.07734375 0.089453125
0 0.7421875 0.789453125 0.059375 0.09765625
0 0.04765625 0.41328125 0.06875 0.09453125
0 0.16796875 0.336328125 0.090625 0.058984375
0 0.183984375 0.466015625 0.0625 0.103125
0 0.547265625 0.523046875 0.068359375 0.09375
0 0.336328125 0.5203125 0.0671875 0.08125
0 0.26015625 0.339453125 0.077734375 0.06640625
0 0.26015625 0.508984375 0.082421875 0.062890625
0 0.425 0.0984375 0.065234375 0.082421875
0 0.4078125 0.1421875 0.056640625 0.083984375
0 0.100390625 0.19921875 0.063671875 0.09765625
0 0.06953125 0.16015625 0.0796875 0.076171875
0 0.036328125 0.1421875 0.063671875 0.0890625
0 0.012109375 0.108984375 0.02421875 0.064453125
0 0.038671875 0.087109375 0.076953125 0.06171875
0 0.332421875 0.08984375 0.08671875 0.062109375
0 0.366796875 0.116015625 0.058203125 0.08515625
0 0.992578125 0.173046875 0.01484375 0.06640625
0 0.993359375 0.108984375 0.01328125 0.04921875
0 0.95859375 0.071875 0.071875 0.0609375
0 0.958984375 0.13984375 0.06875 0.087890625
0 0.936328125 0.20625 0.06953125 0.06484375
0 0.782421875 0.26484375 0.075390625 0.06484375
0 0.717578125 0.295703125 0.068359375 0.071484375
0 0.75703125 0.22578125 0.073046875 0.077734375
0 0.7859375 0.130078125 0.07109375 0.077734375
0 0.6890625 0.13125 0.051953125 0.079296875
0 0.66796875 0.077734375 0.086328125 0.059375