0 0.026171875 0.3109375 0.048046875 0.0734375
0 0.1109375 0.33046875 0.053515625 0.065625
0 0.102734375 0.396875 0.0515625 0.046484375
0 0.076171875 0.4515625 0.09921875 0.04140625
0 0.08828125 0.514453125 0.064453125 0.03515625
0 0.01875 0.49921875 0.0375 0.039453125
0 0.125390625 0.649609375 0.05625 0.052734375
0 0.16953125 0.7015625 0.063671875 0.052734375
0 0.303125 0.5328125 0.068359375 0.04296875
0 0.352734375 0.4890625 0.0515625 0.06015625
0 0.381640625 0.361328125 0.061328125 0.059375
0 0.40703125 0.4265625 0.0421875 0.060546875
0 0.458984375 0.5921875 0.08359375 0.052734375
0 0.61640625 0.595703125 0.080078125 0.04921875
0 0.473828125 0.356640625 0.04375 0.065625
0 0.671484375 0.115625 0.075 0.078125
0 0.77265625 0.13125 0.055078125 0.06796875
0 0.880078125 0.27890625 0.06015625 0.071484375
0 0.85546875 0.327734375 0.053125 0.06015625
0 0.926953125 0.32734375 0.06484375 0.064453125
0 0.81015625 0.74453125 0.053515625 0.08125
0 0.731640625 0.84609375 0.04921875 0.05546875
0 0.676953125 0.801171875 0.06015625 0.058984375
0 0.591796875 0.695703125 0.077734375 0.040625
0 0.746875 0.710546875 0.048828125 0.069921875
0 0.743359375 0.762109375 0.062890625 0.0609375
0 0.66640625 0.67578125 0.075 0.052734375
0 0.61953125 0.736328125 0.06015625 0.055078125
0 0.217578125 0.362890625 0.055859375 0.07265625