0 0.016015625 0.527734375 0.03203125 0.071484375
0 0.01484375 0.62265625 0.0296875 0.063671875
0 0.02109375 0.745703125 0.0421875 0.05703125
0 0.11953125 0.84375 0.095703125 0.04375
0 0.284375 0.683984375 0.0671875 0.05078125
0 0.445703125 0.2203125 0.061328125 0.07421875
0 0.544140625 0.34453125 0.059375 0.072265625
0 0.7828125 0.34296875 0.092578125 0.054296875
0 0.9796875 0.200390625 0.040625 0.086328125
0 0.581640625 0.54609375 0.05234375 0.075
0 0.649609375 0.60390625 0.062109375 0.070703125
0 0.629296875 0.71640625 0.06640625 0.061328125
0 0.825390625 0.529296875 0.04921875 0.077734375
0 0.916015625 0.56484375 0.04375 0.065625
0 0.972265625 0.592578125 0.051953125 0.069140625
0 0.971875 0.646875 0.05625 0.046484375
0 0.952734375 0.73046875 0.049609375 0.07890625
0 0.9125 0.858984375 0.05703125 0.06015625